#  k  (h/Mpc)          P(k)  (Mpc/h)^3     P_linear(k) (Mpc/h)^3
      0.0200456         25259.9         25921.9 
      0.0350414           18500           19540 
      0.0492313         14306.4         14762.2 
      0.0637834         12484.5         12331.2 
      0.0800726         9718.18         9629.35 
       0.096163         6823.79         7128.01 
       0.111083         5644.54         5885.24 
       0.126058         5178.13         5185.14 
       0.142273         4419.16         4266.22 
       0.158546         3969.35         3420.86 
        0.17375         3230.29         2981.61 
       0.188953         3162.87         2681.23 
       0.204907         2957.76         2309.28 
       0.220756         2587.68         1967.89 
        0.23588         2336.33         1757.23 
         0.2514         2050.91         1596.09 
       0.267535         2059.93         1416.18 
       0.283568         1870.63         1250.03 
       0.299022         1781.51         1132.49 
       0.314451         1698.65         1038.08 
       0.330372          1554.4         941.704 
       0.346141         1527.21         852.939 
       0.361624         1468.16         782.172 
       0.377134         1373.93         722.445 
       0.392932         1318.38         665.117 
       0.408854         1299.61         611.529 
       0.424564         1198.24         565.979 
       0.440253         1175.02         526.271 
       0.455999         1157.42         489.458 
       0.471626         1113.84         455.728 
        0.48727         1073.49         425.479 
       0.502856         1033.82         398.507 
       0.518488         1036.06         373.636 
       0.534347         971.976         350.317 
       0.550082         959.496         329.212 
       0.565732         945.899         310.089 
       0.581496         904.095         292.342 
       0.597222         882.012         275.949 
       0.612804         871.426         260.941 
       0.628434         849.742          247.06 
       0.644267         828.518          234.04 
       0.660051         811.282         221.988 
       0.675724         803.001         210.855 
       0.691403         780.144         200.478 
       0.707174         754.937         190.743 
       0.722871         740.075         181.695 
        0.73838         727.878         173.332 
       0.754018          717.63         165.433 
       0.769845         704.977          157.94 
        0.78569          695.16         150.907 
       0.801365         675.573         144.371 
       0.817031         664.611         138.229 
       0.832809         655.667         132.406 
       0.848511         641.636         126.946 
       0.864097         621.509         121.833 
       0.879701         613.121         116.997 
       0.895507         612.503         112.367 
       0.911279         599.694         107.998 
        0.92691         590.674         103.899 
       0.942635         573.614         99.9903 
       0.958396         561.887         96.2752 
       0.974128          556.83         92.7562 
       0.989692         551.451         89.4484 
        1.00528         532.784         86.2975 
        1.02113         531.903         83.2495 
        1.03692         519.978         80.3605 
        1.05264          512.71         77.6224 
        1.06832         501.238         75.0164 
        1.08405         495.778         72.5236 
        1.09979         488.425         70.1429 
        1.11537          481.19          67.893 
        1.13105         473.924         65.7286 
        1.14679         462.363         63.6505 
        1.16256         452.888         61.6585 
        1.17828         451.621         59.7585 
        1.19395         443.146         57.9452 
         1.2097         430.502         56.1981 
        1.22537         425.471         54.5316 
          1.241          418.12         52.9379 
        1.25666         414.646         51.4041 
        1.27241          406.47          49.924 
        1.28819         397.746         48.4998 
        1.30392         392.821         47.1355 
        1.31957         386.508         45.8298 
        1.33529          384.07         44.5688 
        1.35108         375.185         43.3505 
        1.36674         369.247         42.1865 
         1.3824         365.525         41.0664 
        1.39811         358.496         39.9833 
        1.41389         354.372         38.9352 
        1.42964         349.712         37.9265 
        1.44531         346.804         36.9585 
        1.46101         337.261         36.0224 
        1.47667         332.338         35.1215 
        1.49229         329.337         34.2538 
        1.50793         320.358         33.4146 
        1.52367         319.724         32.5981 
        1.53953         311.971         31.8035 
        1.55526         309.608         31.0418 
        1.57092         306.661         30.3081 
        1.58662           301.7         29.5965 
        1.60235         296.258         28.9064 
        1.61809         291.673          28.238 
        1.63369         288.169         27.5967 
        1.64941         282.569         26.9707 
        1.66519          280.69         26.3619 
        1.68085         277.897         25.7763 
        1.69652         273.404         25.2083 
        1.71228         266.747         24.6542 
        1.72806          263.24         24.1164 
        1.74368          259.47            23.6 
        1.75933         257.506         23.0977 
        1.77505         254.056         22.6077 
        1.79081         250.548         22.1311 
         1.8065         245.127         21.6702 
        1.82218          242.58         21.2229 
        1.83797         241.777         20.7852 
        1.85367         236.809         20.3622 
        1.86928         232.409         19.9535 
        1.88497         230.603         19.5539 
        1.90073         226.329         19.1637 
        1.91647         224.365         18.7845 
        1.93218         220.437         18.4164 
        1.94787         217.397         18.0587 
        1.96363         214.407         17.7091 
        1.97935         211.189         17.3694 
        1.99499         209.001         17.0406 
        2.01064         205.702         16.7199 
         2.0264         204.284         16.4054 
        2.04216         201.646         16.0991 
        2.05781         198.639         15.8026 
        2.07353         195.615         15.5124 
        2.08928         192.049          15.229 
        2.10499         190.727         14.9534 
        2.12065         188.401         14.6854 
        2.13633         185.355         14.4238 
        2.15211         182.707         14.1668 
        2.16785         181.475         13.9169 
        2.18349         179.309         13.6745 
        2.19916         176.351         13.4374 
        2.21489         174.304         13.2051 
        2.23063         172.346         12.9782 
         2.2463         169.206         12.7576 
        2.26194          167.02         12.5427 
        2.27765         165.043         12.3317 
        2.29341         162.785         12.1249 
        2.30914         161.184         11.9233 
        2.32486         159.685         11.7264 
        2.34061         156.908         11.5337 
        2.35635         155.489         11.3454 
        2.37203         153.565          11.162 
        2.38768         151.351          10.983 
        2.40339         149.396         10.8073 
        2.41914         147.827          10.635 
        2.43483         146.128         10.4671 
         2.4505         144.607         10.3031 
        2.46622         142.512         10.1421 
        2.48195         140.699         9.98446 
        2.49759         139.608         9.83102 
        2.51328         138.328         9.68042 
        2.52906         136.219         9.53201 
        2.54479         134.274         9.38727 
        2.56049         132.292         9.24581 
        2.57618         131.299         9.10739 
        2.59189          129.64         8.97159 
        2.60758         127.836         8.83877 
        2.62325         126.315          8.7088 
        2.63898         125.252         8.58099 
        2.65468         123.479         8.45601 
        2.67044         121.704         8.33299 
        2.68618         120.973         8.21269 
        2.70184         119.298         8.09525 
        2.71755         118.005         7.97981 
        2.73329         116.455         7.86645 
        2.74897          115.28         7.75565 
        2.76462          113.64         7.64723 
        2.78034         112.631         7.54044 
        2.79607         111.134         7.43557 
        2.81179         110.509         7.33281 
        2.82749         109.257         7.23211 
        2.84321         107.294         7.13319 
        2.85893         106.192         7.03614 
        2.87462         105.191         6.94107 
        2.89033         103.718         6.84766 
        2.90605         102.742         6.75589 
        2.92176         101.281         6.66585 
        2.93747         100.349         6.57749 
        2.95318         99.9281         6.49072 
        2.96891         98.5115         6.40546 
        2.98456         97.3715         6.32212 
        3.00023         96.4278         6.24014 
        3.01596         95.1714         6.15935 
        3.03164         94.3055         6.08022 
        3.04738         93.3565         6.00225 
         3.0631         92.1412         5.92567 
        3.07883         91.1687         5.85043 
        3.09456         90.2293          5.7765 
        3.11026         89.6209         5.70396 
        3.12596         88.7039         5.63267 
        3.14163         87.4853         5.56277 
        3.15734         86.6419         5.49389 
        3.17308         85.8694           5.426 
        3.18879         84.8915         5.35945 
        3.20447         83.8842         5.29411 
         3.2202         83.0364         5.22965 
         3.2359         82.1921         5.16639 
        3.25157         81.6737         5.10431 
        3.26729         80.5999         5.04307 
        3.28304         79.8354         4.98271 
        3.29877         78.9117         4.92342 
        3.31446           78.38         4.86522 
        3.33014         77.2935         4.80801 
        3.34585         76.5665         4.75164 
        3.36158         75.6776         4.69608 
        3.37727         75.0647         4.64158 
        3.39294         74.2169           4.588 
        3.40867         73.5901         4.53507 
        3.42439         72.6013           4.483 
        3.44008         71.8698         4.43185 
        3.45578         71.0427         4.38146 
        3.47153         70.6947         4.33174 
        3.48724         69.9842         4.28287 
        3.50292         69.4462         4.23488 
        3.51859         68.6929         4.18764 
        3.53431         67.8668         4.14098 
        3.55007         67.2787         4.09491 
        3.56577         66.5417         4.04972 
        3.58146         65.9504         4.00523 
        3.59719          65.267         3.96131 
        3.61292         64.6813         3.91806 
        3.62859         64.0487         3.87562 
        3.64429         63.3101         3.83372 
        3.66003         62.7271         3.79232 
        3.67578         61.9621         3.75154 
        3.69146         61.6719         3.71151 
        3.70712         60.9509         3.67214 
        3.72284         60.4085         3.63319 
        3.73853         59.8944         3.59488 
        3.75422         59.2286          3.5571 
        3.76993         58.8451         3.51984 
        3.78564         58.1051         3.48312 
        3.80137         57.6257         3.44686 
        3.81707         57.0412          3.4112 
        3.83279         56.4853         3.37601 
        3.84853         56.0003         3.34126 
        3.86424         55.4621         3.30706 
        3.87992         54.9838          3.2734 
        3.89561         54.4848          3.2402 
        3.91134         53.9964         3.20739 
        3.92704         53.6096         3.17507 
        3.94273         53.0944         3.14323 
        3.95845          52.533         3.11177 
        3.97418          51.942         3.08073 
        3.98988         51.5582         3.05016 
        4.00554         51.1655         3.02008 
        4.02125         50.5875         2.99032 
        4.03698         50.1182         2.96092 
        4.05268          49.584         2.93198 
        4.06839         49.2362          2.9034 
         4.0841         48.8367         2.87522 
        4.09983         48.3712         2.84736 
        4.11555         47.8653         2.81989 
        4.13124         47.3646         2.79285 
        4.14693         47.1865         2.76615 
        4.16266         46.7372         2.73973 
        4.17839         46.3167         2.71367 
        4.19408         45.8102         2.68801 
        4.20977         45.3878         2.66267 
        4.22551         45.0361         2.63759 
        4.24123         44.6235         2.61287 
        4.25691          44.311         2.58852 
        4.27259          43.805         2.56448 
        4.28831         43.6302          2.5407 
        4.30404         43.1821         2.51719 
        4.31974         42.8345         2.49403 
        4.33543         42.3949         2.47118 
        4.35116         42.0247         2.44856 
        4.36688         41.7869         2.42622 
        4.38255         41.3393         2.40425 
        4.39825         41.0687         2.38251 
        4.41398         40.6258         2.36099 
         4.4297         40.2106         2.33975 
        4.44541         39.9002         2.31878 
        4.46111         39.6318         2.29809 
        4.47683         39.2314         2.27763 
        4.49251         38.9506         2.25746 
        4.50819          38.592         2.23754 
         4.5239         38.3678         2.21783 
        4.53962         37.9257         2.19834 
        4.55535         37.6502         2.17907 
        4.57106         37.3749         2.16006 
        4.58678         36.9342         2.14126 
         4.6025         36.7862         2.12269 
        4.61821         36.4323         2.10434 
        4.63391         36.0539         2.08624 
         4.6496         35.7014         2.06835 
        4.66532         35.4301         2.05064 
        4.68103         35.2336         2.03315 
        4.69673         34.7981         2.01588 
        4.71241         34.5916         1.99883 
        4.72811         34.3773         1.98194 
        4.74384         33.9796         1.96523 
        4.75955         33.7792         1.94873 
        4.77525         33.4783         1.93244 
        4.79096          33.194         1.91631 
        4.80669         32.9527         1.90035 
         4.8224         32.7586          1.8846 
        4.83809         32.4333         1.86904 
        4.85379         32.1257         1.85365 
         4.8695         31.8958         1.83841 
        4.88521         31.6657         1.82336 
        4.90093          31.399         1.80847 
        4.91663         31.0457         1.79376 
        4.93234         30.8679          1.7792 
        4.94807         30.6156         1.76479 
        4.96377          30.364         1.75056 
        4.97943         30.1433         1.73652 
        4.99514         29.9096          1.7226 
        5.01086         29.6997         1.70882 
        5.02654         29.4022         1.69523 
        5.04227         29.1572         1.68175 
          5.058         29.0274          1.6684 
        5.07371         28.7282         1.65523 
        5.08942         28.5351         1.64219 
        5.10513           28.29          1.6293 
        5.12084         28.0627         1.61653 
        5.13656         27.8651         1.60391 
        5.15225         27.6177         1.59144 
        5.16796         27.4226         1.57908 
        5.18369          27.206         1.56684 
         5.1994           26.99         1.55476 
        5.21509          26.795         1.54281 
        5.23079         26.5485         1.53098 
        5.24649         26.3317         1.51927 
        5.26217         26.1127          1.5077 
        5.27788         25.9592         1.49623 
        5.29359         25.7305         1.48488 
        5.30933         25.5633         1.47363 
        5.32504         25.3468         1.46252 
        5.34073         25.1474         1.45153 
        5.35646         25.0348         1.44063 
        5.37218         24.8141         1.42984 
        5.38789         24.5822         1.41918 
        5.40357         24.3491         1.40864 
        5.41929         24.2506         1.39819 
        5.43502         24.1057         1.38783 
         5.4507         23.8496         1.37761 
        5.46639          23.735         1.36749 
        5.48212         23.5144         1.35745 
        5.49786         23.3581         1.34749 
        5.51353         23.1447         1.33769 
        5.52921         22.9228         1.32797 
        5.54495         22.8229         1.31832 
        5.56066         22.6601         1.30878 
        5.57637         22.4668         1.29933 
        5.59207         22.2688         1.28998 
        5.60778          22.141         1.28072 
        5.62346         21.9333         1.27157 
        5.63916         21.7654         1.26249 
        5.65487          21.689          1.2535 
         5.6706         21.4705         1.24459 
        5.68633         21.3221         1.23576 
        5.70203         21.1269         1.22703 
        5.71773         20.9633         1.21839 
        5.73344         20.8113         1.20983 
        5.74916         20.6993         1.20134 
        5.76486         20.5468         1.19295 
        5.78054         20.3681         1.18464 
        5.79626         20.2647          1.1764 
          5.812         20.0671         1.16822 
         5.8277         19.9944         1.16014 
        5.84339         19.8258         1.15215 
        5.85911         19.6444         1.14421 
        5.87484         19.5047         1.13634 
        5.89053         19.3649         1.12857 
        5.90623         19.2438         1.12086 
        5.92195         19.1281         1.11322 
        5.93767         18.9728         1.10565 
        5.95336         18.8777         1.09816 
        5.96905         18.6692         1.09074 
        5.98476         18.5317         1.08338 
        6.00048         18.4184         1.07609 
        6.01617         18.2611         1.06888 
        6.03185         18.1524         1.06173 
        6.04756         17.9915         1.05464 
        6.06331         17.8841          1.0476 
        6.07903         17.7744         1.04063 
        6.09473          17.634         1.03374 
        6.11044         17.5245          1.0269 
        6.12616         17.3701         1.02012 
        6.14186         17.2868         1.01342 
        6.15755         17.1881         1.00677 
        6.17326          16.999         1.00017 
        6.18898         16.9151        0.993637 
        6.20467         16.7686         0.98717 
        6.22036         16.6679         0.98076 
         6.2361         16.5384         0.97439 
         6.2518         16.4233        0.968087 
        6.26748         16.3123        0.961853 
        6.28319         16.2024        0.955657 
        6.29893         16.0852        0.949511 
        6.31463         15.9701        0.943428 
        6.33033         15.8484        0.937401 
        6.34604          15.774        0.931422 
        6.36177         15.7021        0.925489 
        6.37747         15.5444        0.919619 
        6.39316         15.4328        0.913803 
        6.40888         15.3248        0.908026 
         6.4246         15.2493        0.902298 
        6.44031         15.1153        0.896624 
        6.45601         15.0052        0.891004 
        6.47172         14.9254        0.885426 
        6.48744         14.8499        0.879894 
        6.50313         14.7188        0.874418 
        6.51882         14.6304        0.868991 
        6.53452          14.515        0.863604 
        6.55025         14.4208        0.858254 
        6.56597         14.3487        0.852956 
        6.58166         14.2435        0.847709 
        6.59736         14.1257        0.842504 
        6.61307         14.0285        0.837336 
         6.6288         13.9366         0.83221 
         6.6445         13.8362        0.827133 
         6.6602         13.7543        0.822099 
        6.67592         13.6768        0.817102 
        6.69164         13.5802        0.812148 
        6.70735         13.4644        0.807235 
        6.72304         13.3705        0.802369 
        6.73874         13.2564        0.797541 
        6.75446         13.2016        0.792748 
        6.77016         13.1178           0.788 
        6.78585         13.0188        0.783291 
        6.80156         12.9407        0.778619 
        6.81729         12.8455        0.773977 
        6.83301         12.7605        0.769373 
         6.8487         12.6801        0.764818 
         6.8644         12.5811        0.760296 
        6.88012         12.5126        0.755807 
        6.89583         12.4082        0.751357 
        6.91151         12.3341        0.746949 
        6.92723         12.2549        0.742566 
        6.94296         12.1685        0.738216 
        6.95866         12.0786        0.733909 
        6.97436         12.0254        0.729636 
        6.99007         11.9273        0.725395 
        7.00578         11.8613        0.721188 
        7.02147          11.765        0.717019 
        7.03718         11.6966        0.712878 
         7.0529         11.6213        0.708766 
        7.06863          11.551        0.704685 
        7.08433         11.4723        0.700642 
        7.10004         11.3928        0.696631 
        7.11575         11.3646        0.692651 
        7.13145         11.2599        0.688702 
        7.14715         11.1728        0.684786 
        7.16284         11.1173        0.680904 
        7.17855         11.0448        0.677044 
        7.19428          10.978         0.67321 
        7.20998         10.8951        0.669414 
        7.22568         10.8219        0.665646 
        7.24139          10.756        0.661906 
        7.25711         10.7059        0.658193 
        7.27282         10.6266        0.654509 
        7.28852         10.5485        0.650858 
        7.30423         10.4939        0.647229 
        7.31995         10.4048        0.643629 
        7.33565         10.3667        0.640059 
        7.35135         10.2694        0.636515 
        7.36706         10.2281        0.632999 
        7.38277          10.151        0.629506 
        7.39847         10.0935        0.626042 
        7.41419         10.0279        0.622602 
         7.4299         9.94669        0.619188 
        7.44561         9.90348          0.6158 
        7.46132         9.83043        0.612438 
        7.47701          9.7589        0.609105 
        7.49272          9.7022        0.605793 
        7.50842         9.64377        0.602507 
         7.5241         9.58401        0.599249 
        7.53981         9.53864        0.596011 
        7.55552         9.46223        0.592795 
        7.57125         9.40132          0.5896 
        7.58698         9.35224        0.586428 
        7.60268         9.27287        0.583285 
         7.6184         9.22302        0.580162 
        7.63411         9.18717        0.577063 
        7.64981          9.1006        0.573988 
        7.66552         9.05414        0.570936 
        7.68123         8.99504        0.567904 
        7.69695         8.93691        0.564893 
        7.71264         8.88317        0.561908 
        7.72834         8.83515        0.558944 
        7.74407         8.77296        0.555996 
        7.75978         8.71289        0.553071 
        7.77546         8.67524        0.550174 
        7.79116         8.60082        0.547295 
         7.8069         8.56226        0.544429 
         7.8226         8.50142        0.541589 
        7.83828         8.44187        0.538774 
        7.85399         8.39732        0.535976 
        7.86972         8.35616        0.533191 
        7.88543         8.30408        0.530431 
        7.90111         8.25235        0.527695 
        7.91681         8.19118        0.524974 
        7.93255         8.14545        0.522268 
        7.94828         8.09812        0.519581 
        7.96397         8.04171        0.516918 
        7.97967         7.99714        0.514274 
        7.99538         7.94685        0.511647 
         8.0111         7.90546        0.509037 
         8.0268         7.84168        0.506448 
        8.04248         7.81255        0.503879 
         8.0582         7.74817        0.501323 
        8.07393          7.7037        0.498783 
        8.08963         7.66153        0.496264 
        8.10533         7.61643        0.493764 
        8.12104         7.56725        0.491279 
        8.13675          7.5207        0.488811 
        8.15245         7.47747        0.486361 
        8.16815         7.42612        0.483929 
        8.18387         7.38256         0.48151 
        8.19959         7.33247        0.479107 
         8.2153         7.29206        0.476723 
        8.23101         7.25217        0.474354 
        8.24672         7.20117        0.472002 
        8.26241         7.15719        0.469669 
         8.2781         7.11695        0.467352 
        8.29381         7.08231        0.465047 
        8.30952         7.02678        0.462757 
        8.32524         6.98854        0.460482 
        8.34095           6.948        0.458223 
        8.35666         6.91045         0.45598 
        8.37237         6.87257        0.453751 
        8.38808         6.82971        0.451537 
        8.40379         6.77986        0.449339 
         8.4195         6.74775        0.447155 
         8.4352         6.69955        0.444986 
        8.45091         6.65925        0.442832 
        8.46662         6.61676        0.440691 
        8.48232         6.58726        0.438565 
        8.49802         6.54311        0.436454 
        8.51374         6.50849        0.434354 
        8.52945         6.46002        0.432269 
        8.54515          6.4282        0.430199 
        8.56086         6.39357         0.42814 
        8.57658          6.3403        0.426095 
        8.59228         6.31809        0.424066 
        8.60799         6.27775        0.422047 
        8.62371         6.23318        0.420042 
        8.63942         6.20859         0.41805 
        8.65512          6.1668        0.416073 
        8.67082         6.13337        0.414108 
        8.68653         6.08879        0.412155 
        8.70224         6.05476        0.410214 
        8.71795         6.02158        0.408286 
        8.73365         5.98492        0.406371 
        8.74936         5.95603        0.404468 
        8.76506         5.92419        0.402578 
        8.78076         5.88624          0.4007 
        8.79646          5.8542        0.398834 
        8.81218         5.82157        0.396978 
        8.82791         5.77959        0.395132 
         8.8436         5.75706        0.393302 
         8.8593         5.72117        0.391484 
        8.87503         5.68359        0.389673 
        8.89076         5.64514        0.387874 
        8.90644         5.62027        0.386091 
        8.92214         5.58863        0.384318 
        8.93786         5.55624        0.382553 
        8.95357         5.51521        0.380801 
        8.96928         5.48158         0.37906 
        8.98498         5.45928         0.37733 
        9.00069         5.42769         0.37561 
        9.01639         5.40021        0.373902 
        9.03208         5.36344        0.372206 
        9.04778         5.32626        0.370519 
        9.06351         5.30716         0.36884 
        9.07923         5.27555        0.367172 
        9.09493         5.24259        0.365516 
        9.11062         5.20855        0.363871 
        9.12635         5.17346        0.362234 
        9.14207         5.15409        0.360606 
        9.15777         5.11645        0.358991 
        9.17346         5.09528        0.357387 
        9.18917         5.06782         0.35579 
         9.2049         5.03967        0.354201 
        9.22061          5.0019        0.352624 
        9.23631         4.97785        0.351058 
        9.25201         4.95076        0.349501 
        9.26773         4.92274        0.347952 
        9.28343         4.89031        0.346413 
        9.29913         4.85806        0.344884 
        9.31484         4.84143        0.343364 
        9.33057         4.81482         0.34185 
        9.34627         4.77843        0.340348 
        9.36197         4.76033        0.338856 
        9.37768         4.73153        0.337371 
        9.39338         4.70281        0.335897 
        9.40909          4.6723         0.33443 
        9.42479         4.64751        0.332973 
         9.4405         4.62562        0.331525 
        9.45621         4.59863        0.330084 
        9.47193         4.57262        0.328652 
        9.48763         4.54429         0.32723 
        9.50334         4.52406        0.325815 
        9.51906         4.49717        0.324409 
        9.53476         4.47421        0.323011 
        9.55045         4.44574        0.321623 
        9.56616         4.41811        0.320241 
        9.58188         4.40146        0.318867 
        9.59759          4.3761          0.3175 
         9.6133         4.35517        0.316142 
        9.62901         4.32381        0.314791 
        9.64471         4.30097        0.313448 
        9.66041         4.26978        0.312113 
        9.67612         4.25785        0.310784 
        9.69184         4.22129        0.309463 
        9.70754         4.19851         0.30815 
        9.72324         4.18144        0.306846 
        9.73895         4.15719        0.305549 
        9.75467         4.13531         0.30426 
        9.77038         4.11461         0.30298 
        9.78607         4.09044         0.30171 
        9.80177         4.06838        0.300448 
        9.81749         4.04282        0.299193 
         9.8332         4.01763        0.297948 
         9.8489         4.00096        0.296712 
        9.86463          3.9794        0.295481 
        9.88035         3.95541        0.294257 
        9.89606         3.93685         0.29304 
        9.91175         3.90685         0.29183 
        9.92745         3.89422        0.290623 
        9.94317         3.87544        0.289419 
        9.95888         3.84604        0.288217 
        9.97458         3.83063        0.287019 
        9.99029         3.81159        0.285821 
         10.006         3.78317        0.285081 
        10.0217         3.76758        0.285081 
        10.0374         3.74737        0.285081 
        10.0531         3.72613        0.285081 
        10.0688         3.70965        0.285081 
        10.0845         3.68172        0.285081 
        10.1002         3.66692        0.285081 
        10.1159         3.64662        0.285081 
        10.1317         3.62735        0.285081 
        10.1474         3.61069        0.285081 
        10.1631         3.58596        0.285081 
        10.1788         3.56758        0.285081 
        10.1945         3.54532        0.285081 
        10.2102         3.52682        0.285081 
        10.2259         3.50703        0.285081 
        10.2416         3.49127        0.285081 
        10.2573         3.46903        0.285081 
         10.273         3.45402        0.285081 
        10.2887         3.43524        0.285081 
        10.3044         3.41674        0.285081 
        10.3201         3.39826        0.285081 
        10.3359         3.38024        0.285081 
        10.3516         3.36099        0.285081 
        10.3673         3.34261        0.285081 
         10.383         3.32793        0.285081 
        10.3987         3.30531        0.285081 
        10.4144         3.28845        0.285081 
        10.4301         3.27289        0.285081 
        10.4458         3.25142        0.285081 
        10.4615         3.23569        0.285081 
        10.4772         3.21745        0.285081 
        10.4929         3.20006        0.285081 
        10.5086         3.18397        0.285081 
        10.5244         3.16372        0.285081 
        10.5401         3.14968        0.285081 
        10.5558         3.12813        0.285081 
        10.5715         3.11595        0.285081 
        10.5872          3.1014        0.285081 
        10.6029         3.08414        0.285081 
        10.6186         3.06663        0.285081 
        10.6343         3.05137        0.285081 
          10.65          3.0324        0.285081 
        10.6657         3.01724        0.285081 
        10.6814         3.00133        0.285081 
        10.6971         2.98363        0.285081 
        10.7129         2.97233        0.285081 
        10.7286           2.958        0.285081 
        10.7443         2.93689        0.285081 
          10.76         2.92446        0.285081 
        10.7757         2.91029        0.285081 
        10.7914         2.89159        0.285081 
        10.8071          2.8819        0.285081 
        10.8228         2.86327        0.285081 
        10.8385          2.8464        0.285081 
        10.8542         2.82958        0.285081 
        10.8699         2.81582        0.285081 
        10.8856         2.80494        0.285081 
        10.9014          2.7886        0.285081 
        10.9171         2.77451        0.285081 
        10.9328         2.75874        0.285081 
        10.9485         2.74649        0.285081 
        10.9642         2.72993        0.285081 
        10.9799         2.71808        0.285081 
        10.9956         2.69821        0.285081 
        11.0113         2.68903        0.285081 
         11.027         2.67478        0.285081 
        11.0427         2.65974        0.285081 
        11.0584         2.64285        0.285081 
        11.0741         2.63393        0.285081 
        11.0898         2.61703        0.285081 
        11.1055         2.60287        0.285081 
        11.1212         2.59038        0.285081 
         11.137         2.57816        0.285081 
        11.1527         2.56534        0.285081 
        11.1684         2.54822        0.285081 
        11.1841         2.53644        0.285081 
        11.1998         2.52627        0.285081 
        11.2155         2.50981        0.285081 
        11.2312         2.49686        0.285081 
        11.2469         2.48501        0.285081 
        11.2626         2.47151        0.285081 
        11.2783         2.46123        0.285081 
         11.294          2.4493        0.285081 
        11.3097          2.4338        0.285081 
        11.3254         2.42127        0.285081 
        11.3412         2.40835        0.285081 
        11.3569         2.39601        0.285081 
        11.3726         2.38743        0.285081 
        11.3883         2.37305        0.285081 
         11.404         2.35804        0.285081 
        11.4197         2.34753        0.285081 
        11.4354         2.33413        0.285081 
        11.4511         2.32663        0.285081 
        11.4668         2.31312        0.285081 
        11.4825             2.3        0.285081 
        11.4982         2.29105        0.285081 
         11.514         2.27913        0.285081 
        11.5297         2.26508        0.285081 
        11.5454         2.25429        0.285081 
        11.5611         2.24195        0.285081 
        11.5768         2.23198        0.285081 
        11.5925         2.22117        0.285081 
        11.6082         2.20733        0.285081 
        11.6239          2.1997        0.285081 
        11.6396         2.18578        0.285081 
        11.6553         2.17478        0.285081 
         11.671         2.16295        0.285081 
        11.6867         2.15449        0.285081 
        11.7024         2.14269        0.285081 
        11.7182         2.13403        0.285081 
        11.7339         2.12055        0.285081 
        11.7496         2.11117        0.285081 
        11.7653         2.09906        0.285081 
         11.781         2.08929        0.285081 
        11.7967          2.0778        0.285081 
        11.8124         2.06998        0.285081 
        11.8281          2.0594        0.285081 
        11.8438         2.04857        0.285081 
        11.8595         2.03627        0.285081 
        11.8752          2.0287        0.285081 
         11.891         2.01721        0.285081 
        11.9067         2.00299        0.285081 
        11.9224         1.99642        0.285081 
        11.9381         1.98777        0.285081 
        11.9538         1.97913        0.285081 
        11.9695         1.96564        0.285081 
        11.9852         1.95576        0.285081 
        12.0009         1.94638        0.285081 
        12.0166         1.93628        0.285081 
        12.0323          1.9278        0.285081 
         12.048         1.91851        0.285081 
        12.0637         1.90885        0.285081 
