# k  (h/Mpc)    Pcb(k)  (Mpc/h)^3    Pcb_linear(k) (Mpc/h)^3   ShotnoiseSubtracted = true
      0.0200456           13147           13315 
      0.0350414          9206.8         8914.84 
      0.0492313         6198.25         6239.43 
      0.0637834         4885.72         5047.43 
      0.0800726         3696.34         3832.04 
       0.096163         2839.41         2699.76 
       0.111083         2295.47         2153.32 
       0.126058         1895.02         1886.99 
       0.142273         1591.48         1540.66 
       0.158546         1287.71         1196.01 
        0.17375         1127.04         1017.06 
       0.188953         1040.31         914.161 
       0.204907         872.568         785.958 
       0.220756         775.441          655.76 
        0.23588         688.485         574.725 
         0.2514          612.35          520.72 
       0.267535         588.298          461.63 
       0.283568         509.967         402.102 
       0.299022         484.251         359.295 
       0.314451         486.962         328.011 
       0.330372         415.101         297.049 
       0.346141          382.41          266.86 
       0.361624         363.189         242.296 
       0.377134           338.4         222.682 
       0.392932         325.816         204.473 
       0.408854         309.325          186.97 
       0.424564         297.535         171.804 
       0.440253         268.131         158.959 
       0.455999          254.74         147.368 
       0.471626         254.111         136.628 
        0.48727         240.053         126.897 
       0.502856         219.673         118.334 
       0.518488         219.677         110.566 
       0.534347         203.832         103.293 
       0.550082          197.21         96.6691 
       0.565732         195.614         90.7098 
       0.581496         183.414         85.2304 
       0.597222         178.318         80.1907 
       0.612804         172.116         75.5733 
       0.628434         166.554         71.3144 
       0.644267         158.166         67.3449 
       0.660051         155.107         63.6848 
       0.675724         152.324         60.3141 
       0.691403         148.418         57.1818 
       0.707174         142.629         54.2519 
       0.722871         140.027         51.5367 
        0.73838         138.399         49.0342 
       0.754018         130.516         46.6773 
       0.769845         130.275         44.4481 
        0.78569         126.094         42.3611 
       0.801365         121.879         40.4274 
       0.817031         119.233         38.6148 
       0.832809         116.744          36.901 
       0.848511         113.577         35.2981 
       0.864097         111.042         33.8006 
       0.879701         109.759         32.3879 
       0.895507         106.676         31.0387 
       0.911279         103.534         29.7685 
        0.92691          101.36         28.5793 
       0.942635          99.272          27.448 
       0.958396         98.1202          26.375 
       0.974128          95.971         25.3609 
       0.989692         93.0266         24.4096 
        1.00528         92.1085         23.5054 
        1.02113         89.6181         22.6324 
        1.03692          88.856         21.8066 
        1.05264         87.6026         21.0255 
        1.06832         85.2694         20.2836 
        1.08405         83.8493         19.5752 
        1.09979         83.1595         18.8999 
        1.11537         80.8635         18.2629 
        1.13105         79.7813         17.6512 
        1.14679         78.4665          17.065 
        1.16256         76.7071         16.5041 
        1.17828         76.0139         15.9699 
        1.19395         74.2465         15.4611 
         1.2097         73.4084         14.9716 
        1.22537         72.0555         14.5055 
          1.241         71.4599         14.0605 
        1.25666         69.2092         13.6328 
        1.27241         68.3727         13.2208 
        1.28819         67.7904          12.825 
        1.30392         66.6034         12.4464 
        1.31957         65.7313         12.0847 
        1.33529         64.6019         11.7358 
        1.35108         64.1527         11.3993 
        1.36674         62.9344         11.0782 
         1.3824         62.4334         10.7697 
        1.39811         60.9449         10.4717 
        1.41389         60.0632         10.1839 
        1.42964         59.0736         9.90719 
        1.44531         58.5973         9.64205 
        1.46101         57.9199         9.38597 
        1.47667          57.141         9.13986 
        1.49229         56.2944         8.90315 
        1.50793         55.4402         8.67448 
        1.52367         55.0064          8.4523 
        1.53953         54.2804         8.23634 
        1.55526           53.08         8.02958 
        1.57092         52.8758          7.8307 
        1.58662         52.1708         7.63802 
        1.60235          51.532         7.45139 
        1.61809         50.4364         7.27084 
        1.63369         49.9801         7.09782 
        1.64941         49.6154         6.92914 
        1.66519         48.4838         6.76529 
        1.68085         47.8351         6.60784 
        1.69652         47.1296         6.45531 
        1.71228         46.5855         6.30669 
        1.72806         46.3962         6.16258 
        1.74368         45.5213         6.02438 
        1.75933         45.1123         5.89009 
        1.77505         44.5936         5.75923 
        1.79081         43.8908         5.63208 
         1.8065         43.6072         5.50927 
        1.82218         42.6789          5.3902 
        1.83797         42.1558          5.2738 
        1.85367         41.7402         5.16144 
        1.86928         41.2646           5.053 
        1.88497         40.7549         4.94705 
        1.90073         40.1216         4.84371 
        1.91647         39.9711          4.7434 
        1.93218         39.3736          4.6461 
        1.94787         38.8765         4.55165 
        1.96363         38.3752         4.45943 
        1.97935         37.8938         4.36992 
        1.99499         37.4875         4.28336 
        2.01064         36.9271         4.19898 
         2.0264         36.7706         4.11633 
        2.04216           36.12         4.03592 
        2.05781         35.7255         3.95815 
        2.07353         35.2132         3.88212 
        2.08928         35.0249         3.80791 
        2.10499         34.5443         3.73581 
        2.12065         34.1976         3.66578 
        2.13633          33.879         3.59746 
        2.15211         33.4815         3.53043 
        2.16785         32.8148         3.46527 
        2.18349         32.5278         3.40215 
        2.19916          32.237         3.34045 
        2.21489         32.0143         3.28006 
        2.23063          31.608         3.22111 
         2.2463         31.1754         3.16386 
        2.26194         30.9248         3.10812 
        2.27765         30.5159         3.05343 
        2.29341         30.0871          2.9999 
        2.30914         29.7122         2.94775 
        2.32486         29.4524         2.89686 
        2.34061         29.1344         2.84706 
        2.35635         28.7892         2.79848 
        2.37203         28.4034         2.75118 
        2.38768         28.3171         2.70506 
        2.40339          27.911         2.65982 
        2.41914         27.7289         2.61549 
        2.43483         27.2768         2.57233 
         2.4505         27.1362          2.5302 
        2.46622         26.7558         2.48885 
        2.48195         26.4793         2.44842 
        2.49759         26.1846          2.4091 
        2.51328          25.937         2.37052 
        2.52906         25.6771         2.33254 
        2.54479         25.5015         2.29552 
        2.56049         25.0563         2.25937 
        2.57618          24.871         2.22402 
        2.59189          24.688         2.18936 
        2.60758         24.2152         2.15549 
        2.62325         24.2544         2.12237 
        2.63898         23.8671         2.08982 
        2.65468         23.5429         2.05802 
        2.67044         23.4798         2.02673 
        2.68618         23.1528         1.99616 
        2.70184         22.8836         1.96634 
        2.71755         22.6717         1.93704 
        2.73329         22.4795         1.90829 
        2.74897         22.1948         1.88021 
        2.76462         21.9498         1.85275 
        2.78034         21.8175         1.82572 
        2.79607         21.5487         1.79919 
        2.81179         21.3191         1.77322 
        2.82749         21.1561         1.74778 
        2.84321          20.893         1.72281 
        2.85893         20.6778         1.69832 
        2.87462         20.4657         1.67435 
        2.89033         20.2816         1.65082 
        2.90605         20.0911         1.62771 
        2.92176         19.9648         1.60505 
        2.93747          19.707         1.58283 
        2.95318         19.5585         1.56102 
        2.96891         19.3425         1.53961 
        2.98456         19.1732         1.51869 
        3.00023         18.9328         1.49812 
        3.01596         18.6938         1.47787 
        3.03164         18.5498         1.45804 
        3.04738         18.3843         1.43852 
         3.0631         18.2176         1.41935 
        3.07883         17.9756         1.40053 
        3.09456         17.7895         1.38205 
        3.11026         17.6002         1.36393 
        3.12596         17.4701         1.34613 
        3.14163         17.3201         1.32869 
        3.15734         17.1846         1.31151 
        3.17308         16.9411         1.29459 
        3.18879         16.8323         1.27801 
        3.20447         16.6893         1.26174 
         3.2202         16.4733         1.24571 
         3.2359         16.2818         1.22997 
        3.25157         16.1693         1.21455 
        3.26729         16.0781         1.19933 
        3.28304         15.8443         1.18435 
        3.29877           15.72         1.16964 
        3.31446         15.5876          1.1552 
        3.33014         15.3916         1.14102 
        3.34585         15.2638         1.12706 
        3.36158         15.1181          1.1133 
        3.37727         14.9864         1.09982 
        3.39294         14.8786         1.08656 
        3.40867         14.7118         1.07348 
        3.42439         14.5641         1.06062 
        3.44008         14.4124         1.04799 
        3.45578          14.323         1.03555 
        3.47153         14.1796         1.02329 
        3.48724         14.0797         1.01124 
        3.50292         13.8969        0.999412 
        3.51859         13.7819        0.987777 
        3.53431         13.6602         0.97629 
        3.55007         13.5503        0.964956 
        3.56577         13.3833        0.953843 
        3.58146         13.2629        0.942909 
        3.59719         13.1638        0.932119 
        3.61292          13.078        0.921499 
        3.62859         12.9002        0.911083 
        3.64429         12.7613        0.900806 
        3.66003         12.7126        0.890654 
        3.67578         12.5963        0.880661 
        3.69146         12.5087        0.870857 
        3.70712         12.3408        0.861218 
        3.72284         12.2083        0.851688 
        3.73853         12.1321        0.842317 
        3.75422         12.0202        0.833082 
        3.76993         11.9117        0.823976 
        3.78564         11.8309        0.815007 
        3.80137         11.7014        0.806157 
        3.81707         11.5804        0.797454 
        3.83279         11.5103        0.788872 
        3.84853         11.3796        0.780401 
        3.86424         11.2977        0.772069 
        3.87992         11.2244         0.76387 
        3.89561         11.0957        0.755788 
        3.91134         11.0533        0.747805 
        3.92704          10.944        0.739945 
        3.94273         10.8108        0.732205 
        3.95845         10.7272         0.72456 
        3.97418         10.6311        0.717021 
        3.98988         10.5439        0.709598 
        4.00554         10.4329          0.7023 
        4.02125         10.3454        0.695082 
        4.03698         10.2495        0.687953 
        4.05268         10.1778        0.680939 
        4.06839         10.0731        0.674017 
         4.0841         10.0157        0.667192 
        4.09983         9.90744        0.660451 
        4.11555         9.81143        0.653804 
        4.13124         9.73398        0.647266 
        4.14693         9.66769        0.640811 
        4.16266         9.59839        0.634428 
        4.17839         9.49163        0.628135 
        4.19408          9.3995        0.621941 
        4.20977         9.34245        0.615826 
        4.22551         9.25063        0.609778 
        4.24123         9.16144        0.603816 
        4.25691         9.09497         0.59795 
        4.27259         9.01778        0.592158 
        4.28831         8.96134        0.586431 
        4.30404         8.85653        0.580773 
        4.31974         8.80562        0.575202 
        4.33543         8.71078        0.569705 
        4.35116          8.6542        0.564267 
        4.36688         8.55423        0.558901 
        4.38255         8.49624        0.553623 
        4.39825         8.45259        0.548402 
        4.41398         8.35963        0.543237 
         4.4297         8.28627        0.538143 
        4.44541         8.22683        0.533114 
        4.46111         8.14962        0.528153 
        4.47683         8.07436        0.523251 
        4.49251         7.99324         0.51842 
        4.50819         7.95482         0.51365 
         4.5239         7.88292        0.508933 
        4.53962         7.82658        0.504269 
        4.55535         7.76323         0.49966 
        4.57106         7.71158        0.495115 
        4.58678         7.63219        0.490625 
         4.6025         7.56878        0.486189 
        4.61821         7.52234        0.481807 
        4.63391         7.46111        0.477485 
         4.6496         7.38721        0.473217 
        4.66532         7.35058        0.468993 
        4.68103         7.28817        0.464823 
        4.69673         7.22587        0.460707 
        4.71241         7.17469        0.456644 
        4.72811          7.1066        0.452623 
        4.74384         7.04034        0.448644 
        4.75955          6.9966        0.444719 
        4.77525         6.94893        0.440842 
        4.79096         6.89606        0.437007 
        4.80669         6.84584        0.433214 
         4.8224         6.78364        0.429471 
        4.83809         6.73724        0.425775 
        4.85379         6.67649        0.422119 
         4.8695          6.6255        0.418503 
        4.88521         6.56953        0.414931 
        4.90093         6.53914        0.411399 
        4.91663          6.4714        0.407911 
        4.93234          6.4384         0.40446 
        4.94807         6.38084        0.401045 
        4.96377         6.32313        0.397676 
        4.97943          6.2752        0.394352 
        4.99514         6.23374        0.391057 
        5.01086         6.18109        0.387797 
        5.02654         6.12959        0.384582 
        5.04227         6.08811        0.381394 
          5.058         6.05413        0.378239 
        5.07371         5.99334        0.375127 
        5.08942         5.96034        0.372048 
        5.10513         5.91671        0.369003 
        5.12084         5.85397         0.36599 
        5.13656         5.82712        0.363011 
        5.15225         5.78031         0.36007 
        5.16796         5.74388        0.357157 
        5.18369         5.69543        0.354272 
         5.1994          5.6577        0.351425 
        5.21509         5.61816        0.348611 
        5.23079         5.56884        0.345824 
        5.24649         5.53691        0.343069 
        5.26217          5.4881        0.340346 
        5.27788         5.45048        0.337648 
        5.29359         5.40236        0.334979 
        5.30933         5.37823        0.332334 
        5.32504         5.33358        0.329722 
        5.34073          5.2964         0.32714 
        5.35646         5.25191        0.324581 
        5.37218         5.22833        0.322048 
        5.38789          5.1897        0.319546 
        5.40357          5.1479        0.317073 
        5.41929         5.10827        0.314621 
        5.43502         5.07624        0.312194 
         5.4507         5.04446        0.309798 
        5.46639         4.99212        0.307426 
        5.48212         4.96221        0.305074 
        5.49786         4.92878        0.302743 
        5.51353         4.90407        0.300448 
        5.52921         4.87119        0.298173 
        5.54495         4.83702        0.295916 
        5.56066         4.78867        0.293684 
        5.57637          4.7587        0.291475 
        5.59207         4.72387         0.28929 
        5.60778         4.69786        0.287127 
        5.62346          4.6634        0.284989 
        5.63916         4.63347         0.28287 
        5.65487         4.61133        0.280771 
         5.6706         4.56928        0.278691 
        5.68633         4.54677        0.276631 
        5.70203         4.50472        0.274596 
        5.71773         4.48519        0.272581 
        5.73344         4.45032        0.270586 
        5.74916         4.40391        0.268608 
        5.76486         4.38918        0.266652 
        5.78054         4.36515        0.264719 
        5.79626          4.3346        0.262799 
          5.812         4.29491        0.260896 
         5.8277         4.27651        0.259017 
        5.84339         4.24253        0.257157 
        5.85911         4.21717        0.255311 
        5.87484          4.1864        0.253483 
        5.89053         4.15754        0.251677 
        5.90623         4.12489        0.249887 
        5.92195         4.11166        0.248111 
        5.93767         4.07681        0.246353 
        5.95336         4.04266        0.244615 
        5.96905         4.02623        0.242894 
        5.98476         3.99313        0.241188 
        6.00048         3.96804        0.239496 
        6.01617         3.95353        0.237824 
        6.03185         3.92408        0.236168 
        6.04756         3.89781        0.234525 
        6.06331         3.87472        0.232893 
        6.07903          3.8494        0.231281 
        6.09473         3.82658        0.229684 
        6.11044         3.79413        0.228102 
        6.12616         3.77105        0.226534 
        6.14186          3.7516        0.224982 
        6.15755         3.72454        0.223445 
        6.17326         3.70104        0.221921 
        6.18898         3.68273         0.22041 
        6.20467         3.65524        0.218916 
        6.22036         3.62844        0.217435 
         6.2361         3.61629        0.215965 
         6.2518         3.58992         0.21451 
        6.26748          3.5609        0.213071 
        6.28319         3.54313        0.211641 
        6.29893         3.52151        0.210224 
        6.31463         3.50539        0.208821 
        6.33033         3.48387        0.207432 
        6.34604         3.45606        0.206054 
        6.36177         3.43379        0.204687 
        6.37747         3.41173        0.203335 
        6.39316         3.39902        0.201995 
        6.40888         3.37738        0.200665 
         6.4246         3.35157        0.199347 
        6.44031         3.33673        0.198041 
        6.45601         3.31243        0.196749 
        6.47172         3.29389        0.195466 
        6.48744         3.27056        0.194194 
        6.50313         3.25441        0.192936 
        6.51882         3.23353        0.191689 
        6.53452         3.21414        0.190451 
        6.55025         3.19704        0.189223 
        6.56597         3.17808        0.188006 
        6.58166          3.1602        0.186802 
        6.59736         3.14441        0.185607 
        6.61307         3.11925        0.184422 
         6.6288          3.1035        0.183246 
         6.6445          3.0855        0.182082 
         6.6602          3.0718        0.180928 
        6.67592         3.05038        0.179783 
        6.69164         3.03297        0.178648 
        6.70735         3.02068        0.177523 
        6.72304         2.99702        0.176408 
        6.73874         2.98013        0.175303 
        6.75446         2.96328        0.174206 
        6.77016         2.94534        0.173119 
        6.78585         2.92826        0.172042 
        6.80156         2.91331        0.170974 
        6.81729         2.89855        0.169912 
        6.83301         2.87916         0.16886 
         6.8487         2.86334        0.167819 
         6.8644         2.84999        0.166786 
        6.88012         2.83352        0.165761 
        6.89583         2.81276        0.164745 
        6.91151         2.80168        0.163738 
        6.92723         2.78888        0.162738 
        6.94296         2.76522        0.161745 
        6.95866         2.75766        0.160763 
        6.97436         2.74447        0.159788 
        6.99007         2.72223        0.158821 
        7.00578         2.71178        0.157862 
        7.02147         2.69766        0.156912 
        7.03718         2.67944        0.155969 
         7.0529         2.66344        0.155032 
        7.06863         2.65375        0.154103 
        7.08433         2.63511        0.153182 
        7.10004         2.62199        0.152269 
        7.11575         2.60876        0.151363 
        7.13145         2.59243        0.150465 
        7.14715         2.58338        0.149574 
        7.16284         2.56801        0.148691 
        7.17855         2.55088        0.147814 
        7.19428         2.53932        0.146943 
        7.20998         2.52831         0.14608 
        7.22568         2.50787        0.145224 
        7.24139         2.49862        0.144375 
        7.25711         2.48821        0.143532 
        7.27282         2.47407        0.142695 
        7.28852         2.46079        0.141866 
        7.30423         2.44715        0.141043 
        7.31995         2.43796        0.140226 
        7.33565         2.41936        0.139417 
        7.35135         2.41202        0.138613 
        7.36706          2.3975        0.137816 
        7.38277         2.38738        0.137024 
        7.39847         2.36957        0.136239 
        7.41419         2.36223         0.13546 
         7.4299         2.34889        0.134687 
        7.44561         2.34037         0.13392 
        7.46132         2.32313        0.133159 
        7.47701         2.31458        0.132404 
        7.49272         2.30481        0.131655 
        7.50842         2.29044        0.130912 
         7.5241         2.28041        0.130175 
        7.53981         2.27184        0.129443 
        7.55552         2.25869        0.128716 
        7.57125         2.24821        0.127993 
        7.58698         2.23349        0.127277 
        7.60268         2.22346        0.126567 
         7.6184         2.21364        0.125861 
        7.63411         2.20355        0.125161 
        7.64981         2.19674        0.124467 
        7.66552         2.18566        0.123778 
        7.68123         2.17185        0.123094 
        7.69695         2.16269        0.122415 
        7.71264         2.15054        0.121742 
        7.72834         2.13928        0.121073 
        7.74407         2.13088        0.120409 
        7.75978         2.12104        0.119749 
        7.77546         2.10876        0.119096 
        7.79116         2.10019        0.118448 
         7.8069         2.09068        0.117802 
         7.8226         2.07674        0.117163 
        7.83828         2.07111        0.116529 
        7.85399         2.06288        0.115899 
        7.86972         2.05169        0.115272 
        7.88543         2.04065        0.114651 
        7.90111         2.02992        0.114036 
        7.91681         2.02208        0.113424 
        7.93255         2.01436        0.112815 
        7.94828         2.00492        0.112211 
        7.96397          1.9952        0.111613 
        7.97967         1.98635        0.111018 
        7.99538         1.97701        0.110428 
         8.0111         1.96783        0.109842 
         8.0268         1.96015         0.10926 
        8.04248         1.95124        0.108684 
         8.0582         1.94518         0.10811 
        8.07393         1.93345         0.10754 
        8.08963          1.9227        0.106975 
        8.10533         1.91718        0.106414 
        8.12104         1.91094        0.105856 
        8.13675         1.89888        0.105303 
        8.15245         1.89156        0.104754 
        8.16815         1.88122        0.104208 
        8.18387         1.87447        0.103666 
        8.19959         1.86744        0.103128 
         8.2153         1.85991        0.102594 
        8.23101          1.8527        0.102063 
        8.24672         1.84201        0.101537 
        8.26241         1.83606        0.101014 
         8.2781         1.82668        0.100496 
        8.29381         1.82284       0.0999797 
        8.30952         1.81259       0.0994675 
        8.32524         1.80321       0.0989584 
        8.34095         1.79473       0.0984533 
        8.35666          1.7913       0.0979517 
        8.37237         1.78209       0.0974535 
        8.38808         1.77432       0.0969587 
        8.40379         1.76883       0.0964674 
         8.4195         1.76092       0.0959795 
         8.4352         1.75334       0.0954951 
        8.45091         1.74664       0.0950139 
        8.46662         1.74029       0.0945358 
        8.48232         1.73221       0.0940613 
        8.49802         1.72668         0.09359 
        8.51374         1.71761       0.0931214 
        8.52945          1.7117       0.0926562 
        8.54515         1.70295       0.0921945 
        8.56086         1.69804       0.0917354 
        8.57658          1.6915       0.0912795 
        8.59228         1.68282        0.090827 
        8.60799           1.676        0.090377 
        8.62371         1.67041       0.0899302 
        8.63942         1.66346       0.0894865 
        8.65512         1.65833        0.089046 
        8.67082          1.6513       0.0886084 
        8.68653         1.64727       0.0881735 
        8.70224         1.63932       0.0877414 
        8.71795         1.63081       0.0873124 
        8.73365         1.62442       0.0868862 
        8.74936         1.62001       0.0864627 
        8.76506         1.61206       0.0860424 
        8.78076         1.60815       0.0856247 
        8.79646         1.60079       0.0852097 
        8.81218         1.59594       0.0847971 
        8.82791         1.59019       0.0843868 
         8.8436         1.58487         0.08398 
         8.8593         1.57622        0.083576 
        8.87503         1.57263       0.0831736 
        8.89076         1.56613       0.0827741 
        8.90644         1.55954       0.0823782 
        8.92214         1.55397       0.0819845 
        8.93786         1.54938       0.0815928 
        8.95357         1.54455       0.0812039 
        8.96928         1.53769       0.0808175 
        8.98498         1.53377       0.0804338 
        9.00069         1.52873       0.0800524 
        9.01639         1.52207       0.0796734 
        9.03208         1.51885       0.0792974 
        9.04778         1.51101       0.0789234 
        9.06351         1.50696       0.0785512 
        9.07923         1.50051       0.0781816 
        9.09493          1.4964       0.0778147 
        9.11062         1.48953       0.0774504 
        9.12635         1.48599       0.0770877 
        9.14207         1.47855       0.0767274 
        9.15777         1.47635       0.0763697 
        9.17346         1.47042       0.0760146 
        9.18917         1.46645       0.0756612 
         9.2049         1.45934       0.0753097 
        9.22061         1.45622       0.0749608 
        9.23631         1.45136       0.0746142 
        9.25201         1.44625       0.0742699 
        9.26773         1.44067       0.0739274 
        9.28343         1.43537       0.0735872 
        9.29913         1.43137       0.0732492 
        9.31484         1.42829       0.0729133 
        9.33057         1.42202       0.0725789 
        9.34627         1.41891        0.072247 
        9.36197         1.41251       0.0719175 
        9.37768         1.40952       0.0715896 
        9.39338         1.40353        0.071264 
        9.40909         1.39939       0.0709403 
        9.42479         1.39526       0.0706187 
         9.4405         1.39147        0.070299 
        9.45621          1.3862       0.0699812 
        9.47193         1.38344       0.0696653 
        9.48763         1.37826       0.0693516 
        9.50334         1.37414       0.0690396 
        9.51906         1.36867       0.0687295 
        9.53476         1.36734       0.0684216 
        9.55045          1.3603       0.0681155 
        9.56616         1.35916       0.0678111 
        9.58188         1.35232       0.0675082 
        9.59759         1.34918       0.0672073 
         9.6133         1.34557       0.0669081 
        9.62901         1.34149       0.0666107 
        9.64471         1.33974        0.066315 
        9.66041         1.33445       0.0660211 
        9.67612         1.33153       0.0657286 
        9.69184         1.32655       0.0654378 
        9.70754         1.32259        0.065149 
        9.72324         1.31824       0.0648621 
        9.73895         1.31519       0.0645769 
        9.75467         1.31079       0.0642935 
        9.77038         1.30715       0.0640121 
        9.78607         1.30364       0.0637329 
        9.80177         1.29946       0.0634555 
        9.81749         1.29633       0.0631799 
         9.8332         1.29308       0.0629064 
         9.8489         1.28804       0.0626348 
        9.86463         1.28697       0.0623646 
        9.88035         1.28248       0.0620959 
        9.89606         1.27963       0.0618288 
        9.91175         1.27633       0.0615631 
        9.92745         1.27283       0.0612983 
        9.94317         1.26999        0.061034 
        9.95888         1.26725       0.0607705 
        9.97458         1.26283       0.0605075 
        9.99029          1.2602       0.0602446 
         10.006         1.25752       0.0600823 
        10.0217         1.25301       0.0600823 
        10.0374         1.25219       0.0600823 
        10.0531         1.24802       0.0600823 
        10.0688         1.24437       0.0600823 
        10.0845         1.24153       0.0600823 
        10.1002         1.23896       0.0600823 
        10.1159         1.23582       0.0600823 
        10.1317         1.23513       0.0600823 
        10.1474         1.22962       0.0600823 
        10.1631         1.22822       0.0600823 
        10.1788         1.22456       0.0600823 
        10.1945          1.2225       0.0600823 
        10.2102         1.21982       0.0600823 
        10.2259         1.21602       0.0600823 
        10.2416         1.21367       0.0600823 
        10.2573         1.21026       0.0600823 
         10.273         1.20848       0.0600823 
        10.2887         1.20638       0.0600823 
        10.3044         1.20319       0.0600823 
        10.3201          1.2006       0.0600823 
        10.3359         1.19675       0.0600823 
        10.3516         1.19512       0.0600823 
        10.3673         1.19302       0.0600823 
         10.383         1.18952       0.0600823 
        10.3987          1.1871       0.0600823 
        10.4144         1.18443       0.0600823 
        10.4301         1.18264       0.0600823 
        10.4458         1.18046       0.0600823 
        10.4615         1.17779       0.0600823 
        10.4772         1.17531       0.0600823 
        10.4929         1.17296       0.0600823 
        10.5086         1.17028       0.0600823 
        10.5244         1.16963       0.0600823 
        10.5401         1.16676       0.0600823 
        10.5558         1.16544       0.0600823 
        10.5715         1.16204       0.0600823 
        10.5872         1.16154       0.0600823 
        10.6029         1.15874       0.0600823 
        10.6186         1.15671       0.0600823 
        10.6343         1.15649       0.0600823 
          10.65         1.15099       0.0600823 
        10.6657         1.15126       0.0600823 
        10.6814         1.14845       0.0600823 
        10.6971         1.14729       0.0600823 
        10.7129         1.14488       0.0600823 
        10.7286          1.1439       0.0600823 
        10.7443         1.14097       0.0600823 
          10.76         1.13997       0.0600823 
        10.7757         1.13778       0.0600823 
        10.7914         1.13512       0.0600823 
        10.8071         1.13434       0.0600823 
        10.8228         1.13339       0.0600823 
        10.8385         1.13074       0.0600823 
        10.8542         1.12928       0.0600823 
        10.8699         1.12766       0.0600823 
        10.8856         1.12649       0.0600823 
        10.9014         1.12434       0.0600823 
        10.9171         1.12399       0.0600823 
        10.9328         1.12118       0.0600823 
        10.9485         1.11923       0.0600823 
        10.9642         1.11945       0.0600823 
        10.9799         1.11684       0.0600823 
        10.9956         1.11624       0.0600823 
        11.0113         1.11433       0.0600823 
         11.027         1.11361       0.0600823 
        11.0427         1.11276       0.0600823 
        11.0584          1.1105       0.0600823 
        11.0741         1.10876       0.0600823 
        11.0898         1.10889       0.0600823 
        11.1055         1.10783       0.0600823 
        11.1212         1.10525       0.0600823 
         11.137         1.10478       0.0600823 
        11.1527         1.10412       0.0600823 
        11.1684         1.10205       0.0600823 
        11.1841         1.10169       0.0600823 
        11.1998         1.10077       0.0600823 
        11.2155         1.10005       0.0600823 
        11.2312         1.09964       0.0600823 
        11.2469         1.09859       0.0600823 
        11.2626         1.09691       0.0600823 
        11.2783         1.09621       0.0600823 
         11.294         1.09637       0.0600823 
        11.3097          1.0954       0.0600823 
        11.3254         1.09304       0.0600823 
        11.3412         1.09409       0.0600823 
        11.3569         1.09288       0.0600823 
        11.3726         1.09265       0.0600823 
        11.3883         1.09212       0.0600823 
         11.404         1.09105       0.0600823 
        11.4197         1.09239       0.0600823 
        11.4354         1.08941       0.0600823 
        11.4511         1.08951       0.0600823 
        11.4668          1.0897       0.0600823 
        11.4825         1.08933       0.0600823 
        11.4982         1.08874       0.0600823 
         11.514         1.08846       0.0600823 
        11.5297         1.08732       0.0600823 
        11.5454         1.08773       0.0600823 
        11.5611         1.08617       0.0600823 
        11.5768         1.08716       0.0600823 
        11.5925         1.08746       0.0600823 
        11.6082         1.08703       0.0600823 
        11.6239          1.0858       0.0600823 
        11.6396         1.08744       0.0600823 
        11.6553         1.08603       0.0600823 
         11.671         1.08565       0.0600823 
        11.6867         1.08648       0.0600823 
        11.7024         1.08704       0.0600823 
        11.7182         1.08566       0.0600823 
        11.7339         1.08679       0.0600823 
        11.7496         1.08667       0.0600823 
        11.7653         1.08699       0.0600823 
         11.781         1.08614       0.0600823 
        11.7967         1.08632       0.0600823 
        11.8124          1.0877       0.0600823 
        11.8281         1.08762       0.0600823 
        11.8438         1.08842       0.0600823 
        11.8595         1.08922       0.0600823 
        11.8752         1.08832       0.0600823 
         11.891         1.08971       0.0600823 
        11.9067         1.08923       0.0600823 
        11.9224         1.09005       0.0600823 
        11.9381            1.09       0.0600823 
        11.9538         1.09115       0.0600823 
        11.9695         1.09222       0.0600823 
        11.9852          1.0926       0.0600823 
        12.0009         1.09358       0.0600823 
        12.0166         1.09359       0.0600823 
        12.0323         1.09421       0.0600823 
         12.048         1.09654       0.0600823 
        12.0637          1.0975       0.0600823 
