# k  (h/Mpc)    Pcb(k)  (Mpc/h)^3    Pcb_linear(k) (Mpc/h)^3   ShotnoiseSubtracted = true
      0.0200456         38.2942         38.8504 
      0.0350414         29.6593         29.5351 
      0.0492313         22.1262         22.0332 
      0.0637834         18.7291         18.7791 
      0.0800726         15.1711         15.2395 
       0.096163         11.2869         11.2036 
       0.111083         9.10946         9.03065 
       0.126058         8.09293         8.11263 
       0.142273         6.93478         6.96564 
       0.158546         5.56094         5.54502 
        0.17375         4.72555         4.69951 
       0.188953         4.28999          4.2933 
       0.204907         3.80714         3.83617 
       0.220756         3.26612         3.26551 
        0.23588         2.85443         2.85257 
         0.2514         2.60575         2.60744 
       0.267535         2.37309          2.3768 
       0.283568         2.10687         2.10762 
       0.299022         1.88516         1.88488 
       0.314451         1.73623         1.73018 
       0.330372          1.5956         1.59612 
       0.346141         1.45577         1.45553 
       0.361624         1.32681         1.32768 
       0.377134         1.22333         1.22598 
       0.392932         1.14549         1.13913 
       0.408854         1.05253          1.0544 
       0.424564         0.97861        0.975168 
       0.440253         0.90746        0.906951 
       0.455999        0.844947        0.847852 
       0.471626        0.790815        0.793409 
        0.48727         0.74337        0.741985 
       0.502856         0.69715        0.695615 
       0.518488        0.651481        0.654247 
       0.534347        0.611581        0.615724 
       0.550082        0.579943        0.580061 
       0.565732        0.549758        0.547273 
       0.581496        0.516847        0.517189 
       0.597222        0.488715        0.489552 
       0.612804        0.463325         0.46406 
       0.628434         0.43872        0.440232 
       0.644267        0.417626        0.417872 
       0.660051        0.397381         0.39724 
       0.675724        0.376976        0.378153 
       0.691403        0.358976        0.360315 
       0.707174         0.34251        0.343537 
       0.722871        0.329049        0.327905 
        0.73838        0.311987        0.313422 
       0.754018        0.298135        0.299713 
       0.769845         0.28434        0.286683 
        0.78569        0.273126        0.274425 
       0.801365        0.262339        0.263014 
       0.817031        0.251618         0.25227 
       0.832809        0.240745        0.242068 
       0.848511         0.23149        0.232486 
       0.864097        0.223062        0.223497 
       0.879701        0.214966        0.214983 
       0.895507        0.205311         0.20682 
       0.911279        0.198457        0.199104 
        0.92691        0.191823        0.191853 
       0.942635        0.183802        0.184929 
       0.958396         0.17763        0.178337 
       0.974128        0.171283        0.172084 
       0.989692        0.165418        0.166197 
        1.00528         0.15932        0.160581 
        1.02113        0.154838        0.155141 
        1.03692        0.149609        0.149976 
        1.05264        0.144216        0.145074 
        1.06832        0.139679        0.140403 
        1.08405         0.13501        0.135927 
        1.09979        0.130991        0.131647 
        1.11537        0.126346        0.127597 
        1.13105        0.122401        0.123695 
        1.14679        0.118886        0.119944 
        1.16256        0.115695        0.116343 
        1.17828         0.11226        0.112905 
        1.19395        0.108949        0.109618 
         1.2097        0.105573        0.106448 
        1.22537        0.102314        0.103421 
          1.241       0.0995273        0.100522 
        1.25666       0.0969821       0.0977288 
        1.27241       0.0941024       0.0950301 
        1.28819       0.0913913       0.0924302 
        1.30392       0.0892057       0.0899366 
        1.31957       0.0866372       0.0875474 
        1.33529       0.0846362       0.0852375 
        1.35108        0.082014        0.083003 
        1.36674       0.0801821       0.0808657 
         1.3824       0.0778723       0.0788068 
        1.39811       0.0757901       0.0768137 
        1.41389       0.0741728       0.0748828 
        1.42964       0.0720896       0.0730226 
        1.44531       0.0703493       0.0712355 
        1.46101       0.0685403       0.0695052 
        1.47667       0.0669872       0.0678384 
        1.49229       0.0653811       0.0662315 
        1.50793       0.0638515       0.0646755 
        1.52367       0.0623308       0.0631602 
        1.53953       0.0606339       0.0616839 
        1.55526       0.0592937       0.0602673 
        1.57092       0.0581734       0.0589016 
        1.58662        0.056749       0.0575755 
        1.60235       0.0553704       0.0562883 
        1.61809       0.0541947       0.0550402 
        1.63369       0.0529528       0.0538417 
        1.64941        0.051754       0.0526707 
        1.66519       0.0506938       0.0515308 
        1.68085       0.0495629       0.0504331 
        1.69652       0.0485862       0.0493676 
        1.71228       0.0473848       0.0483272 
        1.72806       0.0465478       0.0473163 
        1.74368       0.0455125       0.0463449 
        1.75933       0.0445558       0.0453991 
        1.77505       0.0437338       0.0444757 
        1.79081       0.0427287       0.0435767 
         1.8065       0.0419597       0.0427066 
        1.82218       0.0409865       0.0418614 
        1.83797       0.0402035       0.0410336 
        1.85367       0.0393628        0.040233 
        1.86928       0.0384835       0.0394589 
        1.88497       0.0377914       0.0387012 
        1.90073       0.0369718       0.0379608 
        1.91647       0.0365087       0.0372407 
        1.93218       0.0358826        0.036541 
        1.94787       0.0349968       0.0358605 
        1.96363       0.0343376        0.035195 
        1.97935       0.0336747       0.0345478 
        1.99499       0.0331233       0.0339208 
        2.01064       0.0324416       0.0333087 
         2.0264          0.0319        0.032708 
        2.04216        0.031354       0.0321226 
        2.05781       0.0306909       0.0315554 
        2.07353       0.0301918           0.031 
        2.08928       0.0296462        0.030457 
        2.10499       0.0291829       0.0299285 
        2.12065       0.0286361       0.0294144 
        2.13633       0.0281406        0.028912 
        2.15211       0.0276538       0.0284183 
        2.16785       0.0270451       0.0279376 
        2.18349       0.0266649       0.0274712 
        2.19916       0.0261574       0.0270145 
        2.21489       0.0257233       0.0265669 
        2.23063       0.0253944       0.0261292 
         2.2463       0.0249383       0.0257035 
        2.26194       0.0245363       0.0252884 
        2.27765       0.0241225       0.0248805 
        2.29341       0.0236797       0.0244806 
        2.30914       0.0232986       0.0240904 
        2.32486       0.0228729       0.0237091 
        2.34061       0.0225179       0.0233355 
        2.35635       0.0222079       0.0229703 
        2.37203       0.0219229       0.0226143 
        2.38768       0.0216209       0.0222667 
        2.40339        0.021182       0.0219253 
        2.41914       0.0208431       0.0215902 
        2.43483       0.0205918       0.0212635 
         2.4505       0.0202063       0.0209441 
        2.46622       0.0198805       0.0206303 
        2.48195       0.0195667       0.0203229 
        2.49759       0.0192899       0.0200235 
        2.51328       0.0189467       0.0197295 
        2.52906       0.0186992       0.0194395 
        2.54479       0.0184367       0.0191566 
        2.56049       0.0181212       0.0188798 
        2.57618       0.0178663       0.0186089 
        2.59189       0.0175757       0.0183429 
        2.60758       0.0174029       0.0180826 
        2.62325       0.0170688       0.0178277 
        2.63898       0.0168745       0.0175769 
        2.65468       0.0165725       0.0173315 
        2.67044       0.0163591       0.0170898 
        2.68618       0.0160979       0.0168533 
        2.70184       0.0159535       0.0166223 
        2.71755       0.0157003        0.016395 
        2.73329       0.0155229       0.0161718 
        2.74897       0.0152429       0.0159534 
        2.76462       0.0150523       0.0157397 
        2.78034        0.014859       0.0155289 
        2.79607       0.0146364       0.0153219 
        2.81179        0.014445       0.0151189 
        2.82749       0.0142695       0.0149199 
        2.84321       0.0140534       0.0147243 
        2.85893       0.0138739       0.0145323 
        2.87462       0.0136811        0.014344 
        2.89033       0.0135001        0.014159 
        2.90605       0.0133012       0.0139771 
        2.92176       0.0131564       0.0137985 
        2.93747       0.0129827       0.0136232 
        2.95318       0.0127952       0.0134509 
        2.96891       0.0126056       0.0132816 
        2.98456       0.0124528       0.0131159 
        3.00023       0.0123533       0.0129529 
        3.01596       0.0121481       0.0127922 
        3.03164       0.0119955       0.0126346 
        3.04738       0.0118598       0.0124793 
         3.0631       0.0116662       0.0123267 
        3.07883       0.0115645       0.0121767 
        3.09456       0.0114032       0.0120292 
        3.11026       0.0112372       0.0118844 
        3.12596       0.0111472        0.011742 
        3.14163       0.0110003       0.0116023 
        3.15734       0.0108908       0.0114646 
        3.17308       0.0107518       0.0113288 
        3.18879       0.0105736       0.0111956 
        3.20447       0.0104921       0.0110648 
         3.2202       0.0103513       0.0109357 
         3.2359       0.0102362       0.0108089 
        3.25157       0.0101028       0.0106844 
        3.26729      0.00997917       0.0105615 
        3.28304      0.00989753       0.0104403 
        3.29877      0.00976508       0.0103212 
        3.31446      0.00963938       0.0102043 
        3.33014      0.00952723       0.0100893 
        3.34585      0.00946102      0.00997589 
        3.36158      0.00932967      0.00986408 
        3.37727      0.00921542      0.00975435 
        3.39294      0.00910564      0.00964642 
        3.40867      0.00901908      0.00953974 
        3.42439      0.00890582      0.00943476 
        3.44008       0.0088153      0.00933157 
        3.45578      0.00872419      0.00922987 
        3.47153       0.0086162      0.00912947 
        3.48724      0.00853224      0.00903076 
        3.50292      0.00844527      0.00893376 
        3.51859        0.008398      0.00883824 
        3.53431      0.00826967      0.00874383 
        3.55007      0.00818375      0.00865059 
        3.56577      0.00809134      0.00855909 
        3.58146       0.0080165      0.00846897 
        3.59719      0.00794747      0.00837995 
        3.61292      0.00785296      0.00829225 
        3.62859      0.00774703      0.00820615 
        3.64429      0.00770374      0.00812112 
        3.66003      0.00763914      0.00803705 
        3.67578      0.00754425      0.00795421 
        3.69146      0.00749042      0.00787287 
        3.70712      0.00739086      0.00779282 
        3.72284      0.00733465       0.0077136 
        3.73853      0.00724784      0.00763563 
        3.75422      0.00719259      0.00755872 
        3.76993      0.00712971      0.00748281 
        3.78564      0.00707182      0.00740799 
        3.80137      0.00699528      0.00733408 
        3.81707       0.0069175      0.00726134 
        3.83279      0.00684791      0.00718954 
        3.84853        0.006811       0.0071186 
        3.86424        0.006734      0.00704878 
        3.87992      0.00668601         0.00698 
        3.89561      0.00663045      0.00691214 
        3.91134      0.00657029      0.00684506 
        3.92704       0.0065181      0.00677895 
        3.94273      0.00646207      0.00671379 
        3.95845      0.00642208      0.00664938 
        3.97418      0.00635986      0.00658581 
        3.98988      0.00628464      0.00652316 
        4.00554      0.00623308      0.00646151 
        4.02125      0.00616002      0.00640048 
        4.03698      0.00606657      0.00634016 
        4.05268      0.00599946      0.00628076 
        4.06839      0.00593886      0.00622208 
         4.0841      0.00584985      0.00616418 
        4.09983      0.00579888      0.00610695 
        4.11555      0.00570392      0.00605047 
        4.13124      0.00565588      0.00599486 
        4.14693      0.00558843      0.00593992 
        4.16266      0.00553348      0.00588554 
        4.17839      0.00547531      0.00583189 
        4.19408      0.00540266      0.00577903 
        4.20977      0.00534812      0.00572681 
        4.22551       0.0052994      0.00567512 
        4.24123      0.00525313      0.00562412 
        4.25691      0.00522137       0.0055739 
        4.27259      0.00515896      0.00552428 
        4.28831       0.0051181      0.00547517 
        4.30404      0.00506368      0.00542661 
        4.31974       0.0050533      0.00537876 
        4.33543       0.0049942      0.00533152 
        4.35116      0.00496179      0.00528474 
        4.36688      0.00492513      0.00523854 
        4.38255      0.00490947      0.00519307 
        4.39825      0.00488136      0.00514805 
        4.41398      0.00483376      0.00510348 
         4.4297      0.00481448      0.00505948 
        4.44541      0.00479262      0.00501602 
        4.46111      0.00477192      0.00497311 
        4.47683      0.00476253      0.00493068 
        4.49251      0.00473111      0.00488883 
        4.50819      0.00470774      0.00484748 
         4.5239      0.00469606      0.00480656 
        4.53962      0.00469797      0.00476606 
        4.55535      0.00467381      0.00472602 
        4.57106      0.00468486      0.00468649 
        4.58678      0.00467091      0.00464742 
         4.6025      0.00467093      0.00460878 
        4.61821      0.00466363       0.0045706 
        4.63391       0.0046632       0.0045329 
         4.6496      0.00463868      0.00449565 
        4.66532      0.00466629      0.00445876 
        4.68103      0.00465766       0.0044223 
        4.69673      0.00465735       0.0043863 
        4.71241      0.00469959      0.00435073 
        4.72811      0.00469851       0.0043155 
        4.74384      0.00469685      0.00428062 
        4.75955      0.00473137      0.00424619 
        4.77525      0.00473635      0.00421216 
        4.79096       0.0047582      0.00417846 
        4.80669      0.00477514      0.00414511 
         4.8224      0.00479781      0.00411218 
        4.83809      0.00481192      0.00407964 
        4.85379       0.0048552      0.00404743 
         4.8695      0.00489723      0.00401555 
        4.88521      0.00491618      0.00398403 
        4.90093      0.00493929      0.00395285 
        4.91663      0.00499919      0.00392203 
        4.93234      0.00500984      0.00389151 
        4.94807      0.00505098       0.0038613 
        4.96377      0.00508551      0.00383147 
        4.97943       0.0051542      0.00380202 
        4.99514      0.00517794       0.0037728 
        5.01086      0.00523557      0.00374388 
        5.02654      0.00529123      0.00371533 
        5.04227      0.00532186      0.00368701 
          5.058      0.00540643      0.00365896 
        5.07371      0.00544448      0.00363127 
        5.08942      0.00554051      0.00360386 
        5.10513        0.005573      0.00357673 
        5.12084      0.00564149      0.00354988 
        5.13656      0.00571687       0.0035233 
        5.15225      0.00579375      0.00349705 
        5.16796      0.00587045      0.00347102 
        5.18369      0.00593222      0.00344524 
         5.1994      0.00604894      0.00341977 
        5.21509      0.00608397      0.00339458 
        5.23079      0.00617175      0.00336962 
        5.24649      0.00627083      0.00334493 
        5.26217       0.0063594      0.00332051 
        5.27788      0.00644245       0.0032963 
        5.29359      0.00653721      0.00327233 
        5.30933      0.00664767      0.00324857 
        5.32504       0.0067125      0.00322508 
        5.34073      0.00685958      0.00320186 
        5.35646      0.00696386      0.00317882 
        5.37218       0.0071064        0.003156 
        5.38789      0.00720538      0.00313345 
        5.40357      0.00730211      0.00311114 
        5.41929      0.00742467      0.00308901 
        5.43502      0.00759558      0.00306708 
         5.4507      0.00771212      0.00304543 
        5.46639      0.00780694      0.00302399 
        5.48212      0.00795707       0.0030027 
        5.49786      0.00815525      0.00298159 
        5.51353       0.0083009       0.0029608 
        5.52921       0.0084217      0.00294018 
        5.54495      0.00861992       0.0029197 
        5.56066      0.00878709      0.00289944 
        5.57637      0.00896041      0.00287938 
        5.59207      0.00912088      0.00285953 
        5.60778      0.00930189      0.00283985 
        5.62346      0.00946499       0.0028204 
        5.63916      0.00964219       0.0028011 
        5.65487      0.00987308      0.00278198 
         5.6706       0.0100403      0.00276302 
        5.68633        0.010283      0.00274423 
        5.70203        0.010531      0.00272566 
        5.71773       0.0106564      0.00270726 
        5.73344       0.0108651      0.00268902 
        5.74916       0.0111856      0.00267094 
        5.76486       0.0113763      0.00265305 
        5.78054       0.0116302      0.00263535 
        5.79626       0.0118581      0.00261776 
          5.812       0.0121479      0.00260032 
         5.8277       0.0123939      0.00258309 
        5.84339       0.0127318      0.00256602 
        5.85911       0.0130483      0.00254907 
        5.87484       0.0132699      0.00253228 
        5.89053        0.013587      0.00251568 
        5.90623       0.0139394      0.00249922 
        5.92195       0.0141963      0.00248288 
        5.93767       0.0145057      0.00246669 
        5.95336       0.0149038      0.00245068 
        5.96905       0.0153362      0.00243481 
        5.98476       0.0155891      0.00241907 
        6.00048       0.0160612      0.00240346 
        6.01617        0.016321      0.00238801 
        6.03185       0.0166746      0.00237272 
        6.04756       0.0172171      0.00235753 
        6.06331        0.017529      0.00234243 
        6.07903       0.0180406      0.00232751 
        6.09473       0.0183909      0.00231272 
        6.11044       0.0190402      0.00229806 
        6.12616       0.0193998      0.00228352 
        6.14186       0.0198073      0.00226913 
        6.15755       0.0205108      0.00225486 
        6.17326        0.020776      0.00224071 
        6.18898       0.0214594      0.00222667 
        6.20467       0.0219275      0.00221278 
        6.22036       0.0225761      0.00219901 
         6.2361       0.0229595      0.00218532 
         6.2518       0.0236978      0.00217177 
        6.26748       0.0241898      0.00215836 
        6.28319        0.025036      0.00214504 
        6.29893        0.025655      0.00213181 
        6.31463       0.0262729      0.00211872 
        6.33033       0.0269076      0.00210575 
        6.34604       0.0275964      0.00209287 
        6.36177       0.0283395      0.00208009 
        6.37747       0.0292854      0.00206745 
        6.39316       0.0297469      0.00205492 
        6.40888       0.0308316      0.00204246 
         6.4246        0.031751      0.00203012 
        6.44031       0.0327622      0.00201788 
        6.45601       0.0334023      0.00200575 
        6.47172         0.03436      0.00199372 
        6.48744       0.0353342      0.00198178 
        6.50313        0.036213      0.00196996 
        6.51882       0.0372717      0.00195824 
        6.53452       0.0382513       0.0019466 
        6.55025       0.0395994      0.00193504 
        6.56597       0.0409114      0.00192359 
        6.58166       0.0417026      0.00191225 
        6.59736       0.0429469        0.001901 
        6.61307       0.0441195      0.00188982 
         6.6288       0.0454366      0.00187873 
         6.6445        0.047117      0.00186774 
         6.6602       0.0486304      0.00185685 
        6.67592        0.050034      0.00184603 
        6.69164       0.0514656       0.0018353 
        6.70735       0.0527603      0.00182466 
        6.72304       0.0547818      0.00181412 
        6.73874       0.0561127      0.00180366 
        6.75446       0.0581388      0.00179326 
        6.77016       0.0596174      0.00178297 
        6.78585        0.061431      0.00177276 
        6.80156       0.0642854      0.00176262 
        6.81729       0.0660143      0.00175255 
        6.83301       0.0679223      0.00174256 
         6.8487       0.0704583      0.00173267 
         6.8644       0.0723271      0.00172285 
        6.88012       0.0749856       0.0017131 
        6.89583       0.0775736      0.00170343 
        6.91151       0.0804942      0.00169385 
        6.92723       0.0827903      0.00168433 
        6.94296       0.0866662      0.00167487 
        6.95866       0.0882687       0.0016655 
        6.97436       0.0924647      0.00165621 
        6.99007       0.0958737      0.00164698 
        7.00578         0.09835      0.00163783 
        7.02147        0.102527      0.00162875 
        7.03718        0.105816      0.00161973 
         7.0529        0.110547      0.00161078 
        7.06863         0.11417      0.00160189 
        7.08433         0.11886      0.00159308 
        7.10004        0.122325      0.00158434 
        7.11575        0.128556      0.00157566 
        7.13145        0.131445      0.00156705 
        7.14715        0.137422      0.00155851 
        7.16284        0.143825      0.00155004 
        7.17855        0.150042      0.00154162 
        7.19428        0.154778      0.00153326 
        7.20998        0.161805      0.00152497 
        7.22568        0.170533      0.00151674 
        7.24139        0.175026      0.00150857 
        7.25711        0.183275      0.00150046 
        7.27282        0.191841      0.00149241 
        7.28852        0.199667      0.00148443 
        7.30423        0.208377       0.0014765 
        7.31995        0.216424      0.00146863 
        7.33565        0.226945      0.00146082 
        7.35135        0.237018      0.00145307 
        7.36706        0.248058      0.00144537 
        7.38277        0.258729      0.00143773 
        7.39847        0.274345      0.00143015 
        7.41419        0.285737      0.00142262 
         7.4299        0.301226      0.00141514 
        7.44561        0.308063      0.00140772 
        7.46132        0.329509      0.00140035 
        7.47701        0.344769      0.00139305 
        7.49272        0.360386      0.00138579 
        7.50842        0.384332      0.00137858 
         7.5241        0.408164      0.00137144 
        7.53981        0.423805      0.00136433 
        7.55552        0.453811      0.00135728 
        7.57125        0.474341      0.00135026 
        7.58698         0.50491       0.0013433 
        7.60268        0.532352       0.0013364 
         7.6184        0.573408      0.00132954 
        7.63411        0.598587      0.00132274 
        7.64981         0.63849      0.00131598 
        7.66552        0.673922      0.00130927 
        7.68123        0.706683      0.00130261 
        7.69695        0.778945      0.00129599 
        7.71264        0.818941      0.00128943 
        7.72834        0.879392      0.00128291 
        7.74407        0.928382      0.00127642 
        7.75978        0.975655      0.00126999 
        7.77546          1.0604      0.00126361 
        7.79116         1.13276      0.00125727 
         7.8069         1.19521      0.00125096 
         7.8226         1.29657      0.00124471 
        7.83828         1.41272      0.00123851 
        7.85399           1.522      0.00123234 
        7.86972         1.62928       0.0012262 
        7.88543         1.78323      0.00122012 
        7.90111         1.90167      0.00121409 
        7.91681         2.15371      0.00120809 
        7.93255         2.21619      0.00120212 
        7.94828         2.36472      0.00119619 
        7.96397          2.6326      0.00119032 
        7.97967          2.9402      0.00118448 
        7.99538         3.24207      0.00117868 
         8.0111         3.56128      0.00117292 
         8.0268         3.66317       0.0011672 
        8.04248          5.5836      0.00116152 
         8.0582         3.84257      0.00115588 
        8.07393         3.68831      0.00115026 
        8.08963         3.07447       0.0011447 
        8.10533         2.79729      0.00113917 
        8.12104         2.51429      0.00113367 
        8.13675         2.44791      0.00112821 
        8.15245         2.19685      0.00112279 
        8.16815         1.96642      0.00111741 
        8.18387         1.83548      0.00111206 
        8.19959         1.65666      0.00110674 
         8.2153         1.62948      0.00110146 
        8.23101         1.50602      0.00109621 
        8.24672         1.36755        0.001091 
        8.26241          1.3217      0.00108583 
         8.2781         1.19657       0.0010807 
        8.29381           1.143      0.00107559 
        8.30952          1.0836      0.00107051 
        8.32524         1.02178      0.00106547 
        8.34095        0.959067      0.00106046 
        8.35666        0.920943      0.00105548 
        8.37237        0.865414      0.00105054 
        8.38808        0.818064      0.00104563 
        8.40379        0.776185      0.00104075 
         8.4195        0.741552       0.0010359 
         8.4352        0.710703      0.00103108 
        8.45091        0.673795       0.0010263 
        8.46662        0.647899      0.00102154 
        8.48232         0.60772      0.00101682 
        8.49802        0.583647      0.00101212 
        8.51374        0.561241      0.00100746 
        8.52945         0.52799      0.00100282 
        8.54515        0.519651     0.000998217 
        8.56086        0.490565     0.000993638 
        8.57658        0.473691     0.000989089 
        8.59228        0.449955     0.000984572 
        8.60799         0.43604      0.00098008 
        8.62371        0.418198     0.000975617 
        8.63942        0.397066     0.000971182 
        8.65512        0.393241     0.000966778 
        8.67082        0.376262     0.000962402 
        8.68653         0.36088      0.00095805 
        8.70224        0.351354     0.000953726 
        8.71795        0.339608      0.00094943 
        8.73365        0.327027     0.000945161 
        8.74936        0.319487     0.000940918 
        8.76506        0.308397     0.000936704 
        8.78076        0.298151     0.000932514 
        8.79646        0.287913     0.000928351 
        8.81218        0.281018      0.00092421 
        8.82791        0.276603      0.00092009 
         8.8436        0.268165     0.000916005 
         8.8593        0.256896     0.000911946 
        8.87503        0.252284     0.000907901 
        8.89076        0.244517     0.000903883 
        8.90644        0.240342       0.0008999 
        8.92214        0.232131     0.000895938 
        8.93786         0.22594     0.000891995 
        8.95357        0.221329     0.000888077 
        8.96928         0.21645     0.000884185 
        8.98498        0.210823     0.000880317 
        9.00069        0.205866     0.000876472 
        9.01639        0.201415     0.000872649 
        9.03208        0.197555     0.000868855 
        9.04778        0.192839     0.000865079 
        9.06351        0.189921     0.000861321 
        9.07923        0.186386     0.000857587 
        9.09493        0.183364      0.00085388 
        9.11062        0.178697     0.000850197 
        9.12635        0.174753     0.000846529 
        9.14207        0.172717     0.000842883 
        9.15777        0.169453     0.000839263 
        9.17346        0.165695     0.000835667 
        9.18917        0.164339     0.000832088 
         9.2049        0.161466     0.000828526 
        9.22061        0.157718      0.00082499 
        9.23631        0.155697     0.000821476 
        9.25201        0.154004     0.000817983 
        9.26773        0.150647     0.000814507 
        9.28343        0.149231     0.000811054 
        9.29913          0.1475     0.000807622 
        9.31484        0.146322     0.000804209 
        9.33057        0.144001     0.000800811 
        9.34627        0.142725     0.000797437 
        9.36197        0.140983     0.000794086 
        9.37768        0.138532      0.00079075 
        9.39338        0.138493     0.000787436 
        9.40909        0.136757     0.000784141 
        9.42479        0.136069     0.000780866 
         9.4405        0.134983     0.000777609 
        9.45621         0.13304     0.000774369 
        9.47193        0.132975     0.000771148 
        9.48763        0.131242     0.000767949 
        9.50334         0.13197     0.000764765 
        9.51906        0.130427       0.0007616 
        9.53476        0.129925     0.000758456 
        9.55045        0.129879      0.00075533 
        9.56616        0.128444      0.00075222 
        9.58188        0.129831     0.000749124 
        9.59759        0.128315     0.000746047 
         9.6133        0.128068     0.000742987 
        9.62901        0.128663     0.000739943 
        9.64471        0.127632     0.000736917 
        9.66041        0.128907     0.000733908 
        9.67612        0.127814     0.000730912 
        9.69184        0.129173     0.000727932 
        9.70754        0.129105     0.000724973 
        9.72324        0.128786     0.000722031 
        9.73895        0.130488     0.000719106 
        9.75467        0.129294     0.000716197 
        9.77038        0.132095     0.000713308 
        9.78607        0.131256     0.000710441 
        9.80177        0.132127     0.000707592 
        9.81749         0.13435     0.000704758 
         9.8332        0.132459     0.000701946 
         9.8489        0.137114     0.000699153 
        9.86463        0.135494     0.000696372 
        9.88035        0.138035     0.000693606 
        9.89606        0.139149     0.000690857 
        9.91175         0.13969      0.00068812 
        9.92745        0.143829     0.000685392 
        9.94317        0.142497     0.000682669 
        9.95888        0.147226     0.000679953 
        9.97458        0.146801     0.000677243 
        9.99029        0.148873     0.000674533 
         10.006        0.152686      0.00067286 
        10.0217        0.150457      0.00067286 
        10.0374        0.159174      0.00067286 
        10.0531        0.157214      0.00067286 
        10.0688        0.161901      0.00067286 
        10.0845        0.164523      0.00067286 
        10.1002        0.163486      0.00067286 
        10.1159        0.173795      0.00067286 
        10.1317        0.170274      0.00067286 
        10.1474        0.178504      0.00067286 
        10.1631        0.179088      0.00067286 
        10.1788        0.182274      0.00067286 
        10.1945        0.191685      0.00067286 
        10.2102        0.186174      0.00067286 
        10.2259        0.200996      0.00067286 
        10.2416         0.19754      0.00067286 
        10.2573        0.204414      0.00067286 
         10.273        0.212553      0.00067286 
        10.2887        0.207525      0.00067286 
        10.3044        0.228669      0.00067286 
        10.3201        0.220309      0.00067286 
        10.3359        0.234886      0.00067286 
        10.3516        0.236102      0.00067286 
        10.3673        0.237889      0.00067286 
         10.383        0.256759      0.00067286 
        10.3987        0.246978      0.00067286 
        10.4144         0.27197      0.00067286 
        10.4301        0.268326      0.00067286 
        10.4458         0.27983      0.00067286 
        10.4615        0.291557      0.00067286 
        10.4772        0.279847      0.00067286 
        10.4929        0.324119      0.00067286 
        10.5086        0.305693      0.00067286 
        10.5244        0.330796      0.00067286 
        10.5401        0.335904      0.00067286 
        10.5558        0.331219      0.00067286 
        10.5715         0.37625      0.00067286 
        10.5872        0.351075      0.00067286 
        10.6029        0.396964      0.00067286 
        10.6186        0.387003      0.00067286 
        10.6343         0.40368      0.00067286 
          10.65        0.435018      0.00067286 
        10.6657        0.402806      0.00067286 
        10.6814        0.483868      0.00067286 
        10.6971        0.444177      0.00067286 
        10.7129        0.496652      0.00067286 
        10.7286         0.50438      0.00067286 
        10.7443         0.48312      0.00067286 
          10.76          0.5818      0.00067286 
        10.7757        0.519712      0.00067286 
        10.7914         0.60983      0.00067286 
        10.8071        0.582929      0.00067286 
        10.8228        0.608262      0.00067286 
        10.8385        0.685898      0.00067286 
        10.8542        0.603272      0.00067286 
        10.8699        0.775223      0.00067286 
        10.8856        0.683385      0.00067286 
        10.9014         0.77099      0.00067286 
        10.9171         0.79129      0.00067286 
        10.9328        0.710085      0.00067286 
        10.9485        0.986219      0.00067286 
        10.9642        0.792457      0.00067286 
        10.9799         1.01104      0.00067286 
        10.9956         0.91275      0.00067286 
        11.0113        0.958519      0.00067286 
         11.027         1.12028      0.00067286 
        11.0427        0.919609      0.00067286 
        11.0584         1.28058      0.00067286 
        11.0741          1.0488      0.00067286 
        11.0898         1.28716      0.00067286 
        11.1055         1.23026      0.00067286 
        11.1212         1.07193      0.00067286 
         11.137         1.62345      0.00067286 
        11.1527         1.17987      0.00067286 
        11.1684         1.66625      0.00067286 
        11.1841         1.38611      0.00067286 
        11.1998         1.46259      0.00067286 
        11.2155         1.77601      0.00067286 
        11.2312         1.36793      0.00067286 
        11.2469         2.07243      0.00067286 
        11.2626           1.512      0.00067286 
        11.2783         2.00817      0.00067286 
         11.294         1.72554      0.00067286 
        11.3097         1.53172      0.00067286 
        11.3254         2.42594      0.00067286 
        11.3412          1.6169      0.00067286 
        11.3569          2.3964      0.00067286 
        11.3726         1.77337      0.00067286 
        11.3883         1.84279      0.00067286 
         11.404         2.25367      0.00067286 
        11.4197         1.56195      0.00067286 
        11.4354         2.27317      0.00067286 
        11.4511         1.58326      0.00067286 
        11.4668         1.88292      0.00067286 
        11.4825         1.72539      0.00067286 
        11.4982         1.37359      0.00067286 
         11.514         1.97036      0.00067286 
        11.5297         1.36812      0.00067286 
        11.5454         1.69858      0.00067286 
        11.5611         1.43666      0.00067286 
        11.5768         1.19728      0.00067286 
        11.5925         1.67585      0.00067286 
        11.6082         1.16362      0.00067286 
        11.6239         1.45607      0.00067286 
        11.6396         1.17976      0.00067286 
        11.6553          1.1431      0.00067286 
         11.671         1.30553      0.00067286 
        11.6867         1.01017      0.00067286 
        11.7024         1.25229      0.00067286 
        11.7182         1.00078      0.00067286 
        11.7339          1.0566      0.00067286 
        11.7496         1.03456      0.00067286 
        11.7653        0.864639      0.00067286 
         11.781         1.05746      0.00067286 
        11.7967        0.859137      0.00067286 
        11.8124        0.926855      0.00067286 
        11.8281        0.861967      0.00067286 
        11.8438        0.777938      0.00067286 
        11.8595        0.891764      0.00067286 
        11.8752        0.737107      0.00067286 
         11.891        0.803545      0.00067286 
        11.9067         0.72871      0.00067286 
        11.9224        0.708988      0.00067286 
        11.9381        0.733096      0.00067286 
        11.9538        0.637477      0.00067286 
        11.9695        0.707865      0.00067286 
        11.9852        0.625498      0.00067286 
        12.0009         0.62829      0.00067286 
        12.0166        0.625266      0.00067286 
        12.0323        0.553795      0.00067286 
         12.048         0.62784      0.00067286 
        12.0637        0.548265      0.00067286 
