# k  (h/Mpc)    Pcb(k)  (Mpc/h)^3    Pcb_linear(k) (Mpc/h)^3   ShotnoiseSubtracted = true
      0.0200456         17765.3         18041.5 
      0.0350414         10290.5         10575.8 
      0.0492313         6825.59         6833.97 
      0.0637834         5721.51         5523.85 
      0.0800726         4320.49         4164.06 
       0.096163         2762.14         2746.07 
       0.111083         2149.67         2118.01 
       0.126058         1982.22         1903.15 
       0.142273          1684.9         1560.53 
       0.158546         1364.77         1158.01 
        0.17375         1070.88         963.346 
       0.188953         1040.56         882.162 
       0.204907         959.226         765.042 
       0.220756         801.783         622.337 
        0.23588         703.505         535.414 
         0.2514         607.244         489.017 
       0.267535         586.647          437.23 
       0.283568         525.917         376.245 
       0.299022         489.854         331.662 
       0.314451         458.285         303.236 
       0.330372         419.197         276.085 
       0.346141         376.506         246.813 
       0.361624         363.781         222.182 
       0.377134         333.137         203.858 
       0.392932         313.992         187.609 
       0.408854         300.845         171.257 
       0.424564         280.824         156.589 
       0.440253         273.479         144.538 
       0.455999         254.884         134.043 
       0.471626          241.06          124.17 
        0.48727         228.732         115.023 
       0.502856         220.989         107.039 
       0.518488         217.708         99.9434 
       0.534347         203.634         93.3087 
       0.550082         191.754         87.1913 
       0.565732         187.336         81.6909 
       0.581496         176.161         76.6827 
       0.597222         171.812         72.0975 
       0.612804         166.496         67.8792 
       0.628434         158.982         63.9825 
       0.644267         153.716         60.3657 
       0.660051         151.161         57.0383 
       0.675724          146.93          53.977 
       0.691403         142.311         51.1349 
       0.707174         137.191          48.479 
       0.722871         134.066         46.0199 
        0.73838         131.291         43.7554 
       0.754018         128.009         41.6245 
       0.769845         123.408         39.6108 
        0.78569         121.398         37.7271 
       0.801365         116.406         35.9832 
       0.817031         113.053         34.3498 
       0.832809         112.042         32.8067 
       0.848511         107.548         31.3646 
       0.864097         106.431         30.0184 
       0.879701         103.799         28.7493 
       0.895507         100.833         27.5381 
       0.911279         98.0426         26.3987 
        0.92691         97.4667         25.3326 
       0.942635         94.2086         24.3191 
       0.958396         93.9368         23.3584 
       0.974128         91.0835          22.451 
       0.989692         89.3227         21.6003 
        1.00528         87.3487          20.792 
        1.02113         86.0444         20.0122 
        1.03692         83.8929         19.2749 
        1.05264         82.1231         18.5779 
        1.06832         80.4386         17.9161 
        1.08405         79.0991         17.2845 
        1.09979         78.3068         16.6828 
        1.11537         76.2988         16.1154 
        1.13105         75.3157         15.5708 
        1.14679         74.4791         15.0491 
        1.16256         73.1892         14.5501 
        1.17828         71.9229         14.0752 
        1.19395         70.1957         13.6229 
         1.2097         69.0194          13.188 
        1.22537         68.3093          12.774 
          1.241         67.2044         12.3789 
        1.25666         65.7964         11.9994 
        1.27241         64.5113         11.6339 
        1.28819         63.8606         11.2829 
        1.30392         62.1989         10.9472 
        1.31957         62.0121         10.6266 
        1.33529         60.3395         10.3175 
        1.35108         59.7191         10.0194 
        1.36674         59.3749         9.73513 
         1.3824         58.0155         9.46203 
        1.39811         57.0622         9.19841 
        1.41389         56.3372         8.94374 
        1.42964          55.138         8.69905 
        1.44531          54.229         8.46463 
        1.46101         53.3614         8.23828 
        1.47667         53.4248          8.0208 
        1.49229         52.5198         7.81168 
        1.50793         51.8323         7.60972 
        1.52367         50.8434         7.41353 
        1.53953         50.1251         7.22289 
        1.55526         49.6781          7.0404 
        1.57092         49.4137         6.86492 
        1.58662           47.91         6.69494 
        1.60235         47.8349         6.53035 
        1.61809         47.0625         6.37115 
        1.63369         46.4416         6.21861 
        1.64941         46.1443         6.06994 
        1.66519         44.9893         5.92555 
        1.68085         44.7969         5.78684 
        1.69652         43.8026         5.65248 
        1.71228         43.3969         5.52159 
        1.72806         43.2477         5.39471 
        1.74368         42.5039         5.27304 
        1.75933         41.7611         5.15485 
        1.77505         41.5556         5.03969 
        1.79081         40.8721         4.92782 
         1.8065         40.2413         4.81978 
        1.82218          39.861         4.71505 
        1.83797         39.4256         4.61269 
        1.85367         39.1273          4.5139 
        1.86928         38.3119         4.41856 
        1.88497         38.0168         4.32544 
        1.90073         37.4813         4.23463 
        1.91647         37.2626         4.14648 
        1.93218         36.9427         4.06101 
        1.94787         36.3631         3.97804 
        1.96363          35.826         3.89705 
        1.97935         35.5914         3.81845 
        1.99499         35.1468         3.74244 
        2.01064         34.5893         3.66837 
         2.0264         34.1063         3.59583 
        2.04216         33.9076         3.52526 
        2.05781         33.4775         3.45701 
        2.07353          32.887          3.3903 
        2.08928         32.8256          3.3252 
        2.10499         32.2312         3.26196 
        2.12065         31.9176         3.20054 
        2.13633         31.5848         3.14063 
        2.15211         31.3971         3.08185 
        2.16785          30.903         3.02473 
        2.18349         30.7142         2.96939 
        2.19916         30.1909         2.91532 
        2.21489         29.9718         2.86239 
        2.23063          29.655         2.81073 
         2.2463         29.1993         2.76057 
        2.26194         28.8125         2.71174 
        2.27765          28.781         2.66383 
        2.29341         28.3048         2.61694 
        2.30914         27.9135         2.57127 
        2.32486         27.5641          2.5267 
        2.34061         27.3987          2.4831 
        2.35635         26.9922         2.44056 
        2.37203         26.7811         2.39915 
        2.38768         26.4463         2.35878 
        2.40339         26.1661         2.31919 
        2.41914         25.8665          2.2804 
        2.43483         25.6892         2.24262 
         2.4505         25.5299         2.20576 
        2.46622         25.0331         2.16959 
        2.48195         24.8296         2.13422 
        2.49759         24.5174         2.09981 
        2.51328          24.331         2.06607 
        2.52906         24.0221         2.03285 
        2.54479         23.7712         2.00048 
        2.56049         23.4241         1.96887 
        2.57618         23.2627         1.93796 
        2.59189         22.9731         1.90766 
        2.60758         22.8646         1.87805 
        2.62325         22.5216         1.84909 
        2.63898         22.2749         1.82065 
        2.65468          21.978         1.79285 
        2.67044         21.8621         1.76551 
        2.68618         21.5678         1.73879 
        2.70184         21.4407         1.71273 
        2.71755          21.211         1.68713 
        2.73329         21.0147         1.66201 
        2.74897         20.7392         1.63748 
        2.76462         20.4668         1.61349 
        2.78034         20.4103         1.58988 
        2.79607         20.1528         1.56671 
        2.81179         19.9455         1.54403 
        2.82749         19.7608         1.52181 
        2.84321         19.5378         1.50001 
        2.85893         19.3855         1.47863 
        2.87462         19.2047          1.4577 
        2.89033         18.9115         1.43715 
        2.90605         18.8282         1.41698 
        2.92176         18.6971          1.3972 
        2.93747         18.4615          1.3778 
        2.95318         18.2351         1.35876 
        2.96891         18.0969         1.34008 
        2.98456         17.8915         1.32182 
        3.00023         17.6896         1.30387 
        3.01596         17.5265         1.28619 
        3.03164         17.3496         1.26889 
        3.04738         17.1811         1.25186 
         3.0631          17.007         1.23514 
        3.07883         16.8835         1.21872 
        3.09456         16.6801          1.2026 
        3.11026         16.5519         1.18679 
        3.12596         16.4396         1.17126 
        3.14163         16.2208         1.15605 
        3.15734         16.0841         1.14106 
        3.17308         15.9323         1.12631 
        3.18879         15.7758         1.11185 
        3.20447         15.6586         1.09766 
         3.2202         15.4735         1.08368 
         3.2359         15.3291         1.06996 
        3.25157         15.1676         1.05651 
        3.26729         15.0479         1.04324 
        3.28304          14.899         1.03018 
        3.29877         14.7812         1.01736 
        3.31446          14.583         1.00477 
        3.33014         14.4989        0.992413 
        3.34585         14.3181         0.98024 
        3.36158         14.2044         0.96825 
        3.37727         14.0646        0.956496 
        3.39294         13.9838        0.944946 
        3.40867         13.8156        0.933544 
        3.42439         13.6847        0.922333 
        3.44008         13.6149        0.911327 
        3.45578         13.4272        0.900489 
        3.47153         13.3043        0.889803 
        3.48724         13.1927        0.879306 
        3.50292         13.1273        0.869002 
        3.51859          12.951        0.858866 
        3.53431         12.8404        0.848858 
        3.55007         12.7138        0.838984 
        3.56577         12.5806        0.829304 
        3.58146         12.4632        0.819779 
        3.59719         12.3623         0.81038 
        3.61292         12.2646         0.80113 
        3.62859         12.1563        0.792058 
        3.64429         12.0516        0.783107 
        3.66003         11.9473        0.774266 
        3.67578         11.8446        0.765563 
        3.69146           11.77        0.757025 
        3.70712         11.5912        0.748631 
        3.72284         11.5199        0.740332 
        3.73853         11.4387        0.732172 
        3.75422         11.3381        0.724131 
        3.76993         11.2331        0.716202 
        3.78564         11.1147        0.708394 
        3.80137         11.0522        0.700688 
        3.81707         10.9328        0.693112 
        3.83279         10.8185         0.68564 
        3.84853         10.7154        0.678266 
        3.86424         10.6338        0.671013 
        3.87992         10.5168        0.663875 
        3.89561         10.4499         0.65684 
        3.91134         10.3726        0.649892 
        3.92704         10.2807         0.64305 
        3.94273         10.1838        0.636313 
        3.95845         10.0939         0.62966 
        3.97418          10.005        0.623098 
        3.98988         9.94563        0.616639 
        4.00554          9.8243        0.610287 
        4.02125         9.73743        0.604006 
        4.03698         9.65361        0.597802 
        4.05268         9.55438        0.591699 
        4.06839         9.48835        0.585675 
         4.0841         9.39506        0.579736 
        4.09983         9.31898        0.573871 
        4.11555         9.24374        0.568088 
        4.13124         9.14551        0.562399 
        4.14693         9.08793        0.556783 
        4.16266         9.01643         0.55123 
        4.17839         8.93559        0.545755 
        4.19408         8.86748        0.540366 
        4.20977         8.77421        0.535046 
        4.22551          8.7211        0.529785 
        4.24123         8.61971        0.524599 
        4.25691         8.55442        0.519496 
        4.27259         8.50361        0.514458 
        4.28831         8.40189        0.509477 
        4.30404         8.34746        0.504555 
        4.31974         8.26007        0.499709 
        4.33543         8.19807        0.494929 
        4.35116          8.1561        0.490198 
        4.36688         8.08214        0.485531 
        4.38255         8.01649        0.480942 
        4.39825         7.95986        0.476401 
        4.41398         7.86909        0.471908 
         4.4297         7.82176        0.467479 
        4.44541         7.74786        0.463106 
        4.46111         7.69587        0.458791 
        4.47683         7.63349        0.454528 
        4.49251         7.56991        0.450327 
        4.50819         7.52095         0.44618 
         4.5239         7.44231        0.442079 
        4.53962         7.39794        0.438023 
        4.55535         7.34965        0.434016 
        4.57106         7.28601        0.430064 
        4.58678          7.2203         0.42616 
         4.6025         7.14337        0.422303 
        4.61821         7.10261        0.418494 
        4.63391         7.06379        0.414736 
         4.6496         6.98738        0.411025 
        4.66532         6.92631        0.407353 
        4.68103         6.86813        0.403728 
        4.69673          6.8238         0.40015 
        4.71241         6.76828        0.396617 
        4.72811         6.71861        0.393122 
        4.74384          6.6564        0.389663 
        4.75955         6.60469        0.386251 
        4.77525         6.53903        0.382882 
        4.79096         6.51604        0.379548 
        4.80669         6.44527        0.376251 
         4.8224         6.41196        0.372997 
        4.83809         6.35545        0.369785 
        4.85379         6.30913        0.366608 
         4.8695          6.2558        0.363465 
        4.88521         6.21432         0.36036 
        4.90093           6.158        0.357291 
        4.91663         6.11552        0.354259 
        4.93234         6.06415        0.351259 
        4.94807         6.02633        0.348292 
        4.96377         5.97435        0.345364 
        4.97943         5.93953        0.342475 
        4.99514         5.88581        0.339612 
        5.01086         5.85175        0.336779 
        5.02654         5.80871        0.333985 
        5.04227         5.75032        0.331214 
          5.058         5.72351        0.328473 
        5.07371         5.66898        0.325768 
        5.08942         5.62625        0.323093 
        5.10513         5.59457        0.320447 
        5.12084         5.54666        0.317829 
        5.13656         5.50195        0.315241 
        5.15225         5.46547        0.312685 
        5.16796         5.42287        0.310154 
        5.18369         5.39366        0.307648 
         5.1994         5.33967        0.305173 
        5.21509         5.32079        0.302728 
        5.23079         5.25618        0.300307 
        5.24649         5.22975        0.297913 
        5.26217         5.19216        0.295548 
        5.27788         5.15504        0.293204 
        5.29359          5.1207        0.290885 
        5.30933         5.08355        0.288587 
        5.32504         5.04537        0.286318 
        5.34073         5.01138        0.284075 
        5.35646         4.95709        0.281852 
        5.37218          4.9328        0.279651 
        5.38789         4.89375        0.277478 
        5.40357         4.87035         0.27533 
        5.41929         4.83972        0.273199 
        5.43502         4.80752        0.271091 
         5.4507         4.76665        0.269009 
        5.46639         4.74087        0.266949 
        5.48212         4.70166        0.264906 
        5.49786         4.67708        0.262881 
        5.51353         4.64368        0.260887 
        5.52921         4.59985        0.258912 
        5.54495          4.5785        0.256951 
        5.56066         4.54845        0.255012 
        5.57637          4.5225        0.253093 
        5.59207         4.48531        0.251196 
        5.60778          4.4528        0.249317 
        5.62346         4.41975        0.247459 
        5.63916         4.39072        0.245619 
        5.65487         4.35917        0.243796 
         5.6706         4.32957         0.24199 
        5.68633         4.30487          0.2402 
        5.70203         4.26977        0.238433 
        5.71773         4.24226        0.236683 
        5.73344         4.22201         0.23495 
        5.74916         4.18379        0.233232 
        5.76486         4.15395        0.231533 
        5.78054         4.13698        0.229854 
        5.79626         4.10171        0.228187 
          5.812         4.07875        0.226534 
         5.8277         4.05296        0.224903 
        5.84339         4.02708        0.223287 
        5.85911         3.99535        0.221684 
        5.87484         3.96366        0.220097 
        5.89053         3.93975        0.218528 
        5.90623         3.92147        0.216974 
        5.92195         3.89763        0.215431 
        5.93767         3.86743        0.213905 
        5.95336         3.83731        0.212396 
        5.96905         3.81619        0.210901 
        5.98476         3.79314        0.209419 
        6.00048         3.76971        0.207951 
        6.01617         3.75308        0.206498 
        6.03185         3.73206        0.205061 
        6.04756         3.70139        0.203633 
        6.06331          3.6762        0.202217 
        6.07903         3.65257        0.200816 
        6.09473         3.62986         0.19943 
        6.11044         3.60653        0.198056 
        6.12616         3.58268        0.196695 
        6.14186         3.55677        0.195347 
        6.15755         3.54555        0.194013 
        6.17326         3.52249        0.192689 
        6.18898         3.49609        0.191377 
        6.20467         3.47519         0.19008 
        6.22036         3.46109        0.188794 
         6.2361         3.43309        0.187517 
         6.2518         3.40935        0.186254 
        6.26748         3.38585        0.185005 
        6.28319         3.37038        0.183764 
        6.29893         3.34499        0.182533 
        6.31463         3.32601        0.181315 
        6.33033         3.30338        0.180108 
        6.34604         3.28464        0.178912 
        6.36177         3.27155        0.177725 
        6.37747         3.24895        0.176551 
        6.39316         3.23074        0.175388 
        6.40888         3.20921        0.174234 
         6.4246         3.19033        0.173089 
        6.44031         3.17552        0.171956 
        6.45601         3.15442        0.170833 
        6.47172         3.13543         0.16972 
        6.48744         3.11748        0.168616 
        6.50313         3.09392        0.167523 
        6.51882         3.07831         0.16644 
        6.53452         3.06333        0.165366 
        6.55025         3.04522        0.164299 
        6.56597         3.02368        0.163243 
        6.58166         3.00683        0.162198 
        6.59736         2.99195        0.161161 
        6.61307          2.9749        0.160131 
         6.6288         2.95353        0.159111 
         6.6445         2.94069          0.1581 
         6.6602         2.92587        0.157098 
        6.67592          2.9075        0.156104 
        6.69164         2.89087        0.155119 
        6.70735         2.87399        0.154142 
        6.72304         2.85773        0.153174 
        6.73874         2.83856        0.152215 
        6.75446         2.81781        0.151263 
        6.77016         2.80741         0.15032 
        6.78585         2.78988        0.149384 
        6.80156         2.77896        0.148457 
        6.81729         2.76067        0.147535 
        6.83301         2.74298        0.146622 
         6.8487         2.73293        0.145718 
         6.8644         2.71463        0.144821 
        6.88012         2.70141        0.143931 
        6.89583         2.69076        0.143049 
        6.91151         2.67062        0.142176 
        6.92723          2.6581        0.141307 
        6.94296         2.64401        0.140446 
        6.95866         2.62836        0.139593 
        6.97436         2.61365        0.138747 
        6.99007         2.60335        0.137907 
        7.00578         2.58513        0.137075 
        7.02147         2.57114         0.13625 
        7.03718         2.55662        0.135431 
         7.0529          2.5449        0.134618 
        7.06863         2.53242        0.133812 
        7.08433         2.51552        0.133013 
        7.10004         2.51069         0.13222 
        7.11575         2.49479        0.131434 
        7.13145         2.48156        0.130654 
        7.14715         2.46627        0.129881 
        7.16284         2.45847        0.129115 
        7.17855         2.43821        0.128353 
        7.19428         2.42521        0.127597 
        7.20998         2.41317        0.126848 
        7.22568         2.40311        0.126105 
        7.24139         2.39417        0.125368 
        7.25711         2.37886        0.124636 
        7.27282         2.37041         0.12391 
        7.28852         2.35414         0.12319 
        7.30423         2.33998        0.122476 
        7.31995         2.32976        0.121767 
        7.33565         2.31855        0.121064 
        7.35135         2.30595        0.120367 
        7.36706         2.29783        0.119675 
        7.38277         2.28147        0.118988 
        7.39847         2.26783        0.118306 
        7.41419         2.25934         0.11763 
         7.4299         2.25384        0.116959 
        7.44561         2.23659        0.116293 
        7.46132         2.22521        0.115633 
        7.47701         2.21361        0.114978 
        7.49272         2.20738        0.114327 
        7.50842         2.19678        0.113682 
         7.5241         2.18521        0.113043 
        7.53981         2.17294        0.112407 
        7.55552         2.16429        0.111776 
        7.57125         2.15368        0.111149 
        7.58698         2.14468        0.110527 
        7.60268         2.13121        0.109911 
         7.6184         2.12202        0.109299 
        7.63411         2.11273        0.108691 
        7.64981         2.10312        0.108089 
        7.66552         2.09508        0.107491 
        7.68123         2.08169        0.106897 
        7.69695         2.07327        0.106308 
        7.71264         2.06137        0.105723 
        7.72834         2.05346        0.105143 
        7.74407         2.04402        0.104566 
        7.75978         2.03198        0.103994 
        7.77546         2.02607        0.103428 
        7.79116         2.01676        0.102865 
         7.8069         2.00966        0.102304 
         7.8226         1.99751        0.101749 
        7.83828         1.98606        0.101199 
        7.85399         1.97845        0.100652 
        7.86972         1.97038        0.100108 
        7.88543         1.96264       0.0995694 
        7.90111         1.95254       0.0990352 
        7.91681         1.94233       0.0985042 
        7.93255         1.93396       0.0979759 
        7.94828         1.92451       0.0974517 
        7.96397          1.9158       0.0969323 
        7.97967         1.90907       0.0964166 
        7.99538          1.9004       0.0959044 
         8.0111         1.89232       0.0953956 
         8.0268         1.88518       0.0948908 
        8.04248         1.87512       0.0943903 
         8.0582         1.86539       0.0938924 
        8.07393         1.86038       0.0933975 
        8.08963         1.85179       0.0929071 
        8.10533         1.84363       0.0924203 
        8.12104          1.8357       0.0919365 
        8.13675         1.82669       0.0914562 
        8.15245          1.8199       0.0909796 
        8.16815         1.81329       0.0905065 
        8.18387         1.80092        0.090036 
        8.19959         1.79616       0.0895687 
         8.2153         1.78861       0.0891051 
        8.23101         1.78259       0.0886448 
        8.24672         1.77424       0.0881876 
        8.26241         1.76579       0.0877344 
         8.2781          1.7571       0.0872842 
        8.29381         1.75416       0.0868365 
        8.30952         1.74517        0.086392 
        8.32524         1.73767       0.0859502 
        8.34095          1.7306       0.0855118 
        8.35666         1.72587       0.0850765 
        8.37237         1.71517       0.0846441 
        8.38808         1.70948       0.0842147 
        8.40379         1.70125       0.0837883 
         8.4195         1.69631       0.0833649 
         8.4352         1.69062       0.0829445 
        8.45091         1.68213       0.0825269 
        8.46662         1.67861        0.082112 
        8.48232         1.66811       0.0817002 
        8.49802         1.66134       0.0812912 
        8.51374         1.65451       0.0808845 
        8.52945         1.64789       0.0804807 
        8.54515         1.64198         0.08008 
        8.56086         1.63577       0.0796816 
        8.57658         1.62968       0.0792859 
        8.59228         1.62488       0.0788932 
        8.60799         1.61782       0.0785027 
        8.62371         1.61147       0.0781149 
        8.63942         1.60685       0.0777299 
        8.65512          1.5996       0.0773475 
        8.67082         1.59374       0.0769678 
        8.68653         1.58567       0.0765903 
        8.70224         1.58187       0.0762153 
        8.71795         1.57716        0.075843 
        8.73365         1.56914       0.0754731 
        8.74936           1.564       0.0751056 
        8.76506         1.55777       0.0747408 
        8.78076         1.55262       0.0743783 
        8.79646         1.54921       0.0740181 
        8.81218         1.54065       0.0736601 
        8.82791         1.53397       0.0733039 
         8.8436         1.52932       0.0729509 
         8.8593         1.52455       0.0726003 
        8.87503         1.51924       0.0722511 
        8.89076         1.51486       0.0719043 
        8.90644         1.50835       0.0715607 
        8.92214         1.50471        0.071219 
        8.93786         1.49856       0.0708791 
        8.95357         1.49244       0.0705415 
        8.96928         1.48766       0.0702062 
        8.98498         1.48375       0.0698732 
        9.00069         1.47728       0.0695422 
        9.01639         1.47362       0.0692132 
        9.03208         1.46568       0.0688869 
        9.04778         1.46068       0.0685623 
        9.06351          1.4576       0.0682393 
        9.07923          1.4513       0.0679185 
        9.09493         1.44844       0.0676001 
        9.11062         1.44293       0.0672839 
        9.12635         1.43899       0.0669691 
        9.14207         1.43361       0.0666564 
        9.15777         1.42719        0.066346 
        9.17346         1.42334       0.0660377 
        9.18917         1.42073        0.065731 
         9.2049         1.41385        0.065426 
        9.22061         1.41009       0.0651231 
        9.23631         1.40729       0.0648223 
        9.25201         1.40056       0.0645235 
        9.26773         1.39688       0.0642262 
        9.28343         1.39245        0.063931 
        9.29913         1.38669       0.0636377 
        9.31484         1.38312       0.0633461 
        9.33057         1.37915       0.0630558 
        9.34627         1.37526       0.0627678 
        9.36197         1.37055       0.0624818 
        9.37768         1.36495       0.0621972 
        9.39338         1.36242       0.0619146 
        9.40909         1.35703       0.0616337 
        9.42479         1.35311       0.0613546 
         9.4405         1.34983       0.0610771 
        9.45621         1.34528       0.0608012 
        9.47193         1.34077        0.060527 
        9.48763         1.33762       0.0602547 
        9.50334         1.33156        0.059984 
        9.51906         1.33015       0.0597148 
        9.53476         1.32584       0.0594476 
        9.55045         1.32198       0.0591819 
        9.56616         1.31872       0.0589177 
        9.58188         1.31502       0.0586548 
        9.59759         1.31066       0.0583936 
         9.6133         1.30654        0.058134 
        9.62901         1.30448       0.0578758 
        9.64471         1.29944       0.0576192 
        9.66041         1.29496       0.0573641 
        9.67612         1.29264       0.0571102 
        9.69184          1.2891       0.0568577 
        9.70754         1.28581       0.0566071 
        9.72324         1.28107       0.0563581 
        9.73895          1.2779       0.0561106 
        9.75467         1.27396       0.0558645 
        9.77038         1.27015       0.0556203 
        9.78607         1.26778        0.055378 
        9.80177         1.26423       0.0551372 
        9.81749         1.26142       0.0548979 
         9.8332         1.25819       0.0546605 
         9.8489         1.25483       0.0544248 
        9.86463         1.25094       0.0541903 
        9.88035         1.24856        0.053957 
        9.89606         1.24383       0.0537252 
        9.91175         1.24259       0.0534946 
        9.92745         1.23824       0.0532647 
        9.94317         1.23554       0.0530354 
        9.95888         1.23201       0.0528066 
        9.97458         1.23021       0.0525783 
        9.99029          1.2265       0.0523501 
         10.006         1.22331       0.0522092 
        10.0217         1.22197       0.0522092 
        10.0374         1.21768       0.0522092 
        10.0531         1.21499       0.0522092 
        10.0688         1.21197       0.0522092 
        10.0845         1.20982       0.0522092 
        10.1002         1.20496       0.0522092 
        10.1159         1.20376       0.0522092 
        10.1317          1.2013       0.0522092 
        10.1474         1.19829       0.0522092 
        10.1631         1.19633       0.0522092 
        10.1788         1.19216       0.0522092 
        10.1945         1.18959       0.0522092 
        10.2102         1.18603       0.0522092 
        10.2259         1.18508       0.0522092 
        10.2416         1.18398       0.0522092 
        10.2573         1.18031       0.0522092 
         10.273         1.17756       0.0522092 
        10.2887         1.17586       0.0522092 
        10.3044         1.17311       0.0522092 
        10.3201         1.16989       0.0522092 
        10.3359         1.16721       0.0522092 
        10.3516         1.16571       0.0522092 
        10.3673         1.16189       0.0522092 
         10.383         1.16057       0.0522092 
        10.3987         1.15809       0.0522092 
        10.4144         1.15581       0.0522092 
        10.4301         1.15289       0.0522092 
        10.4458         1.15131       0.0522092 
        10.4615         1.15016       0.0522092 
        10.4772         1.14785       0.0522092 
        10.4929         1.14553       0.0522092 
        10.5086         1.14425       0.0522092 
        10.5244          1.1408       0.0522092 
        10.5401         1.13882       0.0522092 
        10.5558         1.13805       0.0522092 
        10.5715         1.13558       0.0522092 
        10.5872         1.13368       0.0522092 
        10.6029         1.13145       0.0522092 
        10.6186         1.12957       0.0522092 
        10.6343         1.12679       0.0522092 
          10.65         1.12658       0.0522092 
        10.6657          1.1239       0.0522092 
        10.6814         1.12183       0.0522092 
        10.6971           1.121       0.0522092 
        10.7129         1.11809       0.0522092 
        10.7286         1.11727       0.0522092 
        10.7443         1.11436       0.0522092 
          10.76         1.11372       0.0522092 
        10.7757         1.11278       0.0522092 
        10.7914         1.11274       0.0522092 
        10.8071         1.10854       0.0522092 
        10.8228         1.10816       0.0522092 
        10.8385         1.10574       0.0522092 
        10.8542         1.10454       0.0522092 
        10.8699         1.10285       0.0522092 
        10.8856         1.10227       0.0522092 
        10.9014         1.09974       0.0522092 
        10.9171         1.09953       0.0522092 
        10.9328         1.09697       0.0522092 
        10.9485         1.09625       0.0522092 
        10.9642         1.09481       0.0522092 
        10.9799          1.0926       0.0522092 
        10.9956         1.09226       0.0522092 
        11.0113         1.09004       0.0522092 
         11.027         1.09047       0.0522092 
        11.0427         1.08943       0.0522092 
        11.0584         1.08829       0.0522092 
        11.0741         1.08655       0.0522092 
        11.0898         1.08496       0.0522092 
        11.1055         1.08465       0.0522092 
        11.1212         1.08482       0.0522092 
         11.137         1.08346       0.0522092 
        11.1527          1.0818       0.0522092 
        11.1684         1.08148       0.0522092 
        11.1841         1.07992       0.0522092 
        11.1998         1.07913       0.0522092 
        11.2155         1.07794       0.0522092 
        11.2312         1.07746       0.0522092 
        11.2469         1.07611       0.0522092 
        11.2626         1.07539       0.0522092 
        11.2783         1.07473       0.0522092 
         11.294         1.07396       0.0522092 
        11.3097         1.07434       0.0522092 
        11.3254         1.07358       0.0522092 
        11.3412         1.07211       0.0522092 
        11.3569         1.07213       0.0522092 
        11.3726         1.07293       0.0522092 
        11.3883         1.07064       0.0522092 
         11.404         1.06918       0.0522092 
        11.4197         1.06819       0.0522092 
        11.4354         1.06829       0.0522092 
        11.4511         1.06873       0.0522092 
        11.4668         1.06854       0.0522092 
        11.4825         1.06779       0.0522092 
        11.4982         1.06797       0.0522092 
         11.514         1.06784       0.0522092 
        11.5297         1.06758       0.0522092 
        11.5454         1.06807       0.0522092 
        11.5611         1.06687       0.0522092 
        11.5768         1.06764       0.0522092 
        11.5925          1.0672       0.0522092 
        11.6082         1.06635       0.0522092 
        11.6239         1.06717       0.0522092 
        11.6396         1.06633       0.0522092 
        11.6553          1.0673       0.0522092 
         11.671         1.06554       0.0522092 
        11.6867         1.06611       0.0522092 
        11.7024         1.06677       0.0522092 
        11.7182          1.0665       0.0522092 
        11.7339         1.06736       0.0522092 
        11.7496         1.06721       0.0522092 
        11.7653         1.06793       0.0522092 
         11.781         1.06793       0.0522092 
        11.7967          1.0675       0.0522092 
        11.8124          1.0685       0.0522092 
        11.8281         1.06768       0.0522092 
        11.8438          1.0693       0.0522092 
        11.8595         1.06939       0.0522092 
        11.8752         1.06994       0.0522092 
         11.891         1.07071       0.0522092 
        11.9067         1.07016       0.0522092 
        11.9224         1.07131       0.0522092 
        11.9381          1.0726       0.0522092 
        11.9538         1.07203       0.0522092 
        11.9695         1.07389       0.0522092 
        11.9852         1.07502       0.0522092 
        12.0009         1.07474       0.0522092 
        12.0166         1.07449       0.0522092 
        12.0323         1.07714       0.0522092 
         12.048         1.07628       0.0522092 
        12.0637         1.07746       0.0522092 
