# k  (h/Mpc)    Pcb(k)  (Mpc/h)^3    Pcb_linear(k) (Mpc/h)^3   ShotnoiseSubtracted = true
      0.0200456         15750.6         16065.4 
      0.0350414         10498.6         10866.1 
      0.0492313         7302.38         7355.88 
      0.0637834         6200.39         6015.36 
      0.0800726         5005.38         4918.51 
       0.096163         3414.34         3482.81 
       0.111083         2604.68         2615.24 
       0.126058         2377.66         2299.74 
       0.142273         2122.24         2040.59 
       0.158546         1799.61         1611.56 
        0.17375         1393.57         1285.75 
       0.188953         1339.87         1141.86 
       0.204907         1274.53          1049.5 
       0.220756         1095.29         904.871 
        0.23588         960.416         761.318 
         0.2514         825.729         671.919 
       0.267535          813.49         618.995 
       0.283568         739.921         558.504 
       0.299022         692.786         491.205 
       0.314451         652.449         438.521 
       0.330372         599.524         402.982 
       0.346141         549.255         371.666 
       0.361624         529.586         337.784 
       0.377134         489.615         306.567 
       0.392932           466.9          282.16 
       0.408854         449.697         261.967 
       0.424564         422.603         242.374 
       0.440253         412.852         223.425 
       0.455999         388.234          207.05 
       0.471626         367.027          193.34 
        0.48727         352.952         180.767 
       0.502856         342.158         168.787 
       0.518488         338.671         157.757 
       0.534347         317.124         147.902 
       0.550082         300.774         139.075 
       0.565732         297.769         130.888 
       0.581496         280.559         123.179 
       0.597222         275.231         116.169 
       0.612804         267.173         109.833 
       0.628434         256.344         103.954 
       0.644267         248.745           98.39 
       0.660051         244.307         93.2359 
       0.675724          239.38          88.513 
       0.691403         232.323         84.1276 
       0.707174         223.958         80.0138 
       0.722871         220.603         76.1903 
        0.73838         216.922         72.6564 
       0.754018         211.432          69.319 
       0.769845         204.278         66.1543 
        0.78569         203.459         63.1838 
       0.801365         195.939         60.4248 
       0.817031         189.832         57.8325 
       0.832809         188.494         55.3764 
       0.848511         182.806         53.0746 
       0.864097         180.655         50.9203 
       0.879701           177.1         48.8844 
       0.895507          172.41         46.9366 
       0.911279         167.256         45.0997 
        0.92691         167.245         43.3769 
       0.942635         162.519         41.7352 
       0.958396         161.641         40.1755 
       0.974128         157.701         38.6989 
       0.989692         154.308         37.3115 
        1.00528          152.06         35.9905 
        1.02113         150.596         34.7132 
        1.03692         146.565         33.5028 
        1.05264         143.417         32.3561 
        1.06832         140.893          31.265 
        1.08405         138.941         30.2216 
        1.09979         137.629         29.2254 
        1.11537         134.158         28.2841 
        1.13105         132.284         27.3789 
        1.14679         131.774           26.51 
        1.16256         129.746         25.6772 
        1.17828         127.252         24.8832 
        1.19395         124.945         24.1255 
         1.2097         123.955         23.3956 
        1.22537         122.103         22.6996 
          1.241         120.023         22.0341 
        1.25666         118.278         21.3938 
        1.27241          115.93          20.776 
        1.28819         114.929         20.1817 
        1.30392          112.66         19.6124 
        1.31957           112.2         19.0677 
        1.33529         109.137         18.5418 
        1.35108         108.361         18.0338 
        1.36674         107.221         17.5485 
         1.3824         105.338         17.0815 
        1.39811         104.345         16.6301 
        1.41389          102.87         16.1933 
        1.42964         100.501          15.773 
        1.44531         98.8372         15.3698 
        1.46101         97.7955         14.9798 
        1.47667         97.0365         14.6046 
        1.49229         95.3872         14.2433 
        1.50793         94.5255         13.8938 
        1.52367         93.1975         13.5539 
        1.53953         91.6724          13.223 
        1.55526         90.9944          12.906 
        1.57092         90.0971         12.6006 
        1.58662         88.0117         12.3044 
        1.60235         87.8391         12.0173 
        1.61809         86.1106         11.7391 
        1.63369         85.3844         11.4723 
        1.64941         84.8078         11.2119 
        1.66519         82.7219         10.9586 
        1.68085         82.4907          10.715 
        1.69652         80.4512         10.4788 
        1.71228         80.3615         10.2483 
        1.72806         79.4272         10.0247 
        1.74368          78.183         9.80993 
        1.75933         77.0022         9.60107 
        1.77505         76.4926         9.39733 
        1.79081         75.1499         9.19917 
         1.8065         74.2194         9.00757 
        1.82218         73.1553         8.82163 
        1.83797         72.1497         8.63967 
        1.85367         71.7675         8.46386 
        1.86928         71.1924         8.29401 
        1.88497          69.866         8.12791 
        1.90073         69.1879         7.96576 
        1.91647         68.4895         7.80819 
        1.93218         67.4761         7.65522 
        1.94787         66.9553         7.50659 
        1.96363         65.9521         7.36132 
        1.97935         65.3273         7.22021 
        1.99499         64.4413          7.0836 
        2.01064         63.8252         6.95034 
         2.0264         62.7324         6.81968 
        2.04216         62.1377         6.69245 
        2.05781         61.3213         6.56928 
        2.07353         60.3043         6.44877 
        2.08928         59.6747         6.33103 
        2.10499         59.0615         6.21656 
        2.12065         58.7371         6.10526 
        2.13633         57.9816          5.9966 
        2.15211         57.4423         5.88989 
        2.16785         56.8307         5.78608 
        2.18349         56.2702         5.68543 
        2.19916         55.4668         5.58696 
        2.21489         55.0261         5.49051 
        2.23063         54.6074         5.39627 
         2.2463         53.6304         5.30467 
        2.26194         53.1098         5.21543 
        2.27765         52.8828          5.1278 
        2.29341         52.0352         5.04195 
        2.30914         51.3281         4.95824 
        2.32486         50.5843         4.87649 
        2.34061         50.3023         4.79645 
        2.35635         49.5878         4.71828 
        2.37203         49.0049         4.64213 
        2.38768         48.4793         4.56782 
        2.40339         48.0692         4.49486 
        2.41914         47.5956         4.42334 
        2.43483         47.3097         4.35363 
         2.4505         46.8899         4.28553 
        2.46622         46.0723         4.21867 
        2.48195         45.8326         4.15323 
        2.49759          45.028         4.08952 
        2.51328         44.5924           4.027 
        2.52906         44.2124         3.96538 
        2.54479         43.7577         3.90529 
        2.56049         43.1666         3.84656 
        2.57618         42.9475         3.78909 
        2.59189         42.3064         3.73271 
        2.60758         42.1251         3.67757 
        2.62325         41.4639         3.62361 
        2.63898         41.1528         3.57054 
        2.65468         40.6231         3.51865 
        2.67044         39.9691         3.46758 
        2.68618         39.7654         3.41763 
        2.70184         39.2647         3.36887 
        2.71755         38.9355         3.32095 
        2.73329         38.5343         3.27388 
        2.74897         38.0931         3.22788 
        2.76462         37.6908         3.18286 
        2.78034         37.4597         3.13852 
        2.79607         36.9673         3.09498 
        2.81179         36.6699         3.05232 
        2.82749         36.1224         3.01051 
        2.84321            35.8         2.96944 
        2.85893         35.4974         2.92914 
        2.87462         35.1261         2.88967 
        2.89033         34.6929         2.85088 
        2.90605         34.4456         2.81278 
        2.92176         34.0088         2.77539 
        2.93747         33.7447          2.7387 
        2.95318         33.3322         2.70267 
        2.96891         32.9757         2.66727 
        2.98456         32.7453         2.63266 
        3.00023         32.3239         2.59862 
        3.01596         32.0559         2.56507 
        3.03164         31.7496         2.53222 
        3.04738         31.5455         2.49984 
         3.0631         31.0488         2.46804 
        3.07883         30.7713         2.43679 
        3.09456         30.5353         2.40609 
        3.11026         30.2315         2.37597 
        3.12596         29.8661         2.34636 
        3.14163         29.5777         2.31733 
        3.15734         29.2109         2.28872 
        3.17308         28.9995         2.26053 
        3.18879         28.8207         2.23289 
        3.20447         28.4592         2.20575 
         3.2202         28.1268         2.17898 
         3.2359         28.0197         2.15271 
        3.25157         27.6475         2.12692 
        3.26729         27.3871         2.10149 
        3.28304         27.1109         2.07642 
        3.29877         26.8107         2.05179 
        3.31446         26.5959         2.02762 
        3.33014         26.3634         2.00385 
        3.34585         26.1014         1.98043 
        3.36158         25.8373         1.95736 
        3.37727         25.6081         1.93472 
        3.39294         25.3231         1.91246 
        3.40867          25.114         1.89047 
        3.42439         24.9187         1.86884 
        3.44008         24.7243         1.84759 
        3.45578         24.3457         1.82666 
        3.47153          24.169           1.806 
        3.48724           23.94          1.7857 
        3.50292         23.7051         1.76576 
        3.51859         23.4883         1.74613 
        3.53431         23.3491         1.72674 
        3.55007         23.0289          1.7076 
        3.56577         22.8542         1.68883 
        3.58146         22.6685         1.67034 
        3.59719         22.4065         1.65209 
        3.61292         22.2545         1.63412 
        3.62859         21.9901         1.61648 
        3.64429         21.7875         1.59907 
        3.66003         21.5808         1.58187 
        3.67578          21.436         1.56492 
        3.69146         21.2361         1.54829 
        3.70712         21.0084         1.53193 
        3.72284         20.8869         1.51574 
        3.73853         20.6759         1.49982 
        3.75422         20.4812         1.48412 
        3.76993         20.2842         1.46863 
        3.78564         20.0434         1.45337 
        3.80137         19.9182          1.4383 
        3.81707         19.7344         1.42347 
        3.83279         19.5514         1.40885 
        3.84853         19.3554          1.3944 
        3.86424         19.2248         1.38019 
        3.87992         19.0756         1.36619 
        3.89561         18.8431         1.35239 
        3.91134         18.7359         1.33875 
        3.92704         18.5587         1.32532 
        3.94273         18.3866         1.31208 
        3.95845         18.2019           1.299 
        3.97418         18.1019          1.2861 
        3.98988         17.8882         1.27339 
        4.00554         17.7711         1.26088 
        4.02125         17.6586         1.24851 
        4.03698         17.4061         1.23628 
        4.05268         17.2696         1.22425 
        4.06839         17.0891         1.21237 
         4.0841         17.0022         1.20065 
        4.09983         16.8109         1.18906 
        4.11555         16.6803         1.17764 
        4.13124         16.5456          1.1664 
        4.14693         16.4057         1.15529 
        4.16266         16.2407          1.1443 
        4.17839         16.0988         1.13347 
        4.19408         15.9636         1.12279 
        4.20977         15.8924         1.11225 
        4.22551         15.6779         1.10182 
        4.24123         15.5946         1.09154 
        4.25691          15.463         1.08141 
        4.27259          15.351         1.07141 
        4.28831         15.1991         1.06152 
        4.30404         15.0927         1.05174 
        4.31974         14.9097         1.04211 
        4.33543         14.8311          1.0326 
        4.35116         14.6895         1.02319 
        4.36688         14.5606          1.0139 
        4.38255         14.4721         1.00476 
        4.39825         14.3475        0.995712 
        4.41398         14.2156        0.986758 
         4.4297         14.1001        0.977924 
        4.44541          13.978        0.969199 
        4.46111         13.8902        0.960588 
        4.47683         13.7428        0.952075 
        4.49251          13.678        0.943683 
        4.50819         13.5228        0.935394 
         4.5239         13.4291        0.927193 
        4.53962         13.3047         0.91908 
        4.55535         13.2228         0.91106 
        4.57106         13.1134        0.903148 
        4.58678         13.0212        0.895327 
         4.6025         12.8625        0.887598 
        4.61821         12.7675        0.879961 
        4.63391         12.6989        0.872425 
         4.6496         12.5804        0.864979 
        4.66532         12.4371        0.857609 
        4.68103         12.3547        0.850328 
        4.69673         12.2997        0.843139 
        4.71241         12.1842        0.836039 
        4.72811         12.0732         0.82901 
        4.74384         11.9688        0.822053 
        4.75955         11.8903        0.815187 
        4.77525         11.8275        0.808402 
        4.79096         11.7065        0.801687 
        4.80669         11.6171        0.795045 
         4.8224         11.5357        0.788485 
        4.83809          11.437        0.782007 
        4.85379         11.3304        0.775597 
         4.8695         11.2625        0.769254 
        4.88521         11.1824        0.762985 
        4.90093         11.0906        0.756785 
        4.91663          10.997        0.750659 
        4.93234         10.9369        0.744595 
        4.94807         10.8434        0.738594 
        4.96377         10.7428         0.73267 
        4.97943          10.676        0.726823 
        4.99514         10.5873        0.721025 
        5.01086         10.5133        0.715287 
        5.02654         10.4081        0.709625 
        5.04227         10.3533        0.704008 
          5.058          10.272        0.698449 
        5.07371         10.2062        0.692961 
        5.08942         10.1068        0.687531 
        5.10513         10.0419        0.682159 
        5.12084         9.98064        0.676842 
        5.13656         9.88321        0.671583 
        5.15225         9.82124        0.666388 
        5.16796         9.75209         0.66124 
        5.18369         9.68049        0.656141 
         5.1994         9.61853        0.651106 
        5.21509         9.52469        0.646128 
        5.23079         9.48151        0.641197 
        5.24649         9.39418         0.63632 
        5.26217         9.30967        0.631498 
        5.27788         9.26606        0.626719 
        5.29359         9.16464        0.621989 
        5.30933         9.12395          0.6173 
        5.32504         9.05896        0.612668 
        5.34073         8.97669        0.608089 
        5.35646         8.92399        0.603547 
        5.37218         8.86806        0.599051 
        5.38789         8.77935        0.594607 
        5.40357         8.72897        0.590214 
        5.41929         8.65053        0.585856 
        5.43502         8.62204        0.581541 
         5.4507         8.52658         0.57728 
        5.46639         8.46819        0.573061 
        5.48212         8.40916        0.568874 
        5.49786         8.35813        0.564725 
        5.51353         8.29942        0.560637 
        5.52921         8.24709        0.556585 
        5.54495          8.1591        0.552562 
        5.56066         8.12921        0.548583 
        5.57637         8.06267        0.544644 
        5.59207         8.01348        0.540747 
        5.60778         7.94892        0.536886 
        5.62346         7.88705        0.533069 
        5.63916          7.8329        0.529285 
        5.65487         7.77334        0.525536 
         5.6706          7.7333        0.521819 
        5.68633         7.68391        0.518136 
        5.70203         7.64429        0.514497 
        5.71773         7.56738        0.510893 
        5.73344         7.51086        0.507322 
        5.74916         7.46796        0.503781 
        5.76486         7.41173         0.50028 
        5.78054         7.37472        0.496817 
        5.79626         7.31543        0.493377 
          5.812         7.27823        0.489966 
         5.8277         7.21779        0.486598 
        5.84339         7.17931        0.483261 
        5.85911         7.11875        0.479949 
        5.87484         7.05657        0.476668 
        5.89053         7.02991        0.473425 
        5.90623         6.96646        0.470211 
        5.92195         6.94068        0.467021 
        5.93767         6.89892        0.463862 
        5.95336         6.83068        0.460738 
        5.96905         6.79707        0.457643 
        5.98476         6.73833        0.454573 
        6.00048         6.71463         0.45153 
        6.01617          6.6541        0.448518 
        6.03185         6.61459        0.445538 
        6.04756         6.56285        0.442578 
        6.06331         6.54078        0.439639 
        6.07903         6.48391        0.436732 
        6.09473         6.44288        0.433854 
        6.11044         6.40555           0.431 
        6.12616         6.36096        0.428172 
        6.14186         6.31419        0.425372 
        6.15755         6.26633        0.422597 
        6.17326         6.22381        0.419845 
        6.18898         6.18407        0.417116 
        6.20467         6.15002        0.414416 
        6.22036         6.10416        0.411741 
         6.2361         6.06483        0.409082 
         6.2518         6.03295         0.40645 
        6.26748         5.98028        0.403848 
        6.28319         5.94593        0.401261 
        6.29893         5.91971        0.398695 
        6.31463         5.87253        0.396155 
        6.33033         5.83542        0.393638 
        6.34604         5.80301        0.391142 
        6.36177         5.76306        0.388664 
        6.37747         5.72558        0.386213 
        6.39316          5.6921        0.383785 
        6.40888         5.64665        0.381372 
         6.4246         5.62366         0.37898 
        6.44031         5.59012         0.37661 
        6.45601         5.55141        0.374264 
        6.47172         5.51529        0.371934 
        6.48744         5.48033        0.369623 
        6.50313         5.44954        0.367336 
        6.51882         5.41692        0.365069 
        6.53452         5.37944        0.362819 
        6.55025         5.34451        0.360585 
        6.56597         5.31214        0.358371 
        6.58166          5.2775         0.35618 
        6.59736         5.24842        0.354005 
        6.61307         5.21441        0.351847 
         6.6288         5.17993        0.349705 
         6.6445         5.14765        0.347584 
         6.6602         5.11925        0.345481 
        6.67592         5.08821        0.343393 
        6.69164         5.05549        0.341323 
        6.70735         5.01992         0.33927 
        6.72304         4.98265        0.337237 
        6.73874         4.96337         0.33522 
        6.75446         4.93058        0.333217 
        6.77016         4.91202        0.331233 
        6.78585         4.87145        0.329265 
        6.80156         4.84345        0.327313 
        6.81729         4.81357        0.325373 
        6.83301         4.78497        0.323449 
         6.8487         4.76709        0.321545 
         6.8644         4.73251        0.319655 
        6.88012         4.70542        0.317779 
        6.89583         4.67857        0.315919 
        6.91151         4.65342        0.314077 
        6.92723         4.62353        0.312245 
        6.94296         4.59835        0.310427 
        6.95866         4.56803        0.308626 
        6.97436         4.53431         0.30684 
        6.99007         4.51367        0.305067 
        7.00578         4.48829        0.303308 
        7.02147         4.45947        0.301565 
        7.03718         4.43766        0.299834 
         7.0529         4.41553        0.298115 
        7.06863         4.38325        0.296409 
        7.08433         4.36087        0.294718 
        7.10004         4.33441        0.293042 
        7.11575         4.30439        0.291377 
        7.13145         4.27639        0.289726 
        7.14715         4.25611        0.288089 
        7.16284         4.23067        0.286465 
        7.17855         4.20695        0.284851 
        7.19428         4.18367        0.283248 
        7.20998         4.16215         0.28166 
        7.22568         4.13757        0.280085 
        7.24139         4.11498        0.278521 
        7.25711         4.08952        0.276968 
        7.27282         4.06624        0.275427 
        7.28852         4.04875          0.2739 
        7.30423         4.02157        0.272382 
        7.31995         4.00071        0.270876 
        7.33565          3.9736        0.269383 
        7.35135         3.95509        0.267901 
        7.36706         3.93523         0.26643 
        7.38277         3.91364        0.264969 
        7.39847         3.88963         0.26352 
        7.41419         3.86792        0.262081 
         7.4299         3.84533        0.260652 
        7.44561         3.82633        0.259235 
        7.46132         3.80178        0.257829 
        7.47701         3.78649        0.256434 
        7.49272         3.76254        0.255048 
        7.50842         3.74583        0.253673 
         7.5241         3.73641         0.25231 
        7.53981         3.70492        0.250955 
        7.55552          3.6888         0.24961 
        7.57125         3.66354        0.248273 
        7.58698         3.64541        0.246945 
        7.60268         3.62569         0.24563 
         7.6184         3.60779        0.244323 
        7.63411         3.58509        0.243026 
        7.64981         3.56611        0.241739 
        7.66552          3.5481        0.240462 
        7.68123         3.52852        0.239193 
        7.69695         3.51651        0.237933 
        7.71264         3.48591        0.236683 
        7.72834         3.47353        0.235443 
        7.74407         3.45432        0.234209 
        7.75978         3.43996        0.232984 
        7.77546         3.41863        0.231772 
        7.79116         3.40498        0.230566 
         7.8069         3.38265        0.229367 
         7.8226          3.3646        0.228178 
        7.83828         3.34051        0.226999 
        7.85399         3.32783        0.225828 
        7.86972         3.30688        0.224662 
        7.88543         3.30303        0.223506 
        7.90111          3.2802        0.222361 
        7.91681         3.26145        0.221222 
        7.93255         3.25118        0.220088 
        7.94828         3.23447        0.218963 
        7.96397         3.21372        0.217848 
        7.97967         3.20079        0.216741 
        7.99538         3.18148        0.215641 
         8.0111         3.17007        0.214548 
         8.0268         3.14776        0.213464 
        8.04248         3.13438        0.212388 
         8.0582         3.12277        0.211318 
        8.07393         3.10204        0.210253 
        8.08963         3.09085        0.209199 
        8.10533         3.07604        0.208151 
        8.12104          3.0587         0.20711 
        8.13675          3.0401        0.206077 
        8.15245         3.02863        0.205051 
        8.16815         3.01415        0.204032 
        8.18387         2.99552        0.203018 
        8.19959         2.97957        0.202012 
         8.2153         2.97009        0.201013 
        8.23101         2.95113        0.200021 
        8.24672         2.94399        0.199035 
        8.26241         2.92949        0.198058 
         8.2781         2.90974        0.197087 
        8.29381         2.90056        0.196121 
        8.30952         2.88373        0.195162 
        8.32524         2.86659        0.194208 
        8.34095         2.85654        0.193262 
        8.35666         2.84228        0.192322 
        8.37237         2.82723        0.191388 
        8.38808         2.81454         0.19046 
        8.40379         2.80381        0.189539 
         8.4195          2.7912        0.188624 
         8.4352         2.77488        0.187715 
        8.45091         2.76397        0.186812 
        8.46662         2.75174        0.185914 
        8.48232         2.73493        0.185023 
        8.49802         2.72906        0.184138 
        8.51374         2.71394        0.183258 
        8.52945         2.69894        0.182384 
        8.54515         2.68406        0.181516 
        8.56086         2.67164        0.180653 
        8.57658         2.66327        0.179796 
        8.59228         2.64793        0.178945 
        8.60799         2.63341        0.178099 
        8.62371         2.62431        0.177258 
        8.63942         2.61368        0.176423 
        8.65512         2.60106        0.175594 
        8.67082         2.58879         0.17477 
        8.68653         2.58015        0.173951 
        8.70224         2.56699        0.173138 
        8.71795         2.55744        0.172329 
        8.73365         2.54422        0.171526 
        8.74936         2.53132        0.170728 
        8.76506         2.51945        0.169936 
        8.78076         2.51042        0.169148 
        8.79646         2.50036        0.168365 
        8.81218          2.4894        0.167587 
        8.82791         2.47748        0.166813 
         8.8436         2.46928        0.166045 
         8.8593         2.45331        0.165283 
        8.87503         2.44618        0.164523 
        8.89076         2.43468        0.163768 
        8.90644         2.42365         0.16302 
        8.92214         2.41147        0.162277 
        8.93786         2.40311        0.161536 
        8.95357         2.39247        0.160801 
        8.96928         2.38171        0.160071 
        8.98498         2.37012        0.159345 
        9.00069         2.36161        0.158624 
        9.01639         2.34829        0.157907 
        9.03208         2.34104        0.157195 
        9.04778         2.33146        0.156487 
        9.06351         2.32465        0.155783 
        9.07923         2.31309        0.155083 
        9.09493         2.30627        0.154388 
        9.11062         2.29335        0.153698 
        9.12635           2.285        0.153011 
        9.14207         2.27275        0.152328 
        9.15777          2.2669         0.15165 
        9.17346         2.25443        0.150977 
        9.18917         2.24728        0.150307 
         9.2049          2.2401         0.14964 
        9.22061         2.22764        0.148978 
        9.23631          2.2178         0.14832 
        9.25201         2.20837        0.147667 
        9.26773         2.20228        0.147017 
        9.28343         2.19176        0.146371 
        9.29913         2.18653        0.145729 
        9.31484         2.17414        0.145091 
        9.33057         2.16581        0.144455 
        9.34627         2.16016        0.143825 
        9.36197         2.15202        0.143198 
        9.37768         2.14235        0.142575 
        9.39338         2.13499        0.141956 
        9.40909         2.12446         0.14134 
        9.42479         2.11597        0.140729 
         9.4405         2.10967         0.14012 
        9.45621         2.10017        0.139515 
        9.47193         2.09178        0.138914 
        9.48763         2.08431        0.138317 
        9.50334          2.0772        0.137723 
        9.51906         2.06859        0.137132 
        9.53476         2.06082        0.136545 
        9.55045         2.05319        0.135962 
        9.56616         2.04486        0.135382 
        9.58188         2.03806        0.134805 
        9.59759         2.03213        0.134231 
         9.6133          2.0222         0.13366 
        9.62901         2.01505        0.133093 
        9.64471         2.00896        0.132529 
        9.66041         1.99941        0.131968 
        9.67612         1.99067         0.13141 
        9.69184         1.98577        0.130855 
        9.70754         1.97846        0.130303 
        9.72324         1.96945        0.129756 
        9.73895         1.96407        0.129211 
        9.75467         1.95725        0.128669 
        9.77038         1.95052        0.128131 
        9.78607         1.94274        0.127598 
        9.80177         1.93582        0.127068 
        9.81749         1.92993         0.12654 
         9.8332         1.92374        0.126017 
         9.8489         1.91356        0.125498 
        9.86463         1.90931        0.124981 
        9.88035         1.90202        0.124466 
        9.89606         1.89675        0.123955 
        9.91175         1.88944        0.123446 
        9.92745         1.88449        0.122939 
        9.94317         1.87568        0.122433 
        9.95888         1.86939        0.121928 
        9.97458         1.86399        0.121425 
        9.99029         1.85933        0.120921 
         10.006         1.85022         0.12061 
        10.0217         1.84593         0.12061 
        10.0374         1.83848         0.12061 
        10.0531         1.83274         0.12061 
        10.0688         1.82774         0.12061 
        10.0845         1.82274         0.12061 
        10.1002         1.81843         0.12061 
        10.1159          1.8115         0.12061 
        10.1317         1.80466         0.12061 
        10.1474          1.7982         0.12061 
        10.1631         1.79349         0.12061 
        10.1788         1.78806         0.12061 
        10.1945         1.78152         0.12061 
        10.2102         1.77617         0.12061 
        10.2259         1.77072         0.12061 
        10.2416         1.76558         0.12061 
        10.2573         1.76047         0.12061 
         10.273         1.75401         0.12061 
        10.2887         1.74979         0.12061 
        10.3044         1.74565         0.12061 
        10.3201         1.73862         0.12061 
        10.3359         1.73278         0.12061 
        10.3516         1.72914         0.12061 
        10.3673         1.72393         0.12061 
         10.383         1.71895         0.12061 
        10.3987         1.71451         0.12061 
        10.4144         1.70791         0.12061 
        10.4301         1.70581         0.12061 
        10.4458         1.70049         0.12061 
        10.4615          1.6939         0.12061 
        10.4772         1.68934         0.12061 
        10.4929         1.68559         0.12061 
        10.5086         1.68028         0.12061 
        10.5244         1.67741         0.12061 
        10.5401         1.67363         0.12061 
        10.5558          1.6676         0.12061 
        10.5715         1.66425         0.12061 
        10.5872         1.65969         0.12061 
        10.6029         1.65269         0.12061 
        10.6186          1.6504         0.12061 
        10.6343         1.64606         0.12061 
          10.65         1.64212         0.12061 
        10.6657          1.6374         0.12061 
        10.6814         1.63341         0.12061 
        10.6971         1.62857         0.12061 
        10.7129         1.62412         0.12061 
        10.7286         1.62121         0.12061 
        10.7443         1.61541         0.12061 
          10.76         1.61473         0.12061 
        10.7757         1.60918         0.12061 
        10.7914          1.6049         0.12061 
        10.8071         1.60179         0.12061 
        10.8228         1.59828         0.12061 
        10.8385         1.59425         0.12061 
        10.8542         1.59239         0.12061 
        10.8699         1.58674         0.12061 
        10.8856         1.58235         0.12061 
        10.9014         1.57955         0.12061 
        10.9171         1.57765         0.12061 
        10.9328         1.57315         0.12061 
        10.9485         1.56993         0.12061 
        10.9642         1.56739         0.12061 
        10.9799         1.56188         0.12061 
        10.9956         1.56124         0.12061 
        11.0113         1.55744         0.12061 
         11.027         1.55477         0.12061 
        11.0427         1.55124         0.12061 
        11.0584         1.54752         0.12061 
        11.0741         1.54575         0.12061 
        11.0898           1.544         0.12061 
        11.1055         1.53946         0.12061 
        11.1212         1.53598         0.12061 
         11.137         1.53374         0.12061 
        11.1527         1.53141         0.12061 
        11.1684         1.53085         0.12061 
        11.1841         1.52667         0.12061 
        11.1998         1.52301         0.12061 
        11.2155         1.52066         0.12061 
        11.2312         1.51804         0.12061 
        11.2469         1.51514         0.12061 
        11.2626         1.51297         0.12061 
        11.2783         1.51198         0.12061 
         11.294         1.50908         0.12061 
        11.3097         1.50613         0.12061 
        11.3254         1.50407         0.12061 
        11.3412         1.50108         0.12061 
        11.3569          1.5015         0.12061 
        11.3726         1.49907         0.12061 
        11.3883         1.49746         0.12061 
         11.404         1.49384         0.12061 
        11.4197         1.49264         0.12061 
        11.4354          1.4904         0.12061 
        11.4511         1.48969         0.12061 
        11.4668         1.48737         0.12061 
        11.4825         1.48567         0.12061 
        11.4982         1.48481         0.12061 
         11.514          1.4825         0.12061 
        11.5297         1.48152         0.12061 
        11.5454         1.47854         0.12061 
        11.5611         1.47893         0.12061 
        11.5768         1.47661         0.12061 
        11.5925         1.47534         0.12061 
        11.6082         1.47321         0.12061 
        11.6239         1.47175         0.12061 
        11.6396         1.47095         0.12061 
        11.6553         1.47022         0.12061 
         11.671         1.46823         0.12061 
        11.6867         1.46717         0.12061 
        11.7024         1.46564         0.12061 
        11.7182         1.46654         0.12061 
        11.7339         1.46415         0.12061 
        11.7496         1.46422         0.12061 
        11.7653         1.46197         0.12061 
         11.781          1.4606         0.12061 
        11.7967         1.46183         0.12061 
        11.8124         1.46015         0.12061 
        11.8281         1.45982         0.12061 
        11.8438         1.45822         0.12061 
        11.8595         1.45985         0.12061 
        11.8752         1.45738         0.12061 
         11.891         1.45792         0.12061 
        11.9067         1.45946         0.12061 
        11.9224         1.45753         0.12061 
        11.9381         1.45794         0.12061 
        11.9538         1.45889         0.12061 
        11.9695         1.45596         0.12061 
        11.9852         1.45562         0.12061 
        12.0009         1.45695         0.12061 
        12.0166         1.45758         0.12061 
        12.0323         1.45694         0.12061 
         12.048         1.45767         0.12061 
        12.0637         1.45601         0.12061 
