# k  (h/Mpc)    Pcb(k)  (Mpc/h)^3    Pcb_linear(k) (Mpc/h)^3   ShotnoiseSubtracted = true
      0.0200456         34163.7         35091.5 
      0.0350414           23410         24887.7 
      0.0492313           17120         17667.8 
      0.0637834         14830.3         14497.6 
      0.0800726         11665.4         11515.6 
       0.096163         8011.71         8297.33 
       0.111083         6466.28          6491.7 
       0.126058          5866.7         5706.83 
       0.142273         5117.65         4882.07 
       0.158546         4618.07         3849.81 
        0.17375         3714.37         3185.36 
       0.188953         3632.55         2862.07 
       0.204907         3407.26         2555.41 
       0.220756         2973.16         2167.75 
        0.23588         2703.82         1862.34 
         0.2514         2384.72         1676.42 
       0.267535         2383.38          1524.1 
       0.283568         2156.85         1349.58 
       0.299022         2067.54         1193.92 
       0.314451         1956.72         1082.71 
       0.330372         1780.88         994.058 
       0.346141         1770.15         905.042 
       0.361624         1706.64         820.084 
       0.377134         1608.02         750.387 
       0.392932         1522.64         693.223 
       0.408854         1503.03          639.93 
       0.424564         1378.95         589.243 
       0.440253         1349.58         544.343 
       0.455999         1334.86         506.117 
       0.471626         1279.76         471.983 
        0.48727         1231.26         439.764 
       0.502856         1172.78         410.337 
       0.518488         1188.75         384.066 
       0.534347         1107.95         360.099 
       0.550082         1100.85         338.059 
       0.565732         1079.37         317.739 
       0.581496            1034         299.048 
       0.597222         999.444         282.057 
       0.612804         986.188         266.486 
       0.628434         953.295         251.971 
       0.644267         933.753         238.344 
       0.660051         920.467         225.812 
       0.675724         901.759         214.286 
       0.691403         882.852         203.553 
       0.707174          844.32          193.49 
       0.722871         822.982         184.142 
        0.73838         814.258         175.508 
       0.754018         792.077         167.358 
       0.769845         782.072         159.634 
        0.78569          772.01         152.389 
       0.801365         747.159         145.662 
       0.817031         734.552         139.345 
       0.832809         717.962         133.363 
       0.848511         710.414          127.76 
       0.864097         684.611         122.517 
       0.879701         670.122         117.564 
       0.895507         664.566         112.827 
       0.911279         657.225         108.361 
        0.92691         636.161         104.174 
       0.942635         619.062         100.186 
       0.958396         612.901         96.3978 
       0.974128         600.663         92.8127 
       0.989692         590.178         89.4454 
        1.00528         575.325         86.2403 
        1.02113         568.638         83.1422 
        1.03692         559.804         80.2076 
        1.05264         548.336         77.4282 
        1.06832         540.759         74.7847 
        1.08405         524.403         72.2577 
        1.09979         517.541         69.8459 
        1.11537         508.983          67.568 
        1.13105         500.785         65.3781 
        1.14679         489.535         63.2767 
        1.16256         482.839         61.2636 
        1.17828         473.851         59.3447 
        1.19395         464.612         57.5144 
         1.2097         454.773          55.752 
        1.22537         444.806         54.0718 
          1.241         437.411          52.466 
        1.25666          436.99         50.9213 
        1.27241         425.682         49.4315 
        1.28819         414.805         47.9988 
        1.30392         411.706         46.6271 
        1.31957         398.581          45.315 
        1.33529          395.13         44.0485 
        1.35108         388.345         42.8255 
        1.36674         380.444         41.6575 
         1.3824         376.248         40.5342 
        1.39811          366.55         39.4485 
        1.41389         362.453         38.3983 
        1.42964         358.008         37.3882 
        1.44531         352.357         36.4193 
        1.46101         346.788         35.4826 
        1.47667         338.358         34.5816 
        1.49229         334.157         33.7142 
        1.50793         328.852         32.8756 
        1.52367         323.683         32.0601 
        1.53953         314.712         31.2667 
        1.55526         314.437         30.5065 
        1.57092         308.972         29.7747 
        1.58662         303.344         29.0651 
        1.60235         300.846         28.3772 
        1.61809          295.17         27.7111 
        1.63369         289.446         27.0724 
        1.64941         284.146         26.4492 
        1.66519         280.246         25.8433 
        1.68085         275.209         25.2606 
        1.69652         273.315         24.6957 
        1.71228         267.085         24.1449 
        1.72806         264.313         23.6104 
        1.74368         260.043         23.0974 
        1.75933         255.321         22.5986 
        1.77505         251.867         22.1121 
        1.79081         248.005         21.6391 
         1.8065          243.75         21.1819 
        1.82218         241.068         20.7383 
        1.83797         237.815         20.3044 
        1.85367          232.31         19.8852 
        1.86928         229.591         19.4804 
        1.88497         225.938         19.0846 
        1.90073         222.397         18.6983 
        1.91647         219.939          18.323 
        1.93218         215.409         17.9588 
        1.94787          212.74          17.605 
        1.96363         209.876         17.2593 
        1.97935         206.673         16.9236 
        1.99499         203.108         16.5987 
        2.01064         201.544         16.2818 
         2.0264         197.449         15.9712 
        2.04216         195.372         15.6688 
        2.05781         192.785         15.3762 
        2.07353         189.222         15.0899 
        2.08928         186.916         14.8103 
        2.10499         184.513         14.5386 
        2.12065          181.12         14.2744 
        2.13633         178.185         14.0165 
        2.15211         176.681         13.7634 
        2.16785         174.386         13.5172 
        2.18349         172.132         13.2785 
        2.19916         169.765         13.0451 
        2.21489          167.27         12.8165 
        2.23063         165.312         12.5932 
         2.2463         163.236         12.3762 
        2.26194         160.095         12.1649 
        2.27765         157.656         11.9574 
        2.29341          155.96         11.7542 
        2.30914         154.159         11.5561 
        2.32486         152.222         11.3627 
        2.34061         150.209         11.1733 
        2.35635         148.037         10.9885 
        2.37203         146.209         10.8084 
        2.38768         144.483         10.6327 
        2.40339         142.364         10.4603 
        2.41914         140.613         10.2914 
        2.43483           138.8         10.1267 
         2.4505         137.134         9.96588 
        2.46622         135.705           9.808 
        2.48195         133.936         9.65353 
        2.49759         131.581         9.50319 
        2.51328         130.406         9.35566 
        2.52906         128.429         9.21031 
        2.54479         127.306         9.06858 
        2.56049         125.135          8.9301 
        2.57618          124.29         8.79463 
        2.59189         122.542         8.66175 
        2.60758         120.709         8.53181 
        2.62325         119.455         8.40469 
        2.63898         117.596         8.27971 
        2.65468         116.574         8.15753 
        2.67044         115.621         8.03728 
        2.68618          114.02         7.91972 
        2.70184         112.151         7.80497 
        2.71755         111.327         7.69221 
        2.73329         109.457         7.58149 
        2.74897         108.212          7.4733 
        2.76462         106.735         7.36746 
        2.78034         106.019         7.26323 
        2.79607         104.756         7.16089 
        2.81179         103.361         7.06064 
        2.82749         102.088         6.96241 
        2.84321          100.14         6.86593 
        2.85893         99.2382          6.7713 
        2.87462         98.2311         6.67862 
        2.89033         96.8083         6.58757 
        2.90605         96.4606         6.49814 
        2.92176         94.9787         6.41041 
        2.93747         93.9608         6.32434 
        2.95318          92.546         6.23983 
        2.96891          91.709         6.15681 
        2.98456         90.6687         6.07567 
        3.00023         89.8559         5.99586 
        3.01596         88.6675         5.91724 
        3.03164         87.8693         5.84024 
        3.04738         86.6952         5.76439 
         3.0631          85.841          5.6899 
        3.07883         84.9917         5.61672 
        3.09456         83.8382         5.54484 
        3.11026         82.7086         5.47432 
        3.12596          82.078         5.40502 
        3.14163         80.9981         5.33709 
        3.15734         80.0306         5.27016 
        3.17308         79.3323         5.20421 
        3.18879         78.0313         5.13956 
        3.20447         77.4914          5.0761 
         3.2202         76.6032         5.01352 
         3.2359         75.4606         4.95209 
        3.25157         75.0415         4.89184 
        3.26729         74.3007         4.83241 
        3.28304         73.5103         4.77384 
        3.29877         72.8293         4.71631 
        3.31446         72.0293         4.65986 
        3.33014         71.2923         4.60437 
        3.34585         70.6265          4.5497 
        3.36158         69.5264         4.49583 
        3.37727         68.9766           4.443 
        3.39294         68.0057         4.39107 
        3.40867         67.3775         4.33977 
        3.42439         66.7209         4.28932 
        3.44008         66.0635         4.23976 
        3.45578         65.2769         4.19095 
        3.47153          64.776          4.1428 
        3.48724         64.0758         4.09548 
        3.50292         63.3916         4.04902 
        3.51859         62.7048         4.00329 
        3.53431         61.9346         3.95812 
        3.55007         61.3789         3.91354 
        3.56577         61.0644         3.86981 
        3.58146         60.3239         3.82677 
        3.59719         59.7139         3.78429 
        3.61292         59.0788         3.74246 
        3.62859         58.7004         3.70141 
        3.64429          57.939          3.6609 
        3.66003         57.2896         3.62088 
        3.67578         56.6863         3.58146 
        3.69146         56.1691         3.54277 
        3.70712         55.5364         3.50473 
        3.72284         55.1314          3.4671 
        3.73853         54.6462         3.43009 
        3.75422         54.0133          3.3936 
        3.76993         53.4735         3.35761 
        3.78564         52.9301         3.32215 
        3.80137         52.4159         3.28714 
        3.81707         51.9825         3.25271 
        3.83279         51.3433         3.21875 
        3.84853         50.8702         3.18521 
        3.86424         50.3881         3.15221 
        3.87992         49.8779         3.11973 
        3.89561         49.5196          3.0877 
        3.91134         49.0724         3.05605 
        3.92704         48.4331         3.02489 
        3.94273         48.0961         2.99418 
        3.95845         47.6198         2.96385 
        3.97418         47.1598         2.93392 
        3.98988         46.7096         2.90445 
        4.00554         46.2746         2.87547 
        4.02125         46.0706         2.84679 
        4.03698         45.4116         2.81846 
        4.05268         45.0587         2.79057 
        4.06839           44.49         2.76304 
         4.0841         44.1129         2.73589 
        4.09983          43.841         2.70907 
        4.11555         43.3059         2.68261 
        4.13124         42.9588         2.65658 
        4.14693         42.5316         2.63087 
        4.16266         42.1818         2.60544 
        4.17839         41.8315         2.58036 
        4.19408         41.4763         2.55567 
        4.20977         41.0965         2.53128 
        4.22551         40.6668         2.50716 
        4.24123         40.3317         2.48337 
        4.25691         39.9324         2.45996 
        4.27259         39.6513         2.43683 
        4.28831         39.3302         2.41396 
        4.30404          38.905         2.39136 
        4.31974         38.6564          2.3691 
        4.33543         38.1994         2.34713 
        4.35116         37.8126         2.32538 
        4.36688         37.4774         2.30392 
        4.38255         37.2066         2.28281 
        4.39825         36.9929         2.26191 
        4.41398         36.5778         2.24124 
         4.4297         36.2767         2.22084 
        4.44541         35.8969          2.2007 
        4.46111         35.6855         2.18082 
        4.47683         35.3273         2.16118 
        4.49251         35.0516         2.14181 
        4.50819         34.6832         2.12269 
         4.5239         34.4178         2.10377 
        4.53962         34.1146         2.08506 
        4.55535         33.8049         2.06656 
        4.57106         33.5767         2.04832 
        4.58678         33.3053         2.03029 
         4.6025         32.8602         2.01247 
        4.61821         32.7321         1.99487 
        4.63391         32.4481          1.9775 
         4.6496         32.0925         1.96034 
        4.66532         31.9371         1.94336 
        4.68103         31.6195         1.92659 
        4.69673         31.3588         1.91003 
        4.71241           31.06         1.89368 
        4.72811         30.7906          1.8775 
        4.74384         30.5304         1.86148 
        4.75955         30.2869         1.84567 
        4.77525         30.0437         1.83006 
        4.79096         29.8402          1.8146 
        4.80669         29.6172         1.79932 
         4.8224           29.29         1.78422 
        4.83809         29.1235         1.76932 
        4.85379         28.8211         1.75458 
         4.8695          28.574         1.73999 
        4.88521          28.311         1.72557 
        4.90093         28.1166         1.71132 
        4.91663         27.9322         1.69723 
        4.93234         27.6904         1.68329 
        4.94807         27.4486          1.6695 
        4.96377         27.1803         1.65588 
        4.97943         26.9517         1.64245 
        4.99514         26.7726         1.62913 
        5.01086         26.5833         1.61595 
        5.02654         26.3694         1.60294 
        5.04227         26.1529         1.59004 
          5.058         25.8921         1.57728 
        5.07371          25.822         1.56468 
        5.08942         25.4397         1.55221 
        5.10513         25.3371         1.53988 
        5.12084         25.1244         1.52768 
        5.13656         24.9095         1.51561 
        5.15225         24.7415         1.50369 
        5.16796           24.56         1.49188 
        5.18369          24.322         1.48018 
         5.1994         24.1596         1.46863 
        5.21509         24.0201         1.45722 
        5.23079         23.7786         1.44591 
        5.24649         23.5769         1.43473 
        5.26217         23.3971         1.42367 
        5.27788         23.1839         1.41272 
        5.29359         23.0428         1.40187 
        5.30933         22.8693         1.39113 
        5.32504          22.717         1.38052 
        5.34073         22.5025         1.37002 
        5.35646         22.3163         1.35962 
        5.37218         22.0908         1.34932 
        5.38789         21.9928         1.33914 
        5.40357         21.8183         1.32908 
        5.41929         21.6515          1.3191 
        5.43502         21.4551         1.30922 
         5.4507         21.3231         1.29947 
        5.46639         21.1631         1.28981 
        5.48212         21.0112         1.28023 
        5.49786         20.8648         1.27074 
        5.51353          20.715         1.26138 
        5.52921         20.5277         1.25211 
        5.54495         20.3985         1.24291 
        5.56066           20.21         1.23381 
        5.57637         20.0999          1.2248 
        5.59207         19.9415         1.21589 
        5.60778         19.8338         1.20706 
        5.62346         19.6793         1.19833 
        5.63916         19.5471         1.18968 
        5.65487         19.3889         1.18111 
         5.6706         19.2465         1.17262 
        5.68633         19.0857          1.1642 
        5.70203         18.8781         1.15589 
        5.71773         18.8077         1.14766 
        5.73344         18.6414          1.1395 
        5.74916         18.5195         1.13141 
        5.76486         18.3604         1.12341 
        5.78054         18.2323         1.11551 
        5.79626         18.1251         1.10765 
          5.812         17.9741         1.09987 
         5.8277         17.8599         1.09218 
        5.84339         17.7165         1.08456 
        5.85911         17.5827           1.077 
        5.87484         17.4657         1.06951 
        5.89053         17.3519         1.06212 
        5.90623         17.2117         1.05478 
        5.92195         17.1132          1.0475 
        5.93767         17.0133          1.0403 
        5.95336         16.8453         1.03317 
        5.96905         16.7078         1.02612 
        5.98476         16.5939         1.01912 
        6.00048         16.4491         1.01218 
        6.01617         16.3553         1.00531 
        6.03185         16.2419         0.99852 
        6.04756         16.1282        0.991773 
        6.06331         16.0131        0.985075 
        6.07903         15.8867        0.978451 
        6.09473          15.816        0.971895 
        6.11044         15.6524        0.965392 
        6.12616         15.5709         0.95895 
        6.14186         15.4349        0.952572 
        6.15755          15.337        0.946253 
        6.17326         15.2344        0.939986 
        6.18898          15.136        0.933772 
        6.20467         15.0581        0.927626 
        6.22036         14.9172        0.921535 
         6.2361         14.8022        0.915482 
         6.2518         14.6963        0.909493 
        6.26748         14.6101        0.903571 
        6.28319         14.4955        0.897684 
        6.29893         14.3876        0.891845 
        6.31463         14.3044        0.886068 
        6.33033         14.1936        0.880343 
        6.34604         14.1173        0.874665 
        6.36177         14.0196        0.869031 
        6.37747         13.9147        0.863457 
        6.39316         13.8347        0.857934 
        6.40888         13.7172         0.85245 
         6.4246         13.6269        0.847012 
        6.44031         13.5497        0.841625 
        6.45601         13.4702        0.836291 
        6.47172         13.3716        0.830997 
        6.48744         13.2423        0.825746 
        6.50313         13.1889         0.82055 
        6.51882         13.0847          0.8154 
        6.53452          13.009        0.810289 
        6.55025          12.937        0.805212 
        6.56597         12.8128        0.800186 
        6.58166         12.7625        0.795209 
        6.59736         12.6316        0.790271 
        6.61307         12.5723         0.78537 
         6.6288         12.4846        0.780508 
         6.6445         12.4251        0.775693 
         6.6602         12.3255         0.77092 
        6.67592         12.2613        0.766181 
        6.69164         12.1597        0.761484 
        6.70735         12.0865        0.756826 
        6.72304         12.0186        0.752213 
        6.73874         11.9238        0.747637 
        6.75446         11.8762        0.743093 
        6.77016         11.7816        0.738593 
        6.78585         11.6848         0.73413 
        6.80156         11.6159        0.729703 
        6.81729         11.5476        0.725304 
        6.83301         11.4522        0.720942 
         6.8487         11.3912        0.716626 
         6.8644         11.3098        0.712342 
        6.88012         11.2208        0.708089 
        6.89583         11.1723        0.703874 
        6.91151          11.085        0.699699 
        6.92723         11.0223        0.695548 
        6.94296          10.943        0.691428 
        6.95866         10.8703        0.687349 
        6.97436         10.8033        0.683303 
        6.99007         10.7364        0.679287 
        7.00578         10.6623        0.675304 
        7.02147         10.6236        0.671357 
        7.03718          10.536        0.667437 
         7.0529         10.4794        0.663545 
        7.06863          10.397        0.659682 
        7.08433         10.3345        0.655855 
        7.10004         10.2746        0.652059 
        7.11575         10.2267        0.648292 
        7.13145         10.1364        0.644556 
        7.14715         10.0737         0.64085 
        7.16284         10.0105        0.637177 
        7.17855         9.94801        0.633525 
        7.19428         9.89512        0.629899 
        7.20998          9.8171        0.626307 
        7.22568         9.78126        0.622744 
        7.24139         9.71293        0.619206 
        7.25711         9.65552        0.615695 
        7.27282         9.59004        0.612211 
        7.28852         9.52303        0.608758 
        7.30423         9.46507        0.605326 
        7.31995         9.40451        0.601923 
        7.33565         9.33853        0.598547 
        7.35135         9.28866        0.595197 
        7.36706         9.22221        0.591873 
        7.38277         9.17048        0.588571 
        7.39847         9.11248        0.585297 
        7.41419         9.05598        0.582046 
         7.4299         8.99978        0.578819 
        7.44561         8.93831        0.575618 
        7.46132         8.88829        0.572441 
        7.47701          8.8405        0.569291 
        7.49272         8.77475        0.566162 
        7.50842          8.7124        0.563057 
         7.5241         8.67584         0.55998 
        7.53981         8.61415         0.55692 
        7.55552          8.5773        0.553883 
        7.57125         8.52322        0.550865 
        7.58698         8.48236        0.547869 
        7.60268         8.41507        0.544901 
         7.6184          8.3686        0.541951 
        7.63411         8.31317        0.539025 
        7.64981         8.25243        0.536121 
        7.66552         8.21245        0.533239 
        7.68123         8.15802        0.530377 
        7.69695         8.11436        0.527534 
        7.71264         8.06969        0.524717 
        7.72834         8.01883        0.521919 
        7.74407          7.9736        0.519136 
        7.75978          7.9201        0.516375 
        7.77546         7.88406        0.513641 
        7.79116         7.83125        0.510924 
         7.8069         7.77776         0.50822 
         7.8226         7.73006         0.50554 
        7.83828         7.68167        0.502884 
        7.85399         7.65574        0.500243 
        7.86972         7.61415        0.497616 
        7.88543         7.55762        0.495012 
        7.90111         7.50839        0.492431 
        7.91681         7.46912        0.489865 
        7.93255         7.43005        0.487312 
        7.94828         7.37447        0.484778 
        7.96397         7.34829        0.482267 
        7.97967         7.30254        0.479773 
        7.99538         7.26279        0.477296 
         8.0111         7.20598        0.474835 
         8.0268         7.16644        0.472393 
        8.04248         7.13534        0.469971 
         8.0582         7.08738        0.467562 
        8.07393         7.05194        0.465166 
        8.08963          6.9957        0.462793 
        8.10533         6.97417        0.460436 
        8.12104         6.92023        0.458093 
        8.13675         6.88835        0.455767 
        8.15245         6.84606        0.453458 
        8.16815         6.80475        0.451166 
        8.18387         6.77592        0.448887 
        8.19959         6.73321        0.446622 
         8.2153         6.69048        0.444375 
        8.23101         6.65643        0.442144 
        8.24672         6.62161        0.439928 
        8.26241         6.58149         0.43773 
         8.2781         6.53658        0.435546 
        8.29381         6.50992        0.433375 
        8.30952         6.47729        0.431219 
        8.32524         6.42804        0.429075 
        8.34095         6.39686        0.426948 
        8.35666         6.36128        0.424835 
        8.37237         6.33027        0.422736 
        8.38808         6.29067        0.420651 
        8.40379         6.26263        0.418581 
         8.4195         6.22699        0.416525 
         8.4352         6.19191        0.414483 
        8.45091          6.1563        0.412455 
        8.46662         6.11657        0.410439 
        8.48232         6.08557        0.408438 
        8.49802         6.05281         0.40645 
        8.51374         6.02924        0.404473 
        8.52945         5.98923        0.402511 
        8.54515         5.95946        0.400563 
        8.56086         5.92309        0.398625 
        8.57658         5.88525        0.396701 
        8.59228         5.85682        0.394791 
        8.60799         5.82382        0.392891 
        8.62371         5.79511        0.391004 
        8.63942         5.76225         0.38913 
        8.65512         5.72636         0.38727 
        8.67082         5.69903        0.385421 
        8.68653         5.67404        0.383583 
        8.70224         5.64421        0.381758 
        8.71795         5.61164        0.379945 
        8.73365         5.58053        0.378143 
        8.74936         5.55408        0.376353 
        8.76506         5.51468        0.374576 
        8.78076         5.49561        0.372809 
        8.79646         5.46627        0.371054 
        8.81218         5.43677        0.369309 
        8.82791         5.40443        0.367573 
         8.8436         5.37427        0.365852 
         8.8593         5.35779        0.364143 
        8.87503         5.31371         0.36244 
        8.89076         5.29307        0.360748 
        8.90644         5.26493        0.359072 
        8.92214         5.23161        0.357406 
        8.93786         5.21055        0.355747 
        8.95357         5.18187        0.354099 
        8.96928         5.15958        0.352463 
        8.98498         5.12848        0.350837 
        9.00069         5.10462        0.349221 
        9.01639         5.07684        0.347615 
        9.03208         5.05002        0.346022 
        9.04778         5.02911        0.344436 
        9.06351         4.99723        0.342859 
        9.07923         4.97283        0.341291 
        9.09493         4.94617        0.339736 
        9.11062         4.92412        0.338191 
        9.12635         4.89516        0.336652 
        9.14207         4.87621        0.335123 
        9.15777         4.85274        0.333606 
        9.17346         4.82749        0.332099 
        9.18917         4.80317        0.330599 
         9.2049         4.77416        0.329107 
        9.22061         4.75198        0.327626 
        9.23631         4.72586        0.326155 
        9.25201         4.70763        0.324692 
        9.26773         4.68024        0.323238 
        9.28343         4.65419        0.321793 
        9.29913          4.6345        0.320357 
        9.31484         4.61664         0.31893 
        9.33057         4.59234        0.317509 
        9.34627         4.57085        0.316099 
        9.36197         4.54644        0.314698 
        9.37768          4.5227        0.313304 
        9.39338         4.50256         0.31192 
        9.40909         4.47746        0.310544 
        9.42479         4.45672        0.309176 
         9.4405         4.43354        0.307816 
        9.45621         4.41148        0.306464 
        9.47193         4.39185         0.30512 
        9.48763         4.37277        0.303785 
        9.50334         4.34881        0.302458 
        9.51906         4.33158        0.301138 
        9.53476         4.31137        0.299827 
        9.55045         4.28519        0.298525 
        9.56616         4.26289        0.297229 
        9.58188         4.24738        0.295939 
        9.59759         4.22452        0.294657 
         9.6133         4.20732        0.293383 
        9.62901         4.19082        0.292116 
        9.64471         4.16519        0.290856 
        9.66041         4.14643        0.289604 
        9.67612         4.12999        0.288357 
        9.69184         4.10621        0.287118 
        9.70754         4.08841        0.285887 
        9.72324         4.07131        0.284664 
        9.73895         4.04965        0.283448 
        9.75467          4.0278        0.282239 
        9.77038         4.01433        0.281039 
        9.78607         3.99677        0.279848 
        9.80177         3.97212        0.278665 
        9.81749         3.95971        0.277489 
         9.8332         3.94496        0.276322 
         9.8489         3.92223        0.275163 
        9.86463         3.90935        0.274009 
        9.88035         3.88604        0.272862 
        9.89606         3.87417        0.271722 
        9.91175         3.85712        0.270587 
        9.92745         3.83851        0.269456 
        9.94317         3.81946        0.268328 
        9.95888         3.80143        0.267202 
        9.97458         3.78556        0.266079 
        9.99029         3.76756        0.264956 
         10.006         3.75502        0.264263 
        10.0217         3.73867        0.264263 
        10.0374         3.72068        0.264263 
        10.0531         3.70639        0.264263 
        10.0688         3.69064        0.264263 
        10.0845         3.67151        0.264263 
        10.1002         3.66077        0.264263 
        10.1159           3.638        0.264263 
        10.1317         3.63321        0.264263 
        10.1474         3.61113        0.264263 
        10.1631         3.59746        0.264263 
        10.1788         3.58185        0.264263 
        10.1945         3.56461        0.264263 
        10.2102         3.54971        0.264263 
        10.2259         3.53624        0.264263 
        10.2416         3.52253        0.264263 
        10.2573         3.50801        0.264263 
         10.273         3.49391        0.264263 
        10.2887         3.47637        0.264263 
        10.3044         3.46214        0.264263 
        10.3201         3.44819        0.264263 
        10.3359         3.43765        0.264263 
        10.3516         3.42163        0.264263 
        10.3673         3.40852        0.264263 
         10.383         3.39716        0.264263 
        10.3987         3.37978        0.264263 
        10.4144         3.37094        0.264263 
        10.4301         3.35387        0.264263 
        10.4458         3.34123        0.264263 
        10.4615         3.32581        0.264263 
        10.4772         3.31663        0.264263 
        10.4929         3.30334        0.264263 
        10.5086         3.28842        0.264263 
        10.5244         3.27939        0.264263 
        10.5401         3.26802        0.264263 
        10.5558         3.25052        0.264263 
        10.5715         3.24155        0.264263 
        10.5872         3.22905        0.264263 
        10.6029         3.21561        0.264263 
        10.6186         3.20752        0.264263 
        10.6343         3.19088        0.264263 
          10.65         3.18152        0.264263 
        10.6657           3.166        0.264263 
        10.6814         3.15961        0.264263 
        10.6971         3.14602        0.264263 
        10.7129         3.13657        0.264263 
        10.7286         3.12416        0.264263 
        10.7443         3.10823        0.264263 
          10.76         3.10227        0.264263 
        10.7757         3.09316        0.264263 
        10.7914         3.07994        0.264263 
        10.8071         3.07087        0.264263 
        10.8228         3.05855        0.264263 
        10.8385         3.04743        0.264263 
        10.8542         3.04011        0.264263 
        10.8699          3.0271        0.264263 
        10.8856         3.01926        0.264263 
        10.9014         3.00873        0.264263 
        10.9171         2.99942        0.264263 
        10.9328         2.98934        0.264263 
        10.9485         2.97876        0.264263 
        10.9642         2.96873        0.264263 
        10.9799         2.96231        0.264263 
        10.9956         2.95005        0.264263 
        11.0113         2.94012        0.264263 
         11.027         2.93623        0.264263 
        11.0427         2.92543        0.264263 
        11.0584         2.91437        0.264263 
        11.0741          2.9064        0.264263 
        11.0898         2.89357        0.264263 
        11.1055         2.88562        0.264263 
        11.1212         2.87701        0.264263 
         11.137         2.87236        0.264263 
        11.1527          2.8599        0.264263 
        11.1684         2.85431        0.264263 
        11.1841         2.84429        0.264263 
        11.1998         2.83874        0.264263 
        11.2155         2.82658        0.264263 
        11.2312         2.81992        0.264263 
        11.2469         2.81554        0.264263 
        11.2626         2.80541        0.264263 
        11.2783         2.79713        0.264263 
         11.294         2.79269        0.264263 
        11.3097         2.78476        0.264263 
        11.3254         2.77763        0.264263 
        11.3412         2.76796        0.264263 
        11.3569         2.76038        0.264263 
        11.3726         2.75588        0.264263 
        11.3883         2.74981        0.264263 
         11.404         2.74273        0.264263 
        11.4197         2.73425        0.264263 
        11.4354         2.73033        0.264263 
        11.4511         2.71921        0.264263 
        11.4668         2.71766        0.264263 
        11.4825          2.7107        0.264263 
        11.4982         2.70539        0.264263 
         11.514         2.70033        0.264263 
        11.5297          2.6958        0.264263 
        11.5454         2.68489        0.264263 
        11.5611         2.67875        0.264263 
        11.5768         2.67599        0.264263 
        11.5925         2.67033        0.264263 
        11.6082          2.6651        0.264263 
        11.6239         2.66055        0.264263 
        11.6396         2.65324        0.264263 
        11.6553         2.65055        0.264263 
         11.671         2.64522        0.264263 
        11.6867          2.6431        0.264263 
        11.7024         2.63526        0.264263 
        11.7182         2.62971        0.264263 
        11.7339         2.62557        0.264263 
        11.7496         2.62342        0.264263 
        11.7653          2.6196        0.264263 
         11.781         2.61495        0.264263 
        11.7967         2.60877        0.264263 
        11.8124         2.60384        0.264263 
        11.8281         2.60151        0.264263 
        11.8438         2.59799        0.264263 
        11.8595         2.59248        0.264263 
        11.8752         2.59078        0.264263 
         11.891         2.58868        0.264263 
        11.9067         2.58485        0.264263 
        11.9224         2.58136        0.264263 
        11.9381         2.57748        0.264263 
        11.9538         2.57655        0.264263 
        11.9695          2.5728        0.264263 
        11.9852         2.56952        0.264263 
        12.0009         2.56855        0.264263 
        12.0166         2.56455        0.264263 
        12.0323         2.56475        0.264263 
         12.048         2.56117        0.264263 
        12.0637         2.55743        0.264263 
