# k  (h/Mpc)    Pcb(k)  (Mpc/h)^3    Pcb_linear(k) (Mpc/h)^3   ShotnoiseSubtracted = true
      0.0200456         11627.9         11869.7 
      0.0350414         8735.23         9036.68 
      0.0492313         6648.43         6731.77 
      0.0637834         5747.25         5655.02 
      0.0800726         4610.93         4563.24 
       0.096163         3276.16         3374.72 
       0.111083         2619.89         2707.95 
       0.126058         2420.87         2403.13 
       0.142273         2105.27         2058.23 
       0.158546          1787.7         1645.31 
        0.17375         1438.04          1388.8 
       0.188953         1391.12         1257.26 
       0.204907         1314.37         1120.56 
       0.220756          1126.4         956.495 
        0.23588         994.587         833.281 
         0.2514         869.607         756.708 
       0.267535         854.206          687.98 
       0.283568         777.341         610.527 
       0.299022         726.875         545.011 
       0.314451         687.012         498.187 
       0.330372         634.477         458.315 
       0.346141         581.863         417.825 
       0.361624         558.944         380.621 
       0.377134         521.001         350.459 
       0.392932         498.123         324.861 
       0.408854         479.407         300.375 
       0.424564         455.195         277.465 
       0.440253         442.058         257.532 
       0.455999         417.374         240.273 
       0.471626         390.723         224.541 
        0.48727         380.756         209.739 
       0.502856         368.795         196.324 
       0.518488         365.058         184.344 
       0.534347         342.707         173.249 
       0.550082         324.554         163.015 
       0.565732         322.128         153.597 
       0.581496         305.125         144.948 
       0.597222         299.147         137.021 
       0.612804         289.179         129.732 
       0.628434         278.876         122.922 
       0.644267         270.448         116.536 
       0.660051         266.424         110.648 
       0.675724         262.037         105.207 
       0.691403         254.567         100.129 
       0.707174         244.356         95.3586 
       0.722871         242.324         90.9197 
        0.73838         237.668         86.8122 
       0.754018         231.145         82.9286 
       0.769845          223.91         79.2413 
        0.78569         222.837          75.776 
       0.801365         216.118         72.5533 
       0.817031         209.524         69.5218 
       0.832809         206.638         66.6458 
       0.848511         201.944         63.9469 
       0.864097         199.106         61.4175 
       0.879701         194.863         59.0237 
       0.895507         190.036         56.7304 
       0.911279         185.556         54.5648 
        0.92691         184.743         52.5313 
       0.942635         180.795          50.591 
       0.958396         180.076         48.7456 
       0.974128         175.248         46.9963 
       0.989692         171.095          45.351 
        1.00528         168.519         43.7827 
        1.02113          167.77         42.2645 
        1.03692         161.817         40.8246 
        1.05264         159.673          39.459 
        1.06832         156.752         38.1584 
        1.08405         154.634         36.9136 
        1.09979         153.983          35.724 
        1.11537         148.965          34.599 
        1.13105         148.293         33.5162 
        1.14679         147.419         32.4759 
        1.16256         144.974         31.4781 
        1.17828         141.722         30.5259 
        1.19395         140.135         29.6166 
         1.2097         138.065           28.74 
        1.22537         136.774         27.9033 
          1.241         134.124         27.1028 
        1.25666         131.927          26.332 
        1.27241         130.145         25.5877 
        1.28819         128.488         24.8712 
        1.30392         127.116         24.1844 
        1.31957         125.416         23.5268 
        1.33529         122.709         22.8914 
        1.35108         121.455         22.2771 
        1.36674         120.395           21.69 
         1.3824         117.969         21.1247 
        1.39811         117.211         20.5778 
        1.41389         115.314         20.0483 
        1.42964         113.553         19.5385 
        1.44531         110.943          19.049 
        1.46101          110.29         18.5754 
        1.47667          109.18         18.1194 
        1.49229         107.467           17.68 
        1.50793         106.546         17.2548 
        1.52367         105.318         16.8409 
        1.53953          103.48          16.438 
        1.55526         102.382         16.0515 
        1.57092          101.47         15.6791 
        1.58662         99.5947         15.3177 
        1.60235         99.0639         14.9671 
        1.61809         97.3781         14.6274 
        1.63369          96.372         14.3013 
        1.64941          95.487         13.9829 
        1.66519         93.5591          13.673 
        1.68085          92.747         13.3749 
        1.69652         90.7753         13.0855 
        1.71228         90.7724         12.8032 
        1.72806         89.3447          12.529 
        1.74368         88.3672         12.2657 
        1.75933         87.1565         12.0094 
        1.77505          86.312         11.7593 
        1.79081         84.9782         11.5159 
         1.8065         84.2352         11.2805 
        1.82218         82.6792         11.0519 
        1.83797         82.1506         10.8282 
        1.85367           81.12         10.6119 
        1.86928         80.8905         10.4028 
        1.88497          79.157         10.1983 
        1.90073         78.1985         9.99852 
        1.91647         77.6062         9.80432 
        1.93218         76.5834         9.61572 
        1.94787         75.6571         9.43239 
        1.96363          74.454         9.25314 
        1.97935         74.1815         9.07894 
        1.99499         72.9422         8.91024 
        2.01064         72.4222          8.7456 
         2.0264         71.0133         8.58411 
        2.04216         70.2488          8.4268 
        2.05781         69.5973         8.27445 
        2.07353         68.6709         8.12534 
        2.08928         67.7114          7.9796 
        2.10499         67.4154         7.83785 
        2.12065         66.6969         7.69998 
        2.13633         65.9358         7.56533 
        2.15211         65.4577         7.43304 
        2.16785         64.5353         7.30431 
        2.18349         64.0312         7.17945 
        2.19916         63.1721         7.05725 
        2.21489         62.7612         6.93752 
        2.23063         61.9674         6.82049 
         2.2463         61.3745          6.7067 
        2.26194         60.3009         6.59581 
        2.27765         59.8203         6.48687 
        2.29341         59.3111         6.38011 
        2.30914         58.3229           6.276 
        2.32486         57.5436         6.17427 
        2.34061         57.1025         6.07464 
        2.35635         56.6135         5.97731 
        2.37203         55.6938         5.88246 
        2.38768         55.3401         5.78988 
        2.40339         54.6227         5.69896 
        2.41914         54.4051         5.60979 
        2.43483         53.8632         5.52286 
         2.4505         53.2446         5.43792 
        2.46622         52.6744         5.35448 
        2.48195         52.0609          5.2728 
        2.49759         51.3417         5.19326 
        2.51328          50.812         5.11517 
        2.52906         50.3995         5.03819 
        2.54479          49.859          4.9631 
        2.56049          49.117         4.88969 
        2.57618         48.7793         4.81783 
        2.59189         48.2139         4.74731 
        2.60758         47.8059         4.67833 
        2.62325         47.2564          4.6108 
        2.63898         46.8107         4.54438 
        2.65468         46.1585         4.47941 
        2.67044         45.5908         4.41544 
        2.68618         45.3205         4.35288 
        2.70184         44.8236         4.29178 
        2.71755         44.5837          4.2317 
        2.73329         43.7449         4.17269 
        2.74897         43.4234           4.115 
        2.76462          42.827         4.05854 
        2.78034         42.6305          4.0029 
        2.79607         42.0937         3.94825 
        2.81179         41.7065          3.8947 
        2.82749         41.0981         3.84219 
        2.84321           40.86         3.79061 
        2.85893         40.3893         3.73999 
        2.87462         39.8436         3.69038 
        2.89033         39.5746         3.64163 
        2.90605           39.14         3.59373 
        2.92176         38.8801         3.54671 
        2.93747         38.4367         3.50056 
        2.95318         38.0007         3.45523 
        2.96891         37.4769         3.41068 
        2.98456         37.2755         3.36712 
        3.00023         36.7664         3.32426 
        3.01596         36.4568         3.28202 
        3.03164         36.1947         3.24063 
        3.04738         35.8057         3.19984 
         3.0631         35.4011         3.15977 
        3.07883         35.0378         3.12038 
        3.09456         34.7378         3.08168 
        3.11026         34.3776         3.04369 
        3.12596         34.0689         3.00635 
        3.14163         33.6572         2.96973 
        3.15734         33.4438         2.93363 
        3.17308         33.0295         2.89805 
        3.18879         32.6835         2.86315 
        3.20447         32.4182         2.82889 
         3.2202         32.0791         2.79508 
         3.2359         31.7631         2.76189 
        3.25157         31.5907         2.72932 
        3.26729         31.2882         2.69717 
        3.28304         30.9239         2.66549 
        3.29877         30.4684         2.63435 
        3.31446         30.3317         2.60378 
        3.33014         30.0566         2.57373 
        3.34585         29.8298         2.54411 
        3.36158         29.3576         2.51491 
        3.37727         29.1303         2.48626 
        3.39294         28.9437         2.45809 
        3.40867         28.6479         2.43025 
        3.42439         28.2755         2.40286 
        3.44008          28.102         2.37595 
        3.45578          27.885         2.34943 
        3.47153          27.541         2.32326 
        3.48724         27.2257         2.29753 
        3.50292         27.0918         2.27226 
        3.51859         26.7463         2.24738 
        3.53431         26.5965          2.2228 
        3.55007         26.3292         2.19852 
        3.56577         26.0477         2.17471 
        3.58146         25.9481         2.15126 
        3.59719         25.6213          2.1281 
        3.61292         25.3574         2.10529 
        3.62859         25.1148         2.08291 
        3.64429         24.8936         2.06081 
        3.66003         24.7045         2.03896 
        3.67578         24.4388         2.01744 
        3.69146         24.1973         1.99631 
        3.70712          23.937         1.97552 
        3.72284         23.8281         1.95496 
        3.73853         23.5446         1.93472 
        3.75422         23.3167         1.91476 
        3.76993         23.1979         1.89507 
        3.78564         22.9257         1.87566 
        3.80137         22.7486          1.8565 
        3.81707         22.5076         1.83764 
        3.83279         22.3138         1.81904 
        3.84853          22.097         1.80066 
        3.86424         21.9221         1.78257 
        3.87992         21.7342         1.76475 
        3.89561         21.5354         1.74718 
        3.91134         21.3665         1.72982 
        3.92704         21.1763         1.71271 
        3.94273         20.9721         1.69585 
        3.95845         20.7659         1.67919 
        3.97418         20.6143         1.66275 
        3.98988         20.3917         1.64655 
        4.00554         20.2383         1.63061 
        4.02125         20.0713         1.61484 
        4.03698         19.8564         1.59926 
        4.05268         19.7127         1.58391 
        4.06839         19.5244         1.56876 
         4.0841         19.4005         1.55381 
        4.09983         19.1729         1.53903 
        4.11555         19.0477         1.52446 
        4.13124         18.8969         1.51011 
        4.14693         18.6889         1.49593 
        4.16266          18.534         1.48191 
        4.17839         18.3939         1.46807 
        4.19408         18.2202         1.45445 
        4.20977          18.055         1.44099 
        4.22551         17.9494         1.42767 
        4.24123         17.8088         1.41453 
        4.25691         17.6678         1.40159 
        4.27259         17.4896         1.38882 
        4.28831         17.2731         1.37617 
        4.30404         17.1848         1.36367 
        4.31974         17.0188         1.35136 
        4.33543          16.882          1.3392 
        4.35116         16.7517         1.32717 
        4.36688         16.6443         1.31529 
        4.38255         16.4977          1.3036 
        4.39825         16.3917         1.29202 
        4.41398         16.2362         1.28056 
         4.4297         16.0665         1.26926 
        4.44541         15.9763         1.25809 
        4.46111         15.8402         1.24707 
        4.47683         15.7103         1.23617 
        4.49251         15.5963         1.22543 
        4.50819         15.4543         1.21482 
         4.5239         15.3481         1.20431 
        4.53962          15.177         1.19392 
        4.55535         15.0806         1.18365 
        4.57106         14.9658         1.17351 
        4.58678          14.816         1.16349 
         4.6025          14.721         1.15358 
        4.61821         14.6085          1.1438 
        4.63391         14.4891         1.13413 
         4.6496         14.3462         1.12459 
        4.66532         14.2116         1.11514 
        4.68103          14.119          1.1058 
        4.69673         14.0474         1.09658 
        4.71241         13.9248         1.08747 
        4.72811         13.7935         1.07846 
        4.74384          13.699         1.06953 
        4.75955         13.5887         1.06072 
        4.77525          13.465         1.05201 
        4.79096         13.4037         1.04339 
        4.80669         13.2833         1.03487 
         4.8224         13.1418         1.02644 
        4.83809         13.0783         1.01812 
        4.85379          12.938         1.00989 
         4.8695         12.8621         1.00175 
        4.88521         12.7598        0.993694 
        4.90093         12.6693        0.985729 
        4.91663         12.5874        0.977858 
        4.93234         12.4745        0.970066 
        4.94807         12.3555        0.962353 
        4.96377         12.2623        0.954739 
        4.97943         12.1909        0.947223 
        4.99514         12.0976        0.939769 
        5.01086         11.9855        0.932391 
        5.02654          11.904         0.92511 
        5.04227         11.8338        0.917886 
          5.058         11.6989        0.910736 
        5.07371         11.6516        0.903676 
        5.08942         11.5519        0.896691 
        5.10513         11.4731        0.889779 
        5.12084         11.3789        0.882936 
        5.13656         11.3373        0.876167 
        5.15225         11.2172        0.869481 
        5.16796         11.1097        0.862854 
        5.18369         11.0411         0.85629 
         5.1994         10.9485        0.849807 
        5.21509         10.8854        0.843397 
        5.23079         10.8052        0.837045 
        5.24649         10.7266        0.830765 
        5.26217          10.641        0.824553 
        5.27788         10.5723        0.818396 
        5.29359         10.4961        0.812301 
        5.30933         10.3951         0.80626 
        5.32504         10.3375         0.80029 
        5.34073         10.2819        0.794388 
        5.35646          10.161        0.788533 
        5.37218         10.1059        0.782736 
        5.38789         10.0354        0.777008 
        5.40357          9.9673        0.771343 
        5.41929         9.90368        0.765723 
        5.43502         9.82001        0.760158 
         5.4507         9.74842        0.754661 
        5.46639         9.66995        0.749219 
        5.48212         9.61933        0.743817 
        5.49786         9.54308        0.738463 
        5.51353          9.4633        0.733188 
        5.52921         9.41431         0.72796 
        5.54495         9.34832        0.722767 
        5.56066         9.24871         0.71763 
        5.57637         9.19466        0.712545 
        5.59207         9.14224        0.707513 
        5.60778         9.08348        0.702529 
        5.62346         9.04094        0.697599 
        5.63916         8.96517        0.692712 
        5.65487         8.89388         0.68787 
         5.6706          8.8365        0.683068 
        5.68633         8.77266         0.67831 
        5.70203         8.72206        0.673608 
        5.71773         8.64583        0.668952 
        5.73344         8.58749        0.664337 
        5.74916         8.52745        0.659761 
        5.76486         8.48229        0.655235 
        5.78054         8.41924        0.650758 
        5.79626           8.352        0.646311 
          5.812         8.28102        0.641901 
         5.8277         8.23874        0.637545 
        5.84339          8.1769         0.63323 
        5.85911         8.13383        0.628947 
        5.87484         8.08023        0.624704 
        5.89053         8.02039        0.620509 
        5.90623         7.95827         0.61635 
        5.92195         7.91176        0.612223 
        5.93767         7.86976        0.608135 
        5.95336         7.79748        0.604092 
        5.96905         7.76302        0.600088 
        5.98476         7.70245        0.596114 
        6.00048         7.65726        0.592174 
        6.01617         7.60163        0.588276 
        6.03185         7.54822        0.584418 
        6.04756         7.51126        0.580585 
        6.06331         7.44829        0.576779 
        6.07903         7.39823        0.573014 
        6.09473          7.3504        0.569287 
        6.11044         7.29639         0.56559 
        6.12616         7.26971        0.561927 
        6.14186           7.216        0.558299 
        6.15755         7.15822        0.554704 
        6.17326         7.10219        0.551138 
        6.18898         7.06545        0.547602 
        6.20467         7.02994        0.544103 
        6.22036         6.96352        0.540635 
         6.2361         6.92015        0.537188 
         6.2518         6.88227        0.533776 
        6.26748         6.83476        0.530402 
        6.28319         6.79391        0.527048 
        6.29893         6.74533         0.52372 
        6.31463         6.71212        0.520427 
        6.33033          6.6561        0.517163 
        6.34604         6.62001        0.513925 
        6.36177         6.58583        0.510711 
        6.37747         6.53891        0.507531 
        6.39316         6.50049        0.504381 
        6.40888         6.45948         0.50125 
         6.4246          6.4159        0.498147 
        6.44031         6.38317        0.495071 
        6.45601          6.3443        0.492025 
        6.47172         6.29217        0.489001 
        6.48744         6.25448        0.486002 
        6.50313          6.2189        0.483033 
        6.51882         6.17393         0.48009 
        6.53452         6.13434        0.477169 
        6.55025         6.09562        0.474267 
        6.56597         6.05882        0.471392 
        6.58166         6.01928        0.468546 
        6.59736         5.98405        0.465722 
        6.61307         5.95463        0.462918 
         6.6288         5.90484        0.460136 
         6.6445         5.87543         0.45738 
         6.6602         5.83679        0.454647 
        6.67592         5.80535        0.451934 
        6.69164          5.7695        0.449244 
        6.70735         5.74027        0.446577 
        6.72304         5.69776        0.443934 
        6.73874         5.66262        0.441312 
        6.75446         5.63486        0.438708 
        6.77016         5.59915        0.436129 
        6.78585         5.56044        0.433571 
        6.80156         5.53402        0.431032 
        6.81729         5.50378        0.428509 
        6.83301         5.46779        0.426007 
         6.8487         5.41971        0.423531 
         6.8644         5.38602        0.421073 
        6.88012         5.35909        0.418633 
        6.89583         5.33086        0.416213 
        6.91151         5.30303        0.413816 
        6.92723         5.26466        0.411433 
        6.94296         5.24442        0.409067 
        6.95866         5.20811        0.406724 
        6.97436         5.17557        0.404399 
        6.99007         5.14379        0.402092 
        7.00578         5.11449        0.399803 
        7.02147         5.08377        0.397534 
        7.03718          5.0523         0.39528 
         7.0529         5.03213        0.393042 
        7.06863         5.00128         0.39082 
        7.08433         4.96429        0.388619 
        7.10004          4.9381        0.386436 
        7.11575         4.91096        0.384268 
        7.13145         4.87661        0.382118 
        7.14715         4.86139        0.379985 
        7.16284         4.83224         0.37787 
        7.17855          4.7922        0.375767 
        7.19428         4.76768        0.373679 
        7.20998          4.7469         0.37161 
        7.22568         4.71479        0.369557 
        7.24139         4.69001        0.367519 
        7.25711         4.66605        0.365495 
        7.27282         4.63795        0.363487 
        7.28852         4.61456        0.361496 
        7.30423         4.58266        0.359518 
        7.31995         4.55766        0.357555 
        7.33565          4.5303        0.355608 
        7.35135         4.50938        0.353675 
        7.36706         4.48248        0.351757 
        7.38277         4.45902        0.349852 
        7.39847         4.43661        0.347962 
        7.41419         4.40197        0.346085 
         7.4299         4.38809        0.344223 
        7.44561         4.35806        0.342374 
        7.46132         4.33136        0.340539 
        7.47701         4.31435         0.33872 
        7.49272         4.29015        0.336912 
        7.50842         4.26079        0.335117 
         7.5241         4.24425        0.333339 
        7.53981         4.21912        0.331571 
        7.55552         4.19119        0.329815 
        7.57125         4.17227        0.328069 
        7.58698         4.14881        0.326337 
        7.60268         4.12577         0.32462 
         7.6184         4.10717        0.322914 
        7.63411         4.08326        0.321221 
        7.64981         4.05324        0.319541 
        7.66552         4.03571        0.317873 
        7.68123         4.01475        0.316216 
        7.69695         3.99169         0.31457 
        7.71264         3.96673        0.312938 
        7.72834         3.95418        0.311318 
        7.74407         3.93168        0.309706 
        7.75978         3.90609        0.308107 
        7.77546         3.88542        0.306522 
        7.79116         3.86587        0.304948 
         7.8069          3.8501         0.30338 
         7.8226         3.82631        0.301827 
        7.83828         3.81142        0.300287 
        7.85399          3.7857        0.298756 
        7.86972         3.76311        0.297232 
        7.88543         3.74812        0.295722 
        7.90111         3.72716        0.294224 
        7.91681         3.71466        0.292735 
        7.93255         3.68503        0.291254 
        7.94828         3.67184        0.289783 
        7.96397         3.65259        0.288325 
        7.97967         3.63405        0.286877 
        7.99538         3.61188        0.285439 
         8.0111         3.59636         0.28401 
         8.0268         3.57692        0.282591 
        8.04248         3.55818        0.281184 
         8.0582         3.54148        0.279784 
        8.07393         3.52295        0.278392 
        8.08963         3.50481        0.277013 
        8.10533         3.48839        0.275643 
        8.12104         3.47149        0.274281 
        8.13675         3.45279        0.272928 
        8.15245         3.43479        0.271585 
        8.16815         3.41773        0.270252 
        8.18387         3.39959        0.268926 
        8.19959         3.37824        0.267609 
         8.2153         3.36602        0.266301 
        8.23101         3.35344        0.265002 
        8.24672         3.32795        0.263712 
        8.26241          3.3175        0.262433 
         8.2781         3.29421        0.261161 
        8.29381         3.28429        0.259897 
        8.30952         3.26926        0.258641 
        8.32524         3.24829        0.257392 
        8.34095         3.23496        0.256153 
        8.35666         3.21614        0.254922 
        8.37237         3.20349        0.253699 
        8.38808         3.18533        0.252484 
        8.40379         3.16881        0.251277 
         8.4195          3.1562        0.250078 
         8.4352         3.14134        0.248887 
        8.45091         3.12976        0.247704 
        8.46662         3.10923        0.246529 
        8.48232         3.10167        0.245361 
        8.49802         3.08262        0.244201 
        8.51374         3.06738        0.243048 
        8.52945         3.05261        0.241903 
        8.54515         3.03781        0.240765 
        8.56086         3.02384        0.239634 
        8.57658         3.01292        0.238511 
        8.59228         2.99862        0.237395 
        8.60799         2.98196        0.236286 
        8.62371         2.96593        0.235184 
        8.63942         2.95562        0.234089 
        8.65512         2.94637        0.233002 
        8.67082         2.92852        0.231922 
        8.68653         2.91461        0.230848 
        8.70224         2.90253        0.229781 
        8.71795         2.88578        0.228721 
        8.73365         2.87458        0.227667 
        8.74936         2.86177         0.22662 
        8.76506          2.8467        0.225581 
        8.78076         2.83276        0.224548 
        8.79646         2.82255        0.223521 
        8.81218         2.80914          0.2225 
        8.82791         2.79203        0.221484 
         8.8436         2.78021        0.220477 
         8.8593         2.76694        0.219476 
        8.87503         2.76097        0.218479 
        8.89076         2.74241        0.217489 
        8.90644         2.73109        0.216508 
        8.92214         2.71902        0.215531 
        8.93786          2.7114         0.21456 
        8.95357         2.69722        0.213595 
        8.96928         2.68548        0.212636 
        8.98498         2.66946        0.211684 
        9.00069         2.66149        0.210736 
        9.01639         2.64955        0.209795 
        9.03208         2.63901        0.208861 
        9.04778         2.62326        0.207931 
        9.06351         2.61561        0.207006 
        9.07923         2.60314        0.206087 
        9.09493          2.5917        0.205175 
        9.11062         2.58018        0.204268 
        9.12635         2.57112        0.203366 
        9.14207         2.55978        0.202469 
        9.15777         2.54649        0.201578 
        9.17346           2.537        0.200694 
        9.18917         2.52646        0.199813 
         9.2049          2.5167        0.198938 
        9.22061         2.50728        0.198068 
        9.23631         2.49533        0.197204 
        9.25201         2.48483        0.196345 
        9.26773         2.47355        0.195491 
        9.28343         2.46637        0.194642 
        9.29913         2.45425        0.193798 
        9.31484         2.44429         0.19296 
        9.33057         2.43254        0.192125 
        9.34627         2.42446        0.191296 
        9.36197         2.41651        0.190472 
        9.37768         2.40782        0.189653 
        9.39338         2.39425        0.188839 
        9.40909         2.38602         0.18803 
        9.42479         2.37734        0.187225 
         9.4405         2.36588        0.186425 
        9.45621         2.35687         0.18563 
        9.47193         2.34853        0.184839 
        9.48763         2.33682        0.184054 
        9.50334         2.32991        0.183272 
        9.51906         2.32046        0.182496 
        9.53476         2.30856        0.181724 
        9.55045         2.29815        0.180957 
        9.56616          2.2916        0.180194 
        9.58188         2.28092        0.179434 
        9.59759          2.2732        0.178679 
         9.6133         2.26727        0.177929 
        9.62901         2.25614        0.177182 
        9.64471         2.24721         0.17644 
        9.66041         2.23818        0.175702 
        9.67612         2.22949        0.174968 
        9.69184         2.21942        0.174237 
        9.70754         2.21061        0.173512 
        9.72324         2.20436        0.172791 
        9.73895         2.19628        0.172074 
        9.75467         2.18842        0.171361 
        9.77038         2.17869        0.170653 
        9.78607         2.17314        0.169951 
        9.80177         2.16358        0.169253 
        9.81749         2.15526        0.168559 
         9.8332         2.14694         0.16787 
         9.8489         2.14059        0.167186 
        9.86463         2.13231        0.166505 
        9.88035         2.12515        0.165828 
        9.89606         2.11749        0.165154 
        9.91175         2.10813        0.164484 
        9.92745          2.1026        0.163817 
        9.94317          2.0926         0.16315 
        9.95888         2.08601        0.162485 
        9.97458         2.07856        0.161822 
        9.99029         2.07403        0.161159 
         10.006         2.06571        0.160749 
        10.0217         2.05682        0.160749 
        10.0374         2.04914        0.160749 
        10.0531         2.04159        0.160749 
        10.0688         2.03526        0.160749 
        10.0845         2.02866        0.160749 
        10.1002          2.0228        0.160749 
        10.1159          2.0161        0.160749 
        10.1317         2.00863        0.160749 
        10.1474         2.00483        0.160749 
        10.1631          1.9957        0.160749 
        10.1788         1.98807        0.160749 
        10.1945         1.98333        0.160749 
        10.2102         1.97602        0.160749 
        10.2259         1.97229        0.160749 
        10.2416         1.96345        0.160749 
        10.2573         1.95778        0.160749 
         10.273         1.95066        0.160749 
        10.2887         1.94421        0.160749 
        10.3044         1.93823        0.160749 
        10.3201          1.9328        0.160749 
        10.3359           1.927        0.160749 
        10.3516         1.91901        0.160749 
        10.3673         1.91456        0.160749 
         10.383         1.90963        0.160749 
        10.3987          1.9027        0.160749 
        10.4144         1.89693        0.160749 
        10.4301         1.89045        0.160749 
        10.4458         1.88606        0.160749 
        10.4615         1.87929        0.160749 
        10.4772         1.87633        0.160749 
        10.4929         1.86833        0.160749 
        10.5086         1.86331        0.160749 
        10.5244         1.85771        0.160749 
        10.5401         1.85156        0.160749 
        10.5558         1.84674        0.160749 
        10.5715         1.84003        0.160749 
        10.5872         1.83436        0.160749 
        10.6029         1.83056        0.160749 
        10.6186         1.82633        0.160749 
        10.6343         1.82304        0.160749 
          10.65          1.8167        0.160749 
        10.6657         1.81047        0.160749 
        10.6814         1.80805        0.160749 
        10.6971         1.80068        0.160749 
        10.7129         1.79819        0.160749 
        10.7286         1.79439        0.160749 
        10.7443         1.78767        0.160749 
          10.76         1.78356        0.160749 
        10.7757          1.7758        0.160749 
        10.7914         1.77359        0.160749 
        10.8071         1.77003        0.160749 
        10.8228          1.7666        0.160749 
        10.8385         1.75986        0.160749 
        10.8542         1.75609        0.160749 
        10.8699         1.75372        0.160749 
        10.8856         1.74705        0.160749 
        10.9014         1.74335        0.160749 
        10.9171         1.73723        0.160749 
        10.9328         1.73532        0.160749 
        10.9485         1.73205        0.160749 
        10.9642         1.72822        0.160749 
        10.9799         1.72422        0.160749 
        10.9956         1.72103        0.160749 
        11.0113         1.71657        0.160749 
         11.027         1.71422        0.160749 
        11.0427         1.71147        0.160749 
        11.0584         1.70629        0.160749 
        11.0741         1.70283        0.160749 
        11.0898         1.69829        0.160749 
        11.1055         1.69513        0.160749 
        11.1212         1.69156        0.160749 
         11.137         1.68746        0.160749 
        11.1527         1.68585        0.160749 
        11.1684         1.68204        0.160749 
        11.1841         1.67996        0.160749 
        11.1998         1.67588        0.160749 
        11.2155         1.67242        0.160749 
        11.2312         1.66906        0.160749 
        11.2469         1.66606        0.160749 
        11.2626         1.66384        0.160749 
        11.2783         1.65904        0.160749 
         11.294         1.65677        0.160749 
        11.3097         1.65346        0.160749 
        11.3254         1.65255        0.160749 
        11.3412         1.65169        0.160749 
        11.3569         1.64742        0.160749 
        11.3726         1.64386        0.160749 
        11.3883         1.64218        0.160749 
         11.404         1.64212        0.160749 
        11.4197         1.63756        0.160749 
        11.4354         1.63472        0.160749 
        11.4511         1.63384        0.160749 
        11.4668         1.63102        0.160749 
        11.4825         1.62828        0.160749 
        11.4982         1.62564        0.160749 
         11.514         1.62537        0.160749 
        11.5297         1.62206        0.160749 
        11.5454         1.61936        0.160749 
        11.5611         1.61822        0.160749 
        11.5768         1.61709        0.160749 
        11.5925         1.61425        0.160749 
        11.6082         1.61356        0.160749 
        11.6239         1.61048        0.160749 
        11.6396         1.60954        0.160749 
        11.6553         1.60683        0.160749 
         11.671         1.60663        0.160749 
        11.6867         1.60619        0.160749 
        11.7024         1.60505        0.160749 
        11.7182         1.60295        0.160749 
        11.7339         1.60117        0.160749 
        11.7496         1.59897        0.160749 
        11.7653         1.59936        0.160749 
         11.781         1.59768        0.160749 
        11.7967          1.5951        0.160749 
        11.8124         1.59425        0.160749 
        11.8281         1.59279        0.160749 
        11.8438         1.59328        0.160749 
        11.8595         1.59405        0.160749 
        11.8752         1.59309        0.160749 
         11.891          1.5917        0.160749 
        11.9067         1.59143        0.160749 
        11.9224         1.59152        0.160749 
        11.9381         1.58821        0.160749 
        11.9538         1.58944        0.160749 
        11.9695          1.5885        0.160749 
        11.9852          1.5885        0.160749 
        12.0009         1.58791        0.160749 
        12.0166         1.58752        0.160749 
        12.0323         1.58799        0.160749 
         12.048         1.58612        0.160749 
        12.0637         1.58817        0.160749 
