# k  (h/Mpc)    Pcb(k)  (Mpc/h)^3    Pcb_linear(k) (Mpc/h)^3   ShotnoiseSubtracted = true
      0.0200456         7050.25         7161.41 
      0.0350414         4972.55         5075.98 
      0.0492313         3660.73         3671.78 
      0.0637834         3067.86          3009.9 
      0.0800726         2371.85         2324.25 
       0.096163         1656.87         1676.39 
       0.111083         1326.92         1351.46 
       0.126058         1206.06         1186.75 
       0.142273         1017.42         978.141 
       0.158546         829.332         770.078 
        0.17375         676.762         658.578 
       0.188953          640.69         592.598 
       0.204907         589.757         512.314 
       0.220756         493.537         431.336 
        0.23588         433.771         379.657 
         0.2514         381.534         344.431 
       0.267535         359.889         306.545 
       0.283568         324.096         268.564 
       0.299022         299.139         240.819 
       0.314451         274.256         220.236 
       0.330372         252.994         200.018 
       0.346141          226.76         180.361 
       0.361624         215.805         164.263 
       0.377134          201.92         151.251 
       0.392932         184.836         139.203 
       0.408854         176.818         127.637 
       0.424564         169.049         117.561 
       0.440253         159.086         108.992 
       0.455999         149.268         101.241 
       0.471626         137.881          94.054 
        0.48727         133.396         87.5341 
       0.502856         127.559         81.7678 
       0.518488          123.92         76.5326 
       0.534347         118.115         71.6237 
       0.550082          109.09         67.1481 
       0.565732         104.856         63.1075 
       0.581496         100.592         59.3873 
       0.597222         97.1572         55.9584 
       0.612804         92.3963         52.8159 
       0.628434         90.1388         49.9088 
       0.644267         86.9882         47.1955 
       0.660051         84.7159         44.6914 
       0.675724         81.5305         42.3818 
       0.691403          78.961         40.2324 
       0.707174         76.0133         38.2189 
       0.722871         74.3198         36.3504 
        0.73838         72.6226         34.6258 
       0.754018         68.9726         32.9994 
       0.769845         67.5321         31.4591 
        0.78569         65.7892         30.0151 
       0.801365         63.5037         28.6755 
       0.817031         61.4755         27.4183 
       0.832809         60.6672         26.2284 
       0.848511         58.0085         25.1142 
       0.864097         56.5911         24.0723 
       0.879701         55.6417         23.0883 
       0.895507         54.6995         22.1476 
       0.911279         53.3709         21.2611 
        0.92691         52.0647         20.4303 
       0.942635         50.1926         19.6393 
       0.958396         49.9681         18.8883 
       0.974128         48.6075         18.1778 
       0.989692         47.6314         17.5108 
        1.00528         46.6063         16.8761 
        1.02113         45.3743         16.2629 
        1.03692         44.2082         15.6823 
        1.05264         43.9241         15.1326 
        1.06832         42.5942           14.61 
        1.08405          42.062         14.1106 
        1.09979         41.4697         13.6341 
        1.11537         39.8704         13.1843 
        1.13105         40.1249         12.7521 
        1.14679         39.2261         12.3374 
        1.16256         38.3704         11.9404 
        1.17828         37.4476          11.562 
        1.19395         36.9364         11.2013 
         1.2097         36.3648          10.854 
        1.22537         36.0972         10.5231 
          1.241         35.0853         10.2069 
        1.25666         34.3379         9.90289 
        1.27241         34.0151         9.60978 
        1.28819         33.0992         9.32799 
        1.30392         32.6862         9.05827 
        1.31957         32.4428         8.80037 
        1.33529         32.0432         8.55153 
        1.35108         31.5097         8.31129 
        1.36674         30.9375         8.08195 
         1.3824          30.186         7.86144 
        1.39811         30.0916         7.64839 
        1.41389         29.6203         7.44239 
        1.42964         29.0428         7.24429 
        1.44531         28.7576         7.05433 
        1.46101         28.0715         6.87075 
        1.47667         27.9492         6.69423 
        1.49229         27.6434         6.52435 
        1.50793         27.1652         6.36014 
        1.52367         26.8372          6.2005 
        1.53953         26.6434         6.04525 
        1.55526         26.0882         5.89653 
        1.57092         25.7649          5.7534 
        1.58662         25.4236         5.61466 
        1.60235         25.1381         5.48021 
        1.61809         24.7646         5.35006 
        1.63369         24.4745         5.22528 
        1.64941         24.0571         5.10357 
        1.66519         23.8571         4.98527 
        1.68085         23.5452         4.87155 
        1.69652         23.2621         4.76132 
        1.71228         23.0734         4.65386 
        1.72806         22.6637         4.54962 
        1.74368         22.3302          4.4496 
        1.75933         22.0833         4.35236 
        1.77505         21.9868         4.25757 
        1.79081         21.6085         4.16541 
         1.8065         21.4094         4.07636 
        1.82218         21.1734         3.98998 
        1.83797         20.8378          3.9055 
        1.85367         20.6119         3.82391 
        1.86928         20.4206         3.74514 
        1.88497         20.0926         3.66814 
        1.90073         20.0772         3.59301 
        1.91647         19.7121         3.52004 
        1.93218          19.539         3.44923 
        1.94787         19.3488         3.38047 
        1.96363         19.2011          3.3133 
        1.97935         18.9618         3.24809 
        1.99499         18.7141         3.18498 
        2.01064         18.5945         3.12345 
         2.0264         18.2432         3.06316 
        2.04216         18.1033         3.00447 
        2.05781         17.8879         2.94768 
        2.07353         17.7374         2.89215 
        2.08928         17.6454         2.83792 
        2.10499         17.4231         2.78522 
        2.12065         17.0988         2.73401 
        2.13633         17.0666         2.68403 
        2.15211         16.7641         2.63497 
        2.16785         16.6724         2.58727 
        2.18349         16.4924         2.54104 
        2.19916         16.3378         2.49583 
        2.21489         16.1543         2.45157 
        2.23063         16.0145         2.40835 
         2.2463         15.8638         2.36635 
        2.26194           15.75         2.32546 
        2.27765         15.5101         2.28531 
        2.29341         15.3282         2.24601 
        2.30914         15.2412          2.2077 
        2.32486         15.1233          2.1703 
        2.34061         14.9508         2.13371 
        2.35635         14.7378         2.09798 
        2.37203         14.6398         2.06319 
        2.38768         14.5223         2.02925 
        2.40339          14.347         1.99595 
        2.41914         14.2251         1.96332 
        2.43483         14.0954         1.93153 
         2.4505         13.9108         1.90049 
        2.46622         13.8102         1.87002 
        2.48195          13.665         1.84021 
        2.49759         13.5325          1.8112 
        2.51328          13.406         1.78275 
        2.52906         13.3248         1.75472 
        2.54479         13.1731         1.72739 
        2.56049         13.0754         1.70069 
        2.57618         12.9712         1.67458 
        2.59189          12.828         1.64897 
        2.60758         12.7272         1.62394 
        2.62325         12.6348         1.59945 
        2.63898         12.4845         1.57538 
        2.65468         12.3847         1.55185 
        2.67044         12.2424          1.5287 
        2.68618         12.1699         1.50607 
        2.70184         12.0483         1.48399 
        2.71755         11.9111         1.46229 
        2.73329         11.8262         1.44098 
        2.74897         11.6931         1.42017 
        2.76462         11.6809         1.39982 
        2.78034         11.4758         1.37977 
        2.79607         11.4047          1.3601 
        2.81179         11.2836         1.34083 
        2.82749         11.2009         1.32195 
        2.84321         11.0863         1.30341 
        2.85893         11.0104         1.28523 
        2.87462         10.9122         1.26742 
        2.89033         10.7707         1.24993 
        2.90605         10.7102         1.23276 
        2.92176         10.6237         1.21592 
        2.93747         10.5504         1.19939 
        2.95318          10.411         1.18317 
        2.96891         10.3306         1.16724 
        2.98456         10.2651         1.15167 
        3.00023         10.1767         1.13636 
        3.01596         10.0923         1.12128 
        3.03164         10.0209         1.10651 
        3.04738         9.88988         1.09197 
         3.0631         9.83299         1.07768 
        3.07883         9.71249         1.06366 
        3.09456         9.66571         1.04988 
        3.11026         9.54633         1.03636 
        3.12596         9.51705         1.02309 
        3.14163         9.41032         1.01007 
        3.15734         9.32174        0.997251 
        3.17308         9.25639        0.984621 
        3.18879         9.21509        0.972242 
        3.20447         9.08537        0.960092 
         3.2202         9.02334        0.948112 
         3.2359         8.98579        0.936355 
        3.25157         8.89915        0.924824 
        3.26729         8.80921        0.913451 
        3.28304         8.73858        0.902246 
        3.29877         8.64659        0.891242 
        3.31446         8.59333        0.880445 
        3.33014         8.51581        0.869834 
        3.34585         8.47996        0.859381 
        3.36158         8.41456        0.849083 
        3.37727         8.31392        0.838984 
        3.39294         8.25999        0.829058 
        3.40867         8.15538        0.819256 
        3.42439         8.10796        0.809616 
        3.44008         8.05762        0.800149 
        3.45578         7.98306        0.790825 
        3.47153         7.95456        0.781629 
        3.48724         7.88196        0.772593 
        3.50292         7.79918        0.763721 
        3.51859         7.76043        0.754991 
        3.53431         7.68267        0.746369 
        3.55007         7.62605         0.73786 
        3.56577         7.57631        0.729516 
        3.58146          7.5144        0.721304 
        3.59719         7.44658        0.713199 
        3.61292         7.38025        0.705219 
        3.62859         7.32313        0.697391 
        3.64429         7.28868        0.689667 
        3.66003         7.20542        0.682034 
        3.67578         7.13243        0.674519 
        3.69146         7.10725        0.667145 
        3.70712         7.04931        0.659894 
        3.72284         6.99271        0.652722 
        3.73853         6.92914        0.645669 
        3.75422         6.90285        0.638717 
        3.76993         6.83594        0.631861 
        3.78564         6.76852        0.625107 
        3.80137         6.72626         0.61844 
        3.81707         6.66841        0.611883 
        3.83279         6.63796        0.605416 
        3.84853         6.56981        0.599031 
        3.86424         6.51114         0.59275 
        3.87992         6.45221        0.586568 
        3.89561         6.42524        0.580472 
        3.91134         6.37491        0.574451 
        3.92704         6.32183        0.568521 
        3.94273         6.27857         0.56268 
        3.95845         6.24087         0.55691 
        3.97418         6.16565        0.551219 
        3.98988         6.13962        0.545614 
        4.00554          6.0894        0.540102 
        4.02125         6.03623         0.53465 
        4.03698         5.99588        0.529264 
        4.05268         5.95615        0.523965 
        4.06839         5.89957        0.518733 
         4.0841         5.85808        0.513573 
        4.09983         5.82984        0.508477 
        4.11555         5.79019         0.50345 
        4.13124         5.75386        0.498505 
        4.14693         5.68792        0.493622 
        4.16266         5.64709        0.488793 
        4.17839         5.60339         0.48403 
        4.19408         5.55388        0.479341 
        4.20977         5.51276        0.474712 
        4.22551         5.47162        0.470133 
        4.24123         5.42854        0.465618 
        4.25691         5.38228        0.461174 
        4.27259         5.35587        0.456787 
        4.28831         5.31133        0.452447 
        4.30404         5.26671        0.448159 
        4.31974         5.23149        0.443935 
        4.33543         5.19634        0.439768 
        4.35116           5.147        0.435645 
        4.36688         5.10729        0.431575 
        4.38255          5.0713        0.427572 
        4.39825         5.02393         0.42361 
        4.41398         5.00943        0.419691 
         4.4297         4.96892        0.415825 
        4.44541         4.92327        0.412008 
        4.46111         4.91613        0.408241 
        4.47683         4.85428        0.404518 
        4.49251         4.83408         0.40085 
        4.50819         4.78509        0.397227 
         4.5239         4.75661        0.393643 
        4.53962          4.7319        0.390099 
        4.55535          4.6813        0.386596 
        4.57106         4.65729        0.383142 
        4.58678         4.62633        0.379728 
         4.6025          4.5838        0.376355 
        4.61821          4.5546        0.373023 
        4.63391         4.52773        0.369735 
         4.6496         4.48831        0.366488 
        4.66532         4.47689        0.363275 
        4.68103         4.41953        0.360101 
        4.69673          4.4035        0.356968 
        4.71241         4.37487        0.353875 
        4.72811         4.33732        0.350814 
        4.74384          4.3029        0.347784 
        4.75955          4.2724        0.344795 
        4.77525         4.24876        0.341842 
        4.79096         4.21793         0.33892 
        4.80669         4.19441         0.33603 
         4.8224         4.16916        0.333177 
        4.83809         4.13006         0.33036 
        4.85379         4.09476        0.327573 
         4.8695         4.08269        0.324816 
        4.88521         4.05612        0.322092 
        4.90093          4.0115        0.319399 
        4.91663         3.99983        0.316738 
        4.93234         3.97174        0.314105 
        4.94807         3.93479        0.311499 
        4.96377         3.90748        0.308928 
        4.97943         3.88242        0.306391 
        4.99514         3.85501        0.303876 
        5.01086         3.83368        0.301387 
        5.02654         3.81404        0.298932 
        5.04227         3.78389        0.296497 
          5.058         3.75239        0.294087 
        5.07371         3.73099        0.291709 
        5.08942          3.7065        0.289357 
        5.10513         3.68688         0.28703 
        5.12084         3.66553        0.284727 
        5.13656         3.63978         0.28245 
        5.15225         3.61741        0.280202 
        5.16796         3.58715        0.277974 
        5.18369         3.56514        0.275768 
         5.1994         3.54378         0.27359 
        5.21509         3.51686        0.271437 
        5.23079         3.50158        0.269305 
        5.24649         3.47075        0.267197 
        5.26217         3.45248        0.265113 
        5.27788         3.42771        0.263048 
        5.29359         3.40258        0.261005 
        5.30933         3.38482         0.25898 
        5.32504         3.36853         0.25698 
        5.34073          3.3393        0.255003 
        5.35646         3.32147        0.253042 
        5.37218         3.29624        0.251102 
        5.38789          3.2805        0.249185 
        5.40357         3.25589         0.24729 
        5.41929         3.23284        0.245411 
        5.43502         3.21806        0.243551 
         5.4507         3.19431        0.241714 
        5.46639         3.17507        0.239895 
        5.48212          3.1582        0.238092 
        5.49786         3.14348        0.236304 
        5.51353         3.11612        0.234543 
        5.52921         3.09782        0.232799 
        5.54495         3.07184        0.231067 
        5.56066         3.06174        0.229354 
        5.57637         3.04176        0.227659 
        5.59207         3.02295        0.225982 
        5.60778         3.00242        0.224322 
        5.62346         2.97939         0.22268 
        5.63916         2.96387        0.221053 
        5.65487         2.94989        0.219441 
         5.6706         2.92997        0.217843 
        5.68633         2.91789        0.216261 
        5.70203         2.89005        0.214697 
        5.71773         2.88288         0.21315 
        5.73344         2.86282        0.211616 
        5.74916         2.85016        0.210096 
        5.76486         2.82829        0.208593 
        5.78054         2.81197        0.207106 
        5.79626          2.7961         0.20563 
          5.812         2.78242        0.204167 
         5.8277         2.76718        0.202722 
        5.84339         2.74635        0.201291 
        5.85911         2.73531        0.199871 
        5.87484         2.71571        0.198465 
        5.89053          2.6963        0.197075 
        5.90623         2.68256        0.195698 
        5.92195          2.6663        0.194331 
        5.93767         2.65378        0.192978 
        5.95336         2.64099         0.19164 
        5.96905           2.626        0.190315 
        5.98476         2.60794        0.189001 
        6.00048         2.59474        0.187698 
        6.01617         2.57656         0.18641 
        6.03185         2.56006        0.185135 
        6.04756         2.54796        0.183868 
        6.06331         2.53046        0.182611 
        6.07903          2.5171        0.181369 
        6.09473         2.50674        0.180138 
        6.11044         2.49111        0.178918 
        6.12616         2.47774         0.17771 
        6.14186         2.46886        0.176513 
        6.15755         2.44699        0.175328 
        6.17326         2.43805        0.174153 
        6.18898         2.42571        0.172987 
        6.20467         2.40986        0.171835 
        6.22036         2.39071        0.170693 
         6.2361         2.38257        0.169558 
         6.2518         2.36861        0.168435 
        6.26748          2.3555        0.167325 
        6.28319         2.34229        0.166222 
        6.29893            2.33        0.165127 
        6.31463         2.31668        0.164044 
        6.33033         2.31027        0.162971 
        6.34604         2.29419        0.161907 
        6.36177            2.28        0.160852 
        6.37747          2.2696        0.159807 
        6.39316         2.25801        0.158773 
        6.40888         2.24544        0.157745 
         6.4246         2.23475        0.156727 
        6.44031         2.22218        0.155718 
        6.45601         2.21101        0.154719 
        6.47172         2.19904        0.153728 
        6.48744         2.18907        0.152744 
        6.50313         2.17864        0.151771 
        6.51882         2.16815        0.150807 
        6.53452         2.15293         0.14985 
        6.55025         2.14337          0.1489 
        6.56597         2.13614        0.147959 
        6.58166         2.12109        0.147027 
        6.59736         2.10979        0.146103 
        6.61307         2.09973        0.145186 
         6.6288         2.08677        0.144276 
         6.6445         2.07502        0.143375 
         6.6602         2.06628        0.142482 
        6.67592         2.05804        0.141596 
        6.69164         2.04541        0.140717 
        6.70735         2.03963        0.139846 
        6.72304         2.02843        0.138983 
        6.73874         2.01803        0.138127 
        6.75446         2.00589        0.137277 
        6.77016         1.99628        0.136436 
        6.78585         1.98945        0.135601 
        6.80156         1.97652        0.134774 
        6.81729          1.9677        0.133951 
        6.83301         1.96052        0.133136 
         6.8487         1.94894        0.132329 
         6.8644         1.94089        0.131528 
        6.88012         1.93011        0.130733 
        6.89583         1.91902        0.129946 
        6.91151         1.91239        0.129165 
        6.92723         1.89965         0.12839 
        6.94296         1.89294         0.12762 
        6.95866         1.88262        0.126858 
        6.97436         1.87588        0.126102 
        6.99007         1.86548        0.125352 
        7.00578         1.85775        0.124607 
        7.02147          1.8509         0.12387 
        7.03718         1.83589        0.123138 
         7.0529         1.83335        0.122411 
        7.06863         1.81981         0.12169 
        7.08433         1.81685        0.120975 
        7.10004         1.80452        0.120266 
        7.11575         1.79463        0.119563 
        7.13145         1.78967        0.118866 
        7.14715         1.78099        0.118174 
        7.16284          1.7726        0.117488 
        7.17855         1.76368        0.116807 
        7.19428         1.75691         0.11613 
        7.20998         1.75119        0.115459 
        7.22568         1.73938        0.114794 
        7.24139         1.73422        0.114134 
        7.25711         1.72492        0.113479 
        7.27282          1.7201        0.112829 
        7.28852         1.71097        0.112185 
        7.30423         1.70398        0.111545 
        7.31995         1.69616         0.11091 
        7.33565         1.68616         0.11028 
        7.35135         1.68265        0.109655 
        7.36706         1.67428        0.109035 
        7.38277         1.66676         0.10842 
        7.39847         1.66042        0.107809 
        7.41419         1.65346        0.107203 
         7.4299         1.64417        0.106601 
        7.44561         1.63686        0.106004 
        7.46132         1.63022        0.105412 
        7.47701         1.62275        0.104825 
        7.49272         1.61804        0.104242 
        7.50842         1.60928        0.103663 
         7.5241         1.60415         0.10309 
        7.53981         1.59808        0.102519 
        7.55552         1.58917        0.101953 
        7.57125         1.58403        0.101391 
        7.58698         1.57659        0.100833 
        7.60268         1.57175         0.10028 
         7.6184         1.56419       0.0997304 
        7.63411         1.55811       0.0991851 
        7.64981         1.55125       0.0986444 
        7.66552         1.54639       0.0981075 
        7.68123         1.53895       0.0975744 
        7.69695         1.53231        0.097045 
        7.71264         1.52689       0.0965203 
        7.72834         1.52031       0.0959992 
        7.74407         1.51199       0.0954812 
        7.75978         1.50889       0.0949671 
        7.77546         1.50151       0.0944581 
        7.79116         1.49668       0.0939522 
         7.8069         1.49057       0.0934489 
         7.8226         1.48398         0.09295 
        7.83828         1.47871       0.0924556 
        7.85399         1.47369       0.0919642 
        7.86972         1.46659       0.0914752 
        7.88543         1.46108       0.0909907 
        7.90111         1.45673       0.0905104 
        7.91681         1.45017       0.0900329 
        7.93255          1.4449       0.0895579 
        7.94828         1.44056       0.0890865 
        7.96397         1.43516       0.0886193 
        7.97967         1.43099       0.0881555 
        7.99538         1.42498       0.0876947 
         8.0111         1.41921       0.0872369 
         8.0268         1.41226       0.0867828 
        8.04248         1.40867       0.0863324 
         8.0582         1.40331       0.0858843 
        8.07393          1.3974       0.0854389 
        8.08963         1.39304       0.0849975 
        8.10533          1.3903       0.0845593 
        8.12104         1.38488       0.0841238 
        8.13675         1.37843       0.0836914 
        8.15245         1.37139       0.0832622 
        8.16815         1.36777       0.0828362 
        8.18387         1.36319       0.0824125 
        8.19959         1.35829       0.0819917 
         8.2153         1.35428       0.0815741 
        8.23101         1.34991       0.0811594 
        8.24672         1.34265       0.0807476 
        8.26241         1.33959       0.0803392 
         8.2781         1.33461       0.0799336 
        8.29381         1.33001       0.0795301 
        8.30952         1.32432       0.0791296 
        8.32524         1.32125       0.0787314 
        8.34095         1.31672       0.0783362 
        8.35666          1.3132       0.0779438 
        8.37237         1.30741        0.077554 
        8.38808         1.30195       0.0771668 
        8.40379         1.29769       0.0767824 
         8.4195         1.29433       0.0764006 
         8.4352          1.2901       0.0760214 
        8.45091         1.28621       0.0756448 
        8.46662         1.28133       0.0752706 
        8.48232         1.27632       0.0748991 
        8.49802         1.27259       0.0745301 
        8.51374         1.27063       0.0741632 
        8.52945         1.26754       0.0737989 
        8.54515         1.26227       0.0734373 
        8.56086           1.259       0.0730777 
        8.57658         1.25217       0.0727206 
        8.59228         1.25001       0.0723662 
        8.60799         1.24577       0.0720137 
        8.62371          1.2412       0.0716637 
        8.63942         1.23713        0.071316 
        8.65512         1.23469       0.0709708 
        8.67082         1.23098       0.0706279 
        8.68653         1.22585        0.070287 
        8.70224         1.22197       0.0699483 
        8.71795         1.21811       0.0696121 
        8.73365         1.21411       0.0692779 
        8.74936         1.21163        0.068946 
        8.76506         1.20695       0.0686164 
        8.78076         1.20535       0.0682889 
        8.79646         1.20191       0.0679634 
        8.81218         1.19715       0.0676399 
        8.82791         1.19286        0.067318 
         8.8436         1.19009        0.066999 
         8.8593         1.18693       0.0666821 
        8.87503          1.1842       0.0663664 
        8.89076          1.1802       0.0660529 
        8.90644         1.17559       0.0657423 
        8.92214         1.17218       0.0654334 
        8.93786         1.17021        0.065126 
        8.95357         1.16729       0.0648207 
        8.96928          1.1638       0.0645175 
        8.98498         1.15888       0.0642163 
        9.00069          1.1579       0.0639169 
        9.01639         1.15308       0.0636193 
        9.03208         1.15072       0.0633241 
        9.04778         1.14836       0.0630304 
        9.06351         1.14496       0.0627382 
        9.07923         1.14062       0.0624479 
        9.09493         1.13875       0.0621598 
        9.11062         1.13547       0.0618736 
        9.12635         1.13353       0.0615887 
        9.14207         1.12873       0.0613056 
        9.15777          1.1267       0.0610246 
        9.17346         1.12308       0.0607456 
        9.18917         1.12055       0.0604679 
         9.2049         1.11801       0.0601917 
        9.22061         1.11609       0.0599175 
        9.23631         1.11227       0.0596451 
        9.25201         1.11019       0.0593745 
        9.26773         1.10743       0.0591053 
        9.28343         1.10401       0.0588378 
        9.29913         1.10119       0.0585721 
        9.31484         1.09992       0.0583079 
        9.33057         1.09596        0.058045 
        9.34627         1.09285        0.057784 
        9.36197         1.09044       0.0575249 
        9.37768         1.08839        0.057267 
        9.39338         1.08517       0.0570109 
        9.40909         1.08201       0.0567563 
        9.42479         1.08097       0.0565033 
         9.4405         1.07676       0.0562517 
        9.45621         1.07686       0.0560016 
        9.47193         1.07285       0.0557531 
        9.48763         1.06877       0.0555062 
        9.50334         1.06639       0.0552607 
        9.51906         1.06636       0.0550166 
        9.53476         1.06383       0.0547743 
        9.55045         1.06092       0.0545333 
        9.56616         1.05919       0.0542937 
        9.58188         1.05694       0.0540552 
        9.59759         1.05454       0.0538183 
         9.6133         1.05159       0.0535827 
        9.62901          1.0493       0.0533485 
        9.64471         1.04748       0.0531157 
        9.66041         1.04517       0.0528842 
        9.67612         1.04138       0.0526538 
        9.69184         1.04004       0.0524247 
        9.70754         1.03724       0.0521973 
        9.72324         1.03697       0.0519712 
        9.73895         1.03408       0.0517466 
        9.75467         1.03169       0.0515232 
        9.77038         1.03041       0.0513014 
        9.78607         1.02907       0.0510814 
        9.80177         1.02528       0.0508628 
        9.81749         1.02385       0.0506455 
         9.8332          1.0229       0.0504299 
         9.8489         1.01935       0.0502159 
        9.86463         1.01802       0.0500028 
        9.88035         1.01684       0.0497909 
        9.89606         1.01396       0.0495804 
        9.91175         1.01179       0.0493708 
        9.92745         1.01036        0.049162 
        9.94317         1.00718       0.0489536 
        9.95888         1.00628       0.0487457 
        9.97458         1.00457       0.0485383 
        9.99029         1.00259        0.048331 
         10.006         1.00023       0.0482029 
        10.0217        0.999672       0.0482029 
        10.0374        0.997737       0.0482029 
        10.0531        0.996174       0.0482029 
        10.0688        0.994052       0.0482029 
        10.0845        0.991759       0.0482029 
        10.1002        0.991447       0.0482029 
        10.1159        0.989216       0.0482029 
        10.1317        0.987291       0.0482029 
        10.1474        0.985876       0.0482029 
        10.1631         0.98322       0.0482029 
        10.1788        0.982798       0.0482029 
        10.1945        0.981598       0.0482029 
        10.2102        0.979146       0.0482029 
        10.2259        0.978684       0.0482029 
        10.2416        0.976848       0.0482029 
        10.2573         0.97528       0.0482029 
         10.273        0.974945       0.0482029 
        10.2887        0.972921       0.0482029 
        10.3044         0.97117       0.0482029 
        10.3201        0.969652       0.0482029 
        10.3359        0.967976       0.0482029 
        10.3516        0.966932       0.0482029 
        10.3673        0.965208       0.0482029 
         10.383        0.964367       0.0482029 
        10.3987        0.963448       0.0482029 
        10.4144        0.961562       0.0482029 
        10.4301        0.960649       0.0482029 
        10.4458        0.959314       0.0482029 
        10.4615         0.95844       0.0482029 
        10.4772        0.956144       0.0482029 
        10.4929        0.956175       0.0482029 
        10.5086        0.954005       0.0482029 
        10.5244        0.954064       0.0482029 
        10.5401        0.953834       0.0482029 
        10.5558        0.951521       0.0482029 
        10.5715        0.949663       0.0482029 
        10.5872        0.949436       0.0482029 
        10.6029        0.947799       0.0482029 
        10.6186        0.948358       0.0482029 
        10.6343        0.946394       0.0482029 
          10.65        0.946042       0.0482029 
        10.6657        0.943979       0.0482029 
        10.6814        0.943062       0.0482029 
        10.6971        0.941796       0.0482029 
        10.7129        0.942412       0.0482029 
        10.7286        0.939999       0.0482029 
        10.7443         0.93932       0.0482029 
          10.76        0.938395       0.0482029 
        10.7757        0.937249       0.0482029 
        10.7914        0.937246       0.0482029 
        10.8071        0.936744       0.0482029 
        10.8228        0.935613       0.0482029 
        10.8385        0.935801       0.0482029 
        10.8542        0.934886       0.0482029 
        10.8699        0.932526       0.0482029 
        10.8856        0.932402       0.0482029 
        10.9014         0.93249       0.0482029 
        10.9171        0.931343       0.0482029 
        10.9328        0.930815       0.0482029 
        10.9485        0.929892       0.0482029 
        10.9642        0.929393       0.0482029 
        10.9799        0.929079       0.0482029 
        10.9956         0.92874       0.0482029 
        11.0113        0.927664       0.0482029 
         11.027        0.928196       0.0482029 
        11.0427         0.92696       0.0482029 
        11.0584        0.924848       0.0482029 
        11.0741        0.926702       0.0482029 
        11.0898        0.926258       0.0482029 
        11.1055        0.924801       0.0482029 
        11.1212         0.92488       0.0482029 
         11.137        0.924059       0.0482029 
        11.1527        0.924261       0.0482029 
        11.1684        0.924153       0.0482029 
        11.1841        0.923351       0.0482029 
        11.1998        0.923604       0.0482029 
        11.2155        0.923074       0.0482029 
        11.2312         0.92271       0.0482029 
        11.2469        0.922147       0.0482029 
        11.2626         0.92238       0.0482029 
        11.2783         0.92353       0.0482029 
         11.294         0.92304       0.0482029 
        11.3097         0.92164       0.0482029 
        11.3254        0.921635       0.0482029 
        11.3412        0.922408       0.0482029 
        11.3569        0.921787       0.0482029 
        11.3726        0.922023       0.0482029 
        11.3883        0.922269       0.0482029 
         11.404        0.921854       0.0482029 
        11.4197        0.922488       0.0482029 
        11.4354        0.922197       0.0482029 
        11.4511        0.922176       0.0482029 
        11.4668        0.922849       0.0482029 
        11.4825        0.922518       0.0482029 
        11.4982        0.923241       0.0482029 
         11.514        0.922787       0.0482029 
        11.5297        0.923293       0.0482029 
        11.5454        0.924189       0.0482029 
        11.5611        0.923147       0.0482029 
        11.5768        0.923403       0.0482029 
        11.5925        0.924798       0.0482029 
        11.6082        0.924696       0.0482029 
        11.6239        0.924596       0.0482029 
        11.6396        0.925178       0.0482029 
        11.6553        0.926495       0.0482029 
         11.671        0.926758       0.0482029 
        11.6867        0.926422       0.0482029 
        11.7024        0.927278       0.0482029 
        11.7182        0.927115       0.0482029 
        11.7339        0.928021       0.0482029 
        11.7496          0.9289       0.0482029 
        11.7653        0.929579       0.0482029 
         11.781         0.93017       0.0482029 
        11.7967        0.931272       0.0482029 
        11.8124        0.931816       0.0482029 
        11.8281        0.931708       0.0482029 
        11.8438        0.933021       0.0482029 
        11.8595        0.933205       0.0482029 
        11.8752         0.93381       0.0482029 
         11.891        0.935567       0.0482029 
        11.9067        0.935921       0.0482029 
        11.9224        0.936987       0.0482029 
        11.9381        0.938195       0.0482029 
        11.9538        0.938176       0.0482029 
        11.9695        0.939602       0.0482029 
        11.9852        0.940995       0.0482029 
        12.0009        0.941181       0.0482029 
        12.0166        0.943285       0.0482029 
        12.0323        0.943644       0.0482029 
         12.048        0.944779       0.0482029 
        12.0637        0.946548       0.0482029 
