# k  (h/Mpc)    Pcb(k)  (Mpc/h)^3    Pcb_linear(k) (Mpc/h)^3   ShotnoiseSubtracted = true
      0.0200456         27828.4         28502.4 
      0.0350414         19164.3         20202.4 
      0.0492313         14239.3         14613.7 
      0.0637834         12255.8         11979.4 
      0.0800726         9450.13         9250.54 
       0.096163         6496.13         6672.03 
       0.111083         5296.77         5378.82 
       0.126058         4829.16         4723.27 
       0.142273         4133.16         3893.01 
       0.158546         3669.12         3064.91 
        0.17375         2956.15         2621.14 
       0.188953         2888.76         2358.54 
       0.204907         2693.34         2039.01 
       0.220756         2340.13         1716.72 
        0.23588         2111.83         1511.04 
         0.2514         1844.28         1370.84 
       0.267535         1841.84         1220.05 
       0.283568         1666.84         1068.89 
       0.299022          1584.9         958.463 
       0.314451         1504.72         876.539 
       0.330372          1373.4         796.074 
       0.346141          1341.2         717.836 
       0.361624         1288.19         653.766 
       0.377134         1204.71         601.981 
       0.392932         1145.63         554.028 
       0.408854         1132.45         507.996 
       0.424564         1038.73         467.892 
       0.440253         1017.77         433.791 
       0.455999         995.389          402.94 
       0.471626          959.11         374.335 
        0.48727         919.025         348.386 
       0.502856         885.336         325.436 
       0.518488         883.775           304.6 
       0.534347         828.572         285.063 
       0.550082         815.089          267.25 
       0.565732         803.886         251.168 
       0.581496         763.867         236.362 
       0.597222         744.272         222.715 
       0.612804         733.839         210.207 
       0.628434         713.188         198.637 
       0.644267         695.328         187.838 
       0.660051         680.318         177.872 
       0.675724         668.869          168.68 
       0.691403         649.522         160.125 
       0.707174         626.298         152.112 
       0.722871         614.413         144.675 
        0.73838         604.252         137.811 
       0.754018         592.526         131.338 
       0.769845         582.022         125.207 
        0.78569          572.47          119.46 
       0.801365         555.357         114.129 
       0.817031         545.825         109.125 
       0.832809          537.35         104.389 
       0.848511         526.598         99.9547 
       0.864097         508.378         95.8077 
       0.879701         500.328         91.8915 
       0.895507         498.222         88.1475 
       0.911279         487.164         84.6193 
        0.92691         478.813         81.3128 
       0.942635         464.446         78.1644 
       0.958396         455.385         75.1754 
       0.974128         449.461         72.3478 
       0.989692          445.85          69.693 
        1.00528         431.498         67.1671 
        1.02113         427.779         64.7264 
        1.03692         419.793         62.4155 
        1.05264         412.463         60.2277 
        1.06832         402.878         58.1478 
        1.08405         395.792         56.1602 
        1.09979          390.83          54.264 
        1.11537         384.396         52.4737 
        1.13105         377.893         50.7533 
        1.14679         366.639         49.1031 
        1.16256          360.48         47.5228 
        1.17828          358.24         46.0169 
        1.19395         351.387         44.5811 
         1.2097         341.636          43.199 
        1.22537         335.962          41.882 
          1.241         329.941         40.6236 
        1.25666         327.708         39.4136 
        1.27241         320.834          38.247 
        1.28819         313.413         37.1254 
        1.30392         308.897          36.052 
        1.31957         303.314         35.0255 
        1.33529         301.404         34.0351 
        1.35108         294.103          33.079 
        1.36674         289.287         32.1662 
         1.3824         285.496         31.2886 
        1.39811         279.978         30.4406 
        1.41389         276.819         29.6208 
        1.42964         272.401         28.8323 
        1.44531         269.889         28.0763 
        1.46101         262.932         27.3456 
        1.47667         258.593         26.6431 
        1.49229         255.847         25.9669 
        1.50793         249.652         25.3134 
        1.52367         248.035          24.678 
        1.53953         241.994         24.0601 
        1.55526         240.166         23.4682 
        1.57092         236.334         22.8986 
        1.58662         232.899         22.3464 
        1.60235          229.31         21.8113 
        1.61809         225.304         21.2933 
        1.63369         223.007         20.7967 
        1.64941         218.128         20.3122 
        1.66519         216.574         19.8414 
        1.68085         213.538         19.3888 
        1.69652         210.794         18.9501 
        1.71228         205.258         18.5224 
        1.72806         202.255         18.1075 
        1.74368         198.942         17.7094 
        1.75933         197.816         17.3224 
        1.77505         194.535         16.9451 
        1.79081          192.25         16.5784 
         1.8065         187.652         16.2239 
        1.82218         185.158         15.8802 
        1.83797         183.731         15.5439 
        1.85367         181.092         15.2192 
        1.86928          176.91         14.9057 
        1.88497         175.749         14.5992 
        1.90073         172.521         14.3002 
        1.91647         171.022         14.0098 
        1.93218         167.791          13.728 
        1.94787         165.091         13.4543 
        1.96363          162.58          13.187 
        1.97935         160.272         12.9274 
        1.99499          158.45         12.6763 
        2.01064         156.142         12.4314 
         2.0264         154.508         12.1914 
        2.04216           152.4         11.9578 
        2.05781         150.411         11.7318 
        2.07353         148.585         11.5108 
        2.08928         145.149         11.2949 
        2.10499         144.197         11.0852 
        2.12065         142.262         10.8814 
        2.13633         139.799         10.6824 
        2.15211         137.987         10.4872 
        2.16785         136.829         10.2973 
        2.18349         135.096         10.1133 
        2.19916         132.854         9.93343 
        2.21489         131.521         9.75727 
        2.23063         129.298         9.58523 
         2.2463         127.541          9.4181 
        2.26194         125.511         9.25534 
        2.27765         124.258         9.09557 
        2.29341         122.309         8.93913 
        2.30914         121.152         8.78667 
        2.32486         119.572         8.63783 
        2.34061         117.558         8.49216 
        2.35635         116.458         8.34997 
        2.37203          114.77          8.2115 
        2.38768         113.371         8.07644 
        2.40339         111.916         7.94391 
        2.41914          110.57         7.81403 
        2.43483         108.859         7.68749 
         2.4505         107.737         7.56394 
        2.46622         106.549         7.44267 
        2.48195         104.606         7.32404 
        2.49759         103.525          7.2086 
        2.51328         102.742         7.09534 
        2.52906         101.526         6.98378 
        2.54479         99.6774         6.87502 
        2.56049         98.1331         6.76877 
        2.57618         97.3244         6.66484 
        2.59189         96.3855         6.56293 
        2.60758          95.069         6.46329 
        2.62325         93.6589         6.36583 
        2.63898         92.7587         6.27002 
        2.65468         91.3944         6.17638 
        2.67044         90.4277         6.08423 
        2.68618         89.3977         5.99417 
        2.70184         88.4447         5.90627 
        2.71755         87.3404         5.81991 
        2.73329         86.4112         5.73513 
        2.74897         85.2124          5.6523 
        2.76462         84.4902         5.57128 
        2.78034         82.9962          5.4915 
        2.79607         82.1372          5.4132 
        2.81179         81.4141         5.33649 
        2.82749         80.7138         5.26135 
        2.84321         79.1021         5.18757 
        2.85893         78.6814         5.11521 
        2.87462         77.8397         5.04434 
        2.89033         76.6129         4.97475 
        2.90605          75.854          4.9064 
        2.92176         74.9501         4.83935 
        2.93747         74.3178         4.77359 
        2.95318         73.5493         4.70903 
        2.96891         72.7726         4.64562 
        2.98456         71.9743         4.58365 
        3.00023         71.0936         4.52272 
        3.01596         70.1399         4.46269 
        3.03164         69.4661         4.40392 
        3.04738         68.6407         4.34603 
         3.0631          68.032         4.28919 
        3.07883         66.8912         4.23336 
        3.09456         66.1408         4.17852 
        3.11026         65.8305         4.12473 
        3.12596         64.9955         4.07189 
        3.14163         64.2677         4.02009 
        3.15734         63.6934         3.96907 
        3.17308         62.8477          3.9188 
        3.18879          62.169         3.86953 
        3.20447          61.567         3.82117 
         3.2202         60.8382         3.77349 
         3.2359         60.2783          3.7267 
        3.25157         59.6846         3.68081 
        3.26729          59.078         3.63554 
        3.28304         58.4202         3.59095 
        3.29877         57.5933         3.54715 
        3.31446         57.2021         3.50418 
        3.33014         56.4229         3.46195 
        3.34585         55.9235         3.42034 
        3.36158         55.3475         3.37935 
        3.37727         54.7469         3.33916 
        3.39294         54.1165         3.29966 
        3.40867         53.6197         3.26064 
        3.42439         53.1809         3.22228 
        3.44008         52.3876          3.1846 
        3.45578         51.9833         3.14749 
        3.47153         51.3409         3.11089 
        3.48724         50.9482         3.07493 
        3.50292         50.4802         3.03961 
        3.51859         49.9338         3.00487 
        3.53431         49.4188         2.97055 
        3.55007         48.9703         2.93669 
        3.56577         48.4823         2.90348 
        3.58146         47.9683         2.87079 
        3.59719         47.5737         2.83853 
        3.61292         47.0226         2.80678 
        3.62859          46.513         2.77562 
        3.64429         46.1788         2.74488 
        3.66003         45.7131          2.7145 
        3.67578         45.2265         2.68459 
        3.69146         44.7325         2.65524 
        3.70712         44.4731         2.62638 
        3.72284         44.0144         2.59784 
        3.73853         43.5855         2.56977 
        3.75422         43.0277          2.5421 
        3.76993         42.6305         2.51481 
        3.78564          42.252         2.48793 
        3.80137         41.8974         2.46139 
        3.81707         41.4974          2.4353 
        3.83279         41.0264         2.40956 
        3.84853         40.6618         2.38415 
        3.86424         40.3432         2.35915 
        3.87992         39.9867         2.33454 
        3.89561          39.638         2.31028 
        3.91134         39.1925         2.28632 
        3.92704         38.8334         2.26272 
        3.94273         38.4702         2.23947 
        3.95845         38.1398          2.2165 
        3.97418         37.7877         2.19385 
        3.98988          37.349         2.17155 
        4.00554         37.0863         2.14961 
        4.02125         36.6618         2.12791 
        4.03698         36.2931         2.10648 
        4.05268           36.03         2.08538 
        4.06839         35.6135         2.06456 
         4.0841         35.3485         2.04403 
        4.09983         35.0356         2.02374 
        4.11555         34.6981         2.00374 
        4.13124         34.4647         1.98406 
        4.14693          34.104         1.96462 
        4.16266         33.7699          1.9454 
        4.17839         33.5225         1.92644 
        4.19408         33.2018         1.90778 
        4.20977         32.8291         1.88936 
        4.22551         32.7072         1.87113 
        4.24123         32.2864         1.85316 
        4.25691          32.045         1.83548 
        4.27259         31.7349         1.81801 
        4.28831         31.4974         1.80074 
        4.30404         31.2533         1.78368 
        4.31974         30.9674         1.76687 
        4.33543         30.6843         1.75028 
        4.35116         30.3751         1.73387 
        4.36688         30.1237         1.71767 
        4.38255          29.893         1.70174 
        4.39825         29.6319         1.68597 
        4.41398         29.2822         1.67037 
         4.4297         29.1008         1.65498 
        4.44541         28.7647         1.63979 
        4.46111         28.5819          1.6248 
        4.47683         28.3097         1.60999 
        4.49251         28.0779         1.59538 
        4.50819         27.8249         1.58096 
         4.5239         27.6582          1.5667 
        4.53962         27.3751          1.5526 
        4.55535         27.2073         1.53866 
        4.57106         26.9215         1.52491 
        4.58678         26.6514         1.51132 
         4.6025         26.5113         1.49789 
        4.61821         26.2503         1.48463 
        4.63391         25.9352         1.47155 
         4.6496         25.7423         1.45862 
        4.66532         25.5526         1.44584 
        4.68103         25.3801         1.43321 
        4.69673         25.1386         1.42074 
        4.71241         24.9016         1.40843 
        4.72811         24.8161         1.39624 
        4.74384         24.5211         1.38418 
        4.75955         24.2971         1.37229 
        4.77525          24.177         1.36053 
        4.79096         23.9013          1.3489 
        4.80669         23.7476          1.3374 
         4.8224         23.6016         1.32605 
        4.83809         23.3736         1.31483 
        4.85379         23.1344         1.30374 
         4.8695         22.9821         1.29277 
        4.88521          22.805         1.28193 
        4.90093         22.6226         1.27121 
        4.91663         22.4255         1.26062 
        4.93234         22.2507         1.25014 
        4.94807         22.0685         1.23977 
        4.96377         21.8669         1.22954 
        4.97943         21.7693         1.21944 
        4.99514         21.4761         1.20943 
        5.01086          21.353         1.19952 
        5.02654         21.1881         1.18975 
        5.04227         21.0282         1.18006 
          5.058         20.8336         1.17047 
        5.07371         20.6631           1.161 
        5.08942         20.5084         1.15164 
        5.10513         20.3159         1.14238 
        5.12084         20.2239         1.13322 
        5.13656         20.0431         1.12415 
        5.15225         19.8585          1.1152 
        5.16796         19.7039         1.10634 
        5.18369         19.6145         1.09756 
         5.1994         19.4108         1.08889 
        5.21509         19.2935         1.08032 
        5.23079         19.0811         1.07184 
        5.24649         18.9453         1.06345 
        5.26217         18.8005         1.05515 
        5.27788         18.6478         1.04693 
        5.29359         18.5406          1.0388 
        5.30933         18.4055         1.03074 
        5.32504         18.2479         1.02278 
        5.34073         18.1011         1.01491 
        5.35646         18.0353         1.00711 
        5.37218         17.8489        0.999388 
        5.38789         17.6631        0.991759 
        5.40357         17.5486        0.984217 
        5.41929         17.4469        0.976737 
        5.43502         17.3027        0.969333 
         5.4507         17.1923        0.962022 
        5.46639         17.0717        0.954786 
        5.48212         16.9302        0.947606 
        5.49786         16.7831        0.940491 
        5.51353         16.6739        0.933484 
        5.52921         16.5005        0.926541 
        5.54495         16.3901        0.919647 
        5.56066         16.3008        0.912831 
        5.57637         16.1635        0.906084 
        5.59207          16.053         0.89941 
        5.60778         15.9283        0.892801 
        5.62346          15.808        0.886267 
        5.63916         15.7215        0.879792 
        5.65487         15.6183        0.873377 
         5.6706         15.4563        0.867018 
        5.68633           15.35         0.86072 
        5.70203         15.2331        0.854497 
        5.71773         15.0996        0.848337 
        5.73344         14.9739        0.842233 
        5.74916         14.8795        0.836183 
        5.76486         14.8051          0.8302 
        5.78054         14.7009        0.824285 
        5.79626         14.5982         0.81841 
          5.812         14.4892        0.812586 
         5.8277         14.3945        0.806835 
        5.84339         14.3045         0.80114 
        5.85911         14.1833        0.795488 
        5.87484         14.0962        0.789892 
        5.89053         13.9827         0.78436 
        5.90623         13.8715        0.778878 
        5.92195         13.7863        0.773438 
        5.93767         13.6955        0.768053 
        5.95336         13.6018        0.762728 
        5.96905         13.4696        0.757455 
        5.98476         13.3909        0.752224 
        6.00048         13.2949         0.74704 
        6.01617         13.1942        0.741911 
        6.03185         13.1223        0.736837 
        6.04756         12.9858        0.731798 
        6.06331         12.9169        0.726794 
        6.07903         12.8082        0.721848 
        6.09473         12.7179        0.716952 
        6.11044          12.645        0.712096 
        6.12616         12.5684        0.707286 
        6.14186         12.4797        0.702525 
        6.15755         12.3943        0.697807 
        6.17326         12.3113        0.693129 
        6.18898         12.2107        0.688491 
        6.20467         12.1147        0.683904 
        6.22036         12.0484        0.679358 
         6.2361         11.9613        0.674842 
         6.2518         11.8818        0.670373 
        6.26748         11.8106        0.665954 
        6.28319         11.7251        0.661563 
        6.29893         11.6327        0.657207 
        6.31463         11.5624        0.652897 
        6.33033         11.4747        0.648627 
        6.34604         11.3834        0.644392 
        6.36177         11.3241        0.640191 
        6.37747         11.2498        0.636035 
        6.39316         11.1916        0.631917 
        6.40888         11.1023        0.627828 
         6.4246         11.0441        0.623774 
        6.44031         10.9392        0.619758 
        6.45601         10.8933        0.615783 
        6.47172         10.8013        0.611836 
        6.48744         10.7396        0.607923 
        6.50313         10.6636        0.604051 
        6.51882          10.602        0.600213 
        6.53452         10.5462        0.596405 
        6.55025         10.4735        0.592623 
        6.56597         10.3738        0.588878 
        6.58166          10.314         0.58517 
        6.59736         10.2364        0.581492 
        6.61307          10.176        0.577842 
         6.6288         10.1078        0.574221 
         6.6445         10.0269        0.570635 
         6.6602         9.97086        0.567081 
        6.67592         9.89917        0.563553 
        6.69164         9.85875        0.560055 
        6.70735         9.77158        0.556588 
        6.72304         9.71868        0.553153 
        6.73874         9.65009        0.549747 
        6.75446         9.56837        0.546365 
        6.77016         9.52279        0.543016 
        6.78585         9.45943        0.539694 
        6.80156         9.41537          0.5364 
        6.81729          9.3395        0.533126 
        6.83301         9.27324        0.529881 
         6.8487         9.21758         0.52667 
         6.8644         9.16173        0.523483 
        6.88012         9.09649        0.520319 
        6.89583         9.03987        0.517184 
        6.91151         8.99026        0.514079 
        6.92723         8.91431        0.510991 
        6.94296          8.8677        0.507928 
        6.95866          8.8204        0.504894 
        6.97436           8.765        0.501886 
        6.99007         8.70869          0.4989 
        7.00578         8.64732        0.495939 
        7.02147         8.58884        0.493004 
        7.03718         8.53719         0.49009 
         7.0529         8.49291        0.487197 
        7.06863         8.42895        0.484326 
        7.08433         8.36552        0.481482 
        7.10004         8.34476        0.478661 
        7.11575         8.27357        0.475862 
        7.13145         8.23065        0.473086 
        7.14715         8.17756        0.470333 
        7.16284          8.1206        0.467604 
        7.17855         8.06928        0.464891 
        7.19428          8.0258        0.462197 
        7.20998         7.97277        0.459529 
        7.22568         7.91245        0.456883 
        7.24139         7.87664        0.454255 
        7.25711         7.81717        0.451648 
        7.27282         7.77185         0.44906 
        7.28852         7.72629        0.446496 
        7.30423         7.68223        0.443949 
        7.31995         7.62538        0.441422 
        7.33565          7.5943        0.438916 
        7.35135         7.54639        0.436429 
        7.36706         7.49376        0.433962 
        7.38277         7.45325        0.431511 
        7.39847         7.40556        0.429081 
        7.41419         7.36769        0.426668 
         7.4299         7.30412        0.424274 
        7.44561         7.26374        0.421899 
        7.46132         7.22773        0.419541 
        7.47701         7.17991        0.417205 
        7.49272         7.15214        0.414883 
        7.50842         7.09458         0.41258 
         7.5241         7.06551        0.410297 
        7.53981         7.01636        0.408028 
        7.55552         6.96925        0.405775 
        7.57125         6.93542        0.403537 
        7.58698         6.87863        0.401315 
        7.60268         6.85582        0.399114 
         7.6184         6.80146        0.396928 
        7.63411         6.76446        0.394758 
        7.64981         6.73351        0.392605 
        7.66552         6.68814        0.390469 
        7.68123         6.64849        0.388347 
        7.69695         6.61759         0.38624 
        7.71264         6.56108        0.384151 
        7.72834         6.52306        0.382078 
        7.74407         6.49425        0.380016 
        7.75978         6.44851         0.37797 
        7.77546         6.41669        0.375944 
        7.79116         6.37496         0.37393 
         7.8069         6.34321        0.371927 
         7.8226         6.30466        0.369942 
        7.83828         6.26397        0.367974 
        7.85399         6.23656        0.366018 
        7.86972         6.19912        0.364072 
        7.88543         6.16114        0.362143 
        7.90111         6.12974        0.360232 
        7.91681         6.08936        0.358332 
        7.93255          6.0516        0.356441 
        7.94828          6.0249        0.354565 
        7.96397         5.98455        0.352705 
        7.97967         5.95248        0.350859 
        7.99538         5.91757        0.349025 
         8.0111         5.88312        0.347204 
         8.0268         5.85219        0.345396 
        8.04248         5.81353        0.343604 
         8.0582         5.78089         0.34182 
        8.07393         5.74132        0.340048 
        8.08963          5.7204        0.338291 
        8.10533         5.68606        0.336547 
        8.12104         5.65343        0.334813 
        8.13675         5.62662        0.333092 
        8.15245         5.59114        0.331384 
        8.16815          5.5592        0.329689 
        8.18387         5.52864        0.328002 
        8.19959         5.49252        0.326327 
         8.2153          5.4699        0.324665 
        8.23101          5.4433        0.323015 
        8.24672         5.40308        0.321376 
        8.26241         5.37129        0.319751 
         8.2781         5.34549        0.318136 
        8.29381         5.32109         0.31653 
        8.30952         5.28681        0.314936 
        8.32524         5.26241        0.313351 
        8.34095         5.23787        0.311779 
        8.35666          5.2018        0.310217 
        8.37237         5.17308        0.308665 
        8.38808         5.14259        0.307124 
        8.40379          5.1245        0.305594 
         8.4195         5.09407        0.304075 
         8.4352         5.06903        0.302566 
        8.45091         5.03158        0.301067 
        8.46662         5.01026        0.299577 
        8.48232         4.98101        0.298099 
        8.49802          4.9533         0.29663 
        8.51374         4.93052         0.29517 
        8.52945          4.9079         0.29372 
        8.54515         4.87678        0.292281 
        8.56086         4.85501         0.29085 
        8.57658         4.83056        0.289429 
        8.59228         4.79952        0.288018 
        8.60799         4.77479        0.286615 
        8.62371         4.74693        0.285222 
        8.63942         4.72063        0.283838 
        8.65512         4.69931        0.282464 
        8.67082          4.6739        0.281099 
        8.68653         4.64973        0.279743 
        8.70224         4.62771        0.278395 
        8.71795         4.60362        0.277056 
        8.73365         4.58265        0.275727 
        8.74936         4.55954        0.274405 
        8.76506         4.52699        0.273094 
        8.78076         4.51468         0.27179 
        8.79646         4.48585        0.270495 
        8.81218         4.46059        0.269207 
        8.82791         4.44009        0.267926 
         8.8436          4.4166        0.266656 
         8.8593         4.38983        0.265395 
        8.87503          4.3648        0.264139 
        8.89076          4.3484        0.262891 
        8.90644         4.32713        0.261655 
        8.92214         4.29948        0.260425 
        8.93786         4.28815        0.259202 
        8.95357         4.25982        0.257987 
        8.96928          4.2396         0.25678 
        8.98498          4.2207        0.255581 
        9.00069         4.19844         0.25439 
        9.01639         4.17225        0.253205 
        9.03208         4.15766         0.25203 
        9.04778         4.13254        0.250862 
        9.06351         4.11436        0.249698 
        9.07923         4.09109        0.248543 
        9.09493         4.07153        0.247396 
        9.11062         4.05397        0.246257 
        9.12635         4.03638        0.245124 
        9.14207         4.01253        0.243997 
        9.15777         3.99106        0.242878 
        9.17346         3.97617        0.241768 
        9.18917         3.95817        0.240663 
         9.2049         3.93386        0.239563 
        9.22061         3.91615        0.238472 
        9.23631          3.8969        0.237388 
        9.25201         3.87979        0.236311 
        9.26773         3.85502        0.235239 
        9.28343         3.84189        0.234175 
        9.29913         3.82234        0.233117 
        9.31484         3.80057        0.232066 
        9.33057         3.78882        0.231019 
        9.34627         3.77071        0.229981 
        9.36197         3.75398        0.228949 
        9.37768         3.73325        0.227923 
        9.39338         3.71902        0.226904 
        9.40909         3.70154         0.22589 
        9.42479         3.67978        0.224883 
         9.4405         3.66162        0.223882 
        9.45621         3.64681        0.222887 
        9.47193         3.63347        0.221898 
        9.48763         3.61393        0.220915 
        9.50334         3.59692        0.219938 
        9.51906         3.57746        0.218967 
        9.53476         3.56388        0.218002 
        9.55045         3.54503        0.217043 
        9.56616         3.52479        0.216089 
        9.58188         3.51659         0.21514 
        9.59759         3.49868        0.214197 
         9.6133         3.48563         0.21326 
        9.62901         3.46708        0.212327 
        9.64471         3.45055        0.211401 
        9.66041          3.4338        0.210479 
        9.67612         3.42304        0.209562 
        9.69184         3.40369        0.208651 
        9.70754         3.39204        0.207745 
        9.72324         3.37533        0.206846 
        9.73895         3.36072        0.205952 
        9.75467         3.34753        0.205063 
        9.77038         3.33561         0.20418 
        9.78607         3.31146        0.203304 
        9.80177         3.29834        0.202434 
        9.81749          3.2855         0.20157 
         9.8332         3.27242        0.200711 
         9.8489         3.25616        0.199859 
        9.86463         3.24379        0.199011 
        9.88035         3.23222        0.198168 
        9.89606         3.21806         0.19733 
        9.91175         3.20569        0.196496 
        9.92745         3.18883        0.195665 
        9.94317         3.17466        0.194835 
        9.95888         3.16178        0.194008 
        9.97458         3.15144        0.193183 
        9.99029          3.1369        0.192358 
         10.006         3.12205        0.191848 
        10.0217         3.10904        0.191848 
        10.0374         3.09881        0.191848 
        10.0531         3.08234        0.191848 
        10.0688         3.07145        0.191848 
        10.0845         3.06034        0.191848 
        10.1002          3.0463        0.191848 
        10.1159         3.03258        0.191848 
        10.1317         3.02107        0.191848 
        10.1474         3.00743        0.191848 
        10.1631          2.9972        0.191848 
        10.1788         2.98367        0.191848 
        10.1945         2.97444        0.191848 
        10.2102         2.96067        0.191848 
        10.2259         2.94961        0.191848 
        10.2416          2.9398        0.191848 
        10.2573         2.92637        0.191848 
         10.273         2.91713        0.191848 
        10.2887         2.90564        0.191848 
        10.3044         2.89341        0.191848 
        10.3201         2.88165        0.191848 
        10.3359         2.86993        0.191848 
        10.3516          2.8606        0.191848 
        10.3673         2.84904        0.191848 
         10.383         2.83732        0.191848 
        10.3987          2.8283        0.191848 
        10.4144         2.82041        0.191848 
        10.4301         2.80863        0.191848 
        10.4458         2.79625        0.191848 
        10.4615         2.78622        0.191848 
        10.4772         2.77646        0.191848 
        10.4929         2.76484        0.191848 
        10.5086         2.75655        0.191848 
        10.5244         2.74683        0.191848 
        10.5401         2.73765        0.191848 
        10.5558         2.72622        0.191848 
        10.5715         2.71597        0.191848 
        10.5872         2.70731        0.191848 
        10.6029         2.69959        0.191848 
        10.6186         2.68933        0.191848 
        10.6343          2.6783        0.191848 
          10.65         2.66991        0.191848 
        10.6657         2.66088        0.191848 
        10.6814         2.65253        0.191848 
        10.6971         2.64447        0.191848 
        10.7129         2.63364        0.191848 
        10.7286         2.62615        0.191848 
        10.7443         2.61564        0.191848 
          10.76         2.60865        0.191848 
        10.7757         2.59681        0.191848 
        10.7914         2.58851        0.191848 
        10.8071         2.58292        0.191848 
        10.8228          2.5716        0.191848 
        10.8385         2.56511        0.191848 
        10.8542         2.55785        0.191848 
        10.8699         2.54971        0.191848 
        10.8856         2.53934        0.191848 
        10.9014         2.53271        0.191848 
        10.9171         2.52641        0.191848 
        10.9328         2.51782        0.191848 
        10.9485         2.50912        0.191848 
        10.9642         2.50333        0.191848 
        10.9799          2.4978        0.191848 
        10.9956         2.48891        0.191848 
        11.0113           2.483        0.191848 
         11.027         2.47538        0.191848 
        11.0427         2.46703        0.191848 
        11.0584         2.45982        0.191848 
        11.0741         2.45288        0.191848 
        11.0898         2.44482        0.191848 
        11.1055         2.44002        0.191848 
        11.1212         2.43255        0.191848 
         11.137         2.42537        0.191848 
        11.1527         2.41867        0.191848 
        11.1684         2.41314        0.191848 
        11.1841         2.40536        0.191848 
        11.1998          2.4014        0.191848 
        11.2155         2.39242        0.191848 
        11.2312         2.38895        0.191848 
        11.2469         2.38237        0.191848 
        11.2626         2.37765        0.191848 
        11.2783         2.37252        0.191848 
         11.294         2.36427        0.191848 
        11.3097         2.35766        0.191848 
        11.3254         2.35483        0.191848 
        11.3412         2.34763        0.191848 
        11.3569         2.34122        0.191848 
        11.3726         2.33828        0.191848 
        11.3883         2.32924        0.191848 
         11.404         2.32767        0.191848 
        11.4197         2.32153        0.191848 
        11.4354         2.31715        0.191848 
        11.4511         2.31457        0.191848 
        11.4668         2.30734        0.191848 
        11.4825         2.30238        0.191848 
        11.4982         2.29871        0.191848 
         11.514         2.29472        0.191848 
        11.5297         2.28883        0.191848 
        11.5454          2.2863        0.191848 
        11.5611         2.27877        0.191848 
        11.5768         2.27518        0.191848 
        11.5925         2.27175        0.191848 
        11.6082         2.26728        0.191848 
        11.6239         2.26457        0.191848 
        11.6396         2.26203        0.191848 
        11.6553         2.25786        0.191848 
         11.671         2.25341        0.191848 
        11.6867         2.25001        0.191848 
        11.7024         2.24787        0.191848 
        11.7182         2.24582        0.191848 
        11.7339         2.24115        0.191848 
        11.7496         2.23693        0.191848 
        11.7653         2.23406        0.191848 
         11.781         2.22999        0.191848 
        11.7967         2.22855        0.191848 
        11.8124         2.22425        0.191848 
        11.8281          2.2203        0.191848 
        11.8438         2.21898        0.191848 
        11.8595         2.21698        0.191848 
        11.8752         2.21513        0.191848 
         11.891          2.2148        0.191848 
        11.9067         2.21149        0.191848 
        11.9224         2.20792        0.191848 
        11.9381         2.20889        0.191848 
        11.9538         2.20236        0.191848 
        11.9695         2.20238        0.191848 
        11.9852         2.20174        0.191848 
        12.0009         2.20102        0.191848 
        12.0166         2.19589        0.191848 
        12.0323         2.19376        0.191848 
         12.048          2.1949        0.191848 
        12.0637         2.19059        0.191848 
