# k  (h/Mpc)    Pcb(k)  (Mpc/h)^3    Pcb_linear(k) (Mpc/h)^3   ShotnoiseSubtracted = true
      0.0200456         28412.7         29051.1 
      0.0350414         17671.8         18495.9 
      0.0492313         12548.9         12768.2 
      0.0637834         10881.3         10589.7 
      0.0800726         8227.64         7961.44 
       0.096163         5424.04          5444.2 
       0.111083         4425.87         4409.95 
       0.126058         4080.42         3960.14 
       0.142273         3452.29         3180.12 
       0.158546         2984.88         2427.35 
        0.17375          2403.9         2107.54 
       0.188953         2352.59         1922.29 
       0.204907         2176.73         1630.33 
       0.220756         1873.97         1349.42 
        0.23588         1689.63         1200.84 
         0.2514         1468.36         1098.51 
       0.267535         1454.75         966.049 
       0.283568         1315.56         838.818 
       0.299022         1247.88         756.737 
       0.314451         1182.42         695.244 
       0.330372         1080.75         627.454 
       0.346141         1038.32         562.966 
       0.361624         998.295         514.168 
       0.377134         931.476         474.672 
       0.392932         882.353         435.578 
       0.408854         873.444         398.245 
       0.424564          798.89          367.27 
       0.440253         785.698         340.945 
       0.455999         757.065         316.319 
       0.471626         733.446         293.484 
        0.48727         699.708         273.198 
       0.502856          676.98         255.397 
       0.518488         671.154         238.964 
       0.534347         629.039          223.49 
       0.550082         614.219          209.54 
       0.565732         609.574         197.004 
       0.581496         574.432         185.394 
       0.597222         561.451         174.662 
       0.612804         551.287          164.85 
       0.628434         535.683         155.818 
       0.644267         521.841         147.372 
       0.660051         508.065         139.566 
       0.675724          499.58         132.367 
       0.691403         482.754         125.667 
       0.707174         466.442         119.392 
       0.722871         459.316         113.569 
        0.73838         452.167         108.196 
       0.754018         441.488         103.129 
       0.769845         433.621         98.3321 
        0.78569         425.318          93.836 
       0.801365         413.809         89.6658 
       0.817031         403.959         85.7525 
       0.832809         399.088         82.0485 
       0.848511         390.972         78.5804 
       0.864097         378.058         75.3369 
       0.879701         372.192         72.2737 
       0.895507         368.994         69.3449 
       0.911279         359.697         66.5848 
        0.92691         354.253         63.9979 
       0.942635          343.82         61.5343 
       0.958396         337.434         59.1953 
       0.974128         331.793         56.9821 
       0.989692          329.27          54.904 
        1.00528         320.361         52.9265 
        1.02113         316.119         51.0155 
        1.03692         310.122          49.206 
        1.05264         305.545         47.4927 
        1.06832         297.758         45.8637 
        1.08405         292.771         44.3069 
        1.09979         288.796         42.8215 
        1.11537         283.398         41.4189 
        1.13105         278.539         40.0708 
        1.14679         269.465         38.7777 
        1.16256         266.691         37.5391 
        1.17828         265.527         36.3587 
        1.19395         259.216         35.2332 
         1.2097         253.655         34.1495 
        1.22537         249.482         33.1168 
          1.241         246.259         32.1299 
        1.25666         243.983         31.1807 
        1.27241         238.497         30.2655 
        1.28819         234.657         29.3855 
        1.30392         230.226         28.5431 
        1.31957         228.715         27.7374 
        1.33529         225.261         26.9599 
        1.35108         220.322         26.2092 
        1.36674         216.977         25.4923 
         1.3824          214.87          24.803 
        1.39811         211.017         24.1369 
        1.41389         208.576         23.4926 
        1.42964         206.032          22.873 
        1.44531         203.353         22.2788 
        1.46101         199.276         21.7044 
        1.47667         196.324         21.1519 
        1.49229         194.899         20.6202 
        1.50793         189.798         20.1061 
        1.52367         188.889         19.6063 
        1.53953         185.583           19.12 
        1.55526          183.22         18.6542 
        1.57092         180.406         18.2058 
        1.58662         178.072          17.771 
        1.60235         175.872         17.3496 
        1.61809         173.651         16.9417 
        1.63369         171.475         16.5505 
        1.64941         167.563         16.1688 
        1.66519         166.726         15.7978 
        1.68085         163.766          15.441 
        1.69652         162.059         15.0952 
        1.71228         158.776          14.758 
        1.72806         155.558         14.4308 
        1.74368          154.38         14.1168 
        1.75933         152.761         13.8115 
        1.77505         150.508         13.5138 
        1.79081         148.877         13.2244 
         1.8065         145.956         12.9446 
        1.82218         144.985         12.6732 
        1.83797         142.997         12.4078 
        1.85367         141.224         12.1513 
        1.86928         138.441         11.9037 
        1.88497         137.739         11.6616 
        1.90073         135.274         11.4253 
        1.91647         134.252         11.1958 
        1.93218         132.143         10.9731 
        1.94787         129.473         10.7567 
        1.96363         127.963         10.5453 
        1.97935         126.775         10.3401 
        1.99499         125.278         10.1414 
        2.01064         123.296         9.94769 
         2.0264         122.368          9.7578 
        2.04216         120.553         9.57295 
        2.05781         119.038         9.39406 
        2.07353         118.352         9.21909 
        2.08928         115.839         9.04819 
        2.10499         114.524         8.88207 
        2.12065         113.088         8.72062 
        2.13633         111.068         8.56303 
        2.15211         110.076         8.40832 
        2.16785         108.662         8.25785 
        2.18349         107.742         8.11201 
        2.19916         106.087         7.96938 
        2.21489         104.943         7.82969 
        2.23063         103.384         7.69326 
         2.2463         102.532         7.56069 
        2.26194         100.817         7.43156 
        2.27765         99.6441         7.30479 
        2.29341         98.2875         7.18063 
        2.30914         97.2246         7.05962 
        2.32486         96.0493         6.94145 
        2.34061         94.7517         6.82579 
        2.35635         93.7209         6.71287 
        2.37203         92.7763         6.60288 
        2.38768         91.6273         6.49558 
        2.40339         90.6357         6.39028 
        2.41914         89.3535         6.28706 
        2.43483         88.3236         6.18648 
         2.4505          87.063         6.08826 
        2.46622         86.4968         5.99184 
        2.48195         84.7997         5.89749 
        2.49759         84.2334         5.80567 
        2.51328         83.2059         5.71557 
        2.52906         82.4067         5.62681 
        2.54479         81.3744         5.54026 
        2.56049         80.2533         5.45569 
        2.57618         79.3945         5.37296 
        2.59189         78.4567         5.29181 
        2.60758         77.5392         5.21247 
        2.62325         76.3935         5.13484 
        2.63898         75.7199         5.05853 
        2.65468          74.512         4.98392 
        2.67044         74.0383         4.91049 
        2.68618         73.2131         4.83871 
        2.70184         72.4024         4.76865 
        2.71755         71.5753          4.6998 
        2.73329         70.7942         4.63219 
        2.74897         70.3127         4.56614 
        2.76462         69.3779         4.50152 
        2.78034         68.3144         4.43788 
        2.79607         67.2794          4.3754 
        2.81179         66.7236         4.31419 
        2.82749         66.2173         4.25422 
        2.84321         65.4618         4.19532 
        2.85893          64.579         4.13755 
        2.87462         64.0111         4.08096 
        2.89033         63.2973         4.02538 
        2.90605         62.4975         3.97078 
        2.92176         61.7364         3.91722 
        2.93747         61.0974         3.86468 
        2.95318         60.4884         3.81308 
        2.96891         60.0244          3.7624 
        2.98456         59.2454         3.71287 
        3.00023         58.6015         3.66415 
        3.01596          57.769         3.61615 
        3.03164         57.3563         3.56915 
        3.04738         56.5165         3.52284 
         3.0631         56.0309         3.47737 
        3.07883         55.6214          3.4327 
        3.09456         54.7203         3.38882 
        3.11026         54.1948         3.34577 
        3.12596         53.6677         3.30347 
        3.14163         53.2669           3.262 
        3.15734          52.504         3.22114 
        3.17308         51.9855         3.18088 
        3.18879         51.4061         3.14142 
        3.20447         51.1373         3.10268 
         3.2202         50.4165         3.06448 
         3.2359         49.8328         3.02698 
        3.25157         49.3706          2.9902 
        3.26729         48.9564         2.95392 
        3.28304         48.4674         2.91817 
        3.29877         47.7548         2.88305 
        3.31446         47.4049         2.84859 
        3.33014         46.9124         2.81472 
        3.34585         46.2779         2.78135 
        3.36158          45.997         2.74846 
        3.37727         45.5658         2.71621 
        3.39294         45.0268         2.68451 
        3.40867         44.5423          2.6532 
        3.42439         44.1529          2.6224 
        3.44008         43.6946         2.59215 
        3.45578         43.2787         2.56235 
        3.47153         42.8641         2.53296 
        3.48724         42.5307         2.50408 
        3.50292         41.9428         2.47571 
        3.51859         41.5557         2.44779 
        3.53431          41.237         2.42022 
        3.55007         40.7066         2.39301 
        3.56577         40.3803         2.36632 
        3.58146         39.9368         2.34004 
        3.59719          39.567          2.3141 
        3.61292         39.1984         2.28857 
        3.62859          38.801         2.26351 
        3.64429         38.5991         2.23879 
        3.66003         38.0367         2.21435 
        3.67578         37.6646         2.19029 
        3.69146          37.305         2.16667 
        3.70712         36.9309         2.14344 
        3.72284         36.5922         2.12047 
        3.73853          36.216         2.09788 
        3.75422         35.8989          2.0756 
        3.76993         35.5969         2.05363 
        3.78564         35.2783         2.03198 
        3.80137         34.8462         2.01061 
        3.81707         34.5556         1.98959 
        3.83279         34.2675         1.96885 
        3.84853         33.9397         1.94838 
        3.86424         33.5977         1.92823 
        3.87992         33.2694          1.9084 
        3.89561         33.0702         1.88885 
        3.91134         32.8189         1.86952 
        3.92704         32.4393          1.8505 
        3.94273         32.1456         1.83175 
        3.95845         31.8686         1.81323 
        3.97418         31.5819         1.79496 
        3.98988         31.3122         1.77696 
        4.00554         30.9762         1.75927 
        4.02125         30.7358         1.74176 
        4.03698         30.4967         1.72446 
        4.05268           30.22         1.70743 
        4.06839         29.8974         1.69062 
         4.0841         29.6734         1.67405 
        4.09983         29.4362         1.65767 
        4.11555         29.1238         1.64151 
        4.13124         28.8596         1.62562 
        4.14693         28.6694         1.60992 
        4.16266         28.3625         1.59439 
        4.17839         28.0839         1.57908 
        4.19408         27.8827           1.564 
        4.20977         27.6241         1.54911 
        4.22551         27.3793         1.53438 
        4.24123         27.0991         1.51985 
        4.25691         26.8713         1.50555 
        4.27259         26.6551         1.49143 
        4.28831         26.4584         1.47747 
        4.30404         26.2806         1.46366 
        4.31974         25.9641         1.45007 
        4.33543         25.7742         1.43665 
        4.35116         25.4621         1.42337 
        4.36688         25.3569         1.41026 
        4.38255         25.1242         1.39737 
        4.39825         24.9934         1.38461 
        4.41398         24.7081         1.37198 
         4.4297         24.4838         1.35953 
        4.44541         24.3158         1.34723 
        4.46111         24.0533         1.33509 
        4.47683          23.852         1.32309 
        4.49251         23.6416         1.31126 
        4.50819         23.4074         1.29958 
         4.5239         23.2914         1.28803 
        4.53962         23.0968          1.2766 
        4.55535         22.8738          1.2653 
        4.57106         22.7124         1.25416 
        4.58678          22.497         1.24314 
         4.6025          22.325         1.23226 
        4.61821         22.1254         1.22151 
        4.63391         21.9696          1.2109 
         4.6496         21.8327         1.20042 
        4.66532         21.6535         1.19005 
        4.68103         21.4368          1.1798 
        4.69673         21.2828         1.16969 
        4.71241         21.0438          1.1597 
        4.72811          20.933         1.14981 
        4.74384         20.7714         1.14003 
        4.75955         20.5534         1.13037 
        4.77525         20.3966         1.12083 
        4.79096         20.2313         1.11139 
        4.80669         20.0881         1.10205 
         4.8224         19.9226         1.09283 
        4.83809         19.7961         1.08373 
        4.85379         19.6214         1.07472 
         4.8695         19.5172         1.06581 
        4.88521         19.2823           1.057 
        4.90093         19.1341         1.04829 
        4.91663         18.9947         1.03969 
        4.93234          18.884         1.03117 
        4.94807         18.7259         1.02274 
        4.96377         18.5602         1.01443 
        4.97943         18.4088         1.00622 
        4.99514         18.2473         0.99808 
        5.01086         18.1292        0.990025 
        5.02654         17.9871        0.982079 
        5.04227         17.8958        0.974196 
          5.058         17.6791        0.966397 
        5.07371         17.5815        0.958697 
        5.08942         17.4761        0.951081 
        5.10513         17.2975        0.943546 
        5.12084         17.1668        0.936088 
        5.13656         17.0356        0.928713 
        5.15225           16.89        0.921429 
        5.16796         16.7578        0.914211 
        5.18369         16.6681        0.907064 
         5.1994          16.526        0.900006 
        5.21509         16.4361         0.89303 
        5.23079         16.3139        0.886119 
        5.24649         16.1533        0.879286 
        5.26217         16.0762         0.87253 
        5.27788          15.908        0.865835 
        5.29359         15.7853        0.859208 
        5.30933         15.6612        0.852642 
        5.32504         15.5622        0.846155 
        5.34073         15.3995        0.839742 
        5.35646         15.2819        0.833383 
        5.37218         15.1908        0.827088 
        5.38789         15.0459        0.820868 
        5.40357         14.9566        0.814719 
        5.41929         14.8465        0.808619 
        5.43502         14.7201        0.802581 
         5.4507         14.6416        0.796619 
        5.46639         14.5575        0.790716 
        5.48212         14.4497        0.784859 
        5.49786          14.358        0.779054 
        5.51353         14.2219        0.773337 
        5.52921         14.1696        0.767671 
        5.54495         14.0278        0.762045 
        5.56066         13.9457        0.756481 
        5.57637         13.8014        0.750974 
        5.59207         13.7151        0.745526 
        5.60778         13.6179         0.74013 
        5.62346         13.5149        0.734794 
        5.63916         13.4275        0.729506 
        5.65487         13.3344        0.724268 
         5.6706         13.2048        0.719074 
        5.68633          13.124        0.713929 
        5.70203         13.0478        0.708845 
        5.71773         12.9546        0.703811 
        5.73344         12.8494        0.698824 
        5.74916         12.7701         0.69388 
        5.76486         12.6865         0.68899 
        5.78054         12.5962        0.684155 
        5.79626         12.5027        0.679352 
          5.812         12.4142        0.674591 
         5.8277         12.3113        0.669889 
        5.84339         12.2203        0.665232 
        5.85911           12.14         0.66061 
        5.87484         12.0449        0.656033 
        5.89053         11.9473        0.651508 
        5.90623         11.8748        0.647023 
        5.92195         11.8199        0.642573 
        5.93767         11.7094        0.638167 
        5.95336         11.6314        0.633809 
        5.96905         11.5463        0.629494 
        5.98476         11.4686        0.625213 
        6.00048         11.3826        0.620969 
        6.01617         11.3223        0.616771 
        6.03185         11.2463        0.612617 
        6.04756         11.1532        0.608491 
        6.06331         11.0783        0.604394 
        6.07903         10.9972        0.600343 
        6.09473         10.9341        0.596333 
        6.11044         10.8524        0.592356 
        6.12616         10.7705        0.588415 
        6.14186         10.7068        0.584515 
        6.15755         10.6222        0.580649 
        6.17326         10.5628        0.576816 
        6.18898         10.4802        0.573015 
        6.20467         10.3957        0.569256 
        6.22036         10.3446         0.56553 
         6.2361         10.2698        0.561827 
         6.2518         10.2071        0.558164 
        6.26748         10.1472        0.554541 
        6.28319         10.0575         0.55094 
        6.29893         9.99432        0.547368 
        6.31463         9.94067        0.543834 
        6.33033          9.8547        0.540332 
        6.34604         9.82269        0.536858 
        6.36177          9.7373        0.533411 
        6.37747         9.67984        0.530001 
        6.39316         9.59866        0.526623 
        6.40888          9.5466        0.523267 
         6.4246         9.47701         0.51994 
        6.44031          9.4231        0.516645 
        6.45601         9.37026        0.513381 
        6.47172         9.29736        0.510142 
        6.48744         9.23229        0.506929 
        6.50313         9.18481         0.50375 
        6.51882         9.10814        0.500599 
        6.53452         9.03566        0.497471 
        6.55025         8.97776        0.494365 
        6.56597         8.94124        0.491289 
        6.58166         8.86592        0.488244 
        6.59736         8.82069        0.485222 
        6.61307         8.75553        0.482223 
         6.6288         8.70534        0.479248 
         6.6445         8.64039        0.476302 
         6.6602         8.59292        0.473381 
        6.67592         8.53163        0.470481 
        6.69164         8.48176        0.467606 
        6.70735         8.41992        0.464756 
        6.72304         8.38585        0.461933 
        6.73874         8.31521        0.459132 
        6.75446         8.26248        0.456351 
        6.77016         8.22987        0.453597 
        6.78585         8.15963        0.450865 
        6.80156         8.10918        0.448156 
        6.81729         8.05462        0.445463 
        6.83301         8.01249        0.442794 
         6.8487         7.94726        0.440152 
         6.8644         7.91038         0.43753 
        6.88012         7.85484        0.434927 
        6.89583         7.82435        0.432347 
        6.91151         7.76765        0.429791 
        6.92723          7.7248         0.42725 
        6.94296         7.65766        0.424728 
        6.95866         7.61711        0.422231 
        6.97436         7.57346        0.419755 
        6.99007         7.52218        0.417296 
        7.00578         7.48271        0.414858 
        7.02147         7.42823        0.412441 
        7.03718         7.38819        0.410042 
         7.0529         7.34956        0.407659 
        7.06863         7.30879        0.405294 
        7.08433         7.25615        0.402951 
        7.10004         7.19882        0.400627 
        7.11575         7.16235        0.398321 
        7.13145         7.11888        0.396034 
        7.14715          7.0674        0.393765 
        7.16284         7.02777        0.391516 
        7.17855         6.98791         0.38928 
        7.19428         6.95745        0.387059 
        7.20998         6.91502         0.38486 
        7.22568         6.87506        0.382678 
        7.24139         6.81234        0.380512 
        7.25711          6.7787        0.378362 
        7.27282         6.74427        0.376229 
        7.28852         6.69468        0.374114 
        7.30423         6.64899        0.372013 
        7.31995         6.62181        0.369929 
        7.33565         6.57454        0.367862 
        7.35135         6.54704         0.36581 
        7.36706         6.49455        0.363774 
        7.38277         6.46326        0.361753 
        7.39847         6.41429        0.359747 
        7.41419          6.3804        0.357756 
         7.4299         6.34311         0.35578 
        7.44561         6.31168         0.35382 
        7.46132         6.27519        0.351874 
        7.47701         6.24074        0.349945 
        7.49272         6.19441        0.348028 
        7.50842         6.15877        0.346126 
         7.5241         6.12371        0.344242 
        7.53981         6.08601        0.342368 
        7.55552         6.05892        0.340507 
        7.57125         6.01923        0.338659 
        7.58698         5.98644        0.336823 
        7.60268         5.95625        0.335005 
         7.6184         5.91746        0.333199 
        7.63411         5.88334        0.331406 
        7.64981          5.8537        0.329628 
        7.66552         5.81844        0.327862 
        7.68123          5.7806        0.326109 
        7.69695            5.75        0.324367 
        7.71264         5.71772        0.322641 
        7.72834         5.67986        0.320927 
        7.74407         5.65138        0.319223 
        7.75978         5.62106        0.317531 
        7.77546         5.58527        0.315856 
        7.79116         5.55097        0.314191 
         7.8069         5.52664        0.312535 
         7.8226         5.49715        0.310893 
        7.83828         5.46177        0.309265 
        7.85399         5.43219        0.307647 
        7.86972         5.40483        0.306038 
        7.88543         5.37697        0.304442 
        7.90111         5.34753        0.302861 
        7.91681         5.30994        0.301289 
        7.93255         5.28658        0.299724 
        7.94828         5.25363        0.298171 
        7.96397         5.22282        0.296633 
        7.97967         5.19186        0.295105 
        7.99538         5.16805        0.293587 
         8.0111         5.13557        0.292079 
         8.0268         5.11503        0.290582 
        8.04248         5.08146        0.289098 
         8.0582         5.05072        0.287622 
        8.07393         5.02159        0.286154 
        8.08963         4.99106        0.284699 
        8.10533         4.97267        0.283255 
        8.12104         4.94661        0.281819 
        8.13675         4.91219        0.280393 
        8.15245         4.89089        0.278978 
        8.16815         4.86282        0.277574 
        8.18387         4.83517        0.276176 
        8.19959         4.80881        0.274789 
         8.2153         4.78344        0.273411 
        8.23101         4.75891        0.272044 
        8.24672         4.72964        0.270685 
        8.26241         4.71326        0.269338 
         8.2781          4.6855           0.268 
        8.29381         4.66377        0.266669 
        8.30952          4.6315        0.265347 
        8.32524         4.61136        0.264033 
        8.34095         4.58012        0.262729 
        8.35666         4.56219        0.261434 
        8.37237         4.53685        0.260147 
        8.38808         4.50967        0.258869 
        8.40379         4.48885          0.2576 
         8.4195         4.46352         0.25634 
         8.4352         4.44147        0.255088 
        8.45091         4.42132        0.253844 
        8.46662         4.40042        0.252609 
        8.48232         4.37297        0.251382 
        8.49802         4.34556        0.250163 
        8.51374         4.33184        0.248951 
        8.52945         4.30685        0.247748 
        8.54515         4.28799        0.246554 
        8.56086          4.2661        0.245366 
        8.57658         4.24032        0.244186 
        8.59228         4.21919        0.243015 
        8.60799         4.19859         0.24185 
        8.62371          4.1808        0.240693 
        8.63942         4.15303        0.239544 
        8.65512         4.13277        0.238403 
        8.67082         4.11372         0.23727 
        8.68653          4.0906        0.236143 
        8.70224         4.07504        0.235023 
        8.71795         4.04765        0.233911 
        8.73365         4.03557        0.232807 
        8.74936         4.01678        0.231709 
        8.76506         3.98532        0.230619 
        8.78076         3.97481        0.229536 
        8.79646         3.95184         0.22846 
        8.81218         3.93152        0.227389 
        8.82791          3.9077        0.226325 
         8.8436         3.89097        0.225269 
         8.8593         3.87512        0.224221 
        8.87503         3.85012        0.223176 
        8.89076         3.83748        0.222139 
        8.90644         3.81787        0.221111 
        8.92214         3.79643        0.220089 
        8.93786         3.77722        0.219071 
        8.95357         3.75741        0.218061 
        8.96928         3.73932        0.217057 
        8.98498         3.72476         0.21606 
        9.00069         3.70556        0.215069 
        9.01639          3.6874        0.214084 
        9.03208         3.67209        0.213106 
        9.04778         3.65787        0.212134 
        9.06351         3.63715        0.211166 
        9.07923         3.62155        0.210205 
        9.09493         3.60369         0.20925 
        9.11062         3.58669        0.208303 
        9.12635         3.56642        0.207359 
        9.14207         3.54853        0.206421 
        9.15777         3.53479         0.20549 
        9.17346         3.51692        0.204566 
        9.18917         3.49727        0.203645 
         9.2049         3.48525         0.20273 
        9.22061         3.46396        0.201821 
        9.23631         3.45134        0.200919 
        9.25201         3.43439        0.200022 
        9.26773          3.4221        0.199129 
        9.28343         3.40587        0.198243 
        9.29913         3.38794        0.197362 
        9.31484         3.37651        0.196486 
        9.33057         3.35981        0.195614 
        9.34627         3.34015        0.194749 
        9.36197         3.33117         0.19389 
        9.37768         3.30984        0.193034 
        9.39338         3.29384        0.192185 
        9.40909          3.2829        0.191341 
        9.42479          3.2679        0.190501 
         9.4405         3.25567        0.189667 
        9.45621         3.23548        0.188837 
        9.47193         3.22453        0.188013 
        9.48763         3.20913        0.187193 
        9.50334         3.19657        0.186379 
        9.51906         3.18143        0.185569 
        9.53476         3.17023        0.184765 
        9.55045         3.15137        0.183965 
        9.56616         3.14207         0.18317 
        9.58188         3.12703        0.182378 
        9.59759         3.11171        0.181591 
         9.6133         3.09647         0.18081 
        9.62901         3.08437        0.180032 
        9.64471         3.07414        0.179259 
        9.66041         3.05797         0.17849 
        9.67612         3.04533        0.177725 
        9.69184         3.03347        0.176964 
        9.70754         3.02326        0.176209 
        9.72324         3.00492        0.175458 
        9.73895         2.99577        0.174712 
        9.75467         2.98345         0.17397 
        9.77038         2.96936        0.173233 
        9.78607         2.95669        0.172502 
        9.80177         2.94292        0.171776 
        9.81749         2.93085        0.171054 
         9.8332         2.91814        0.170338 
         9.8489         2.90514        0.169626 
        9.86463         2.89536        0.168918 
        9.88035         2.88113        0.168214 
        9.89606         2.87225        0.167514 
        9.91175         2.85923        0.166817 
        9.92745         2.84835        0.166123 
        9.94317         2.83793         0.16543 
        9.95888         2.82592        0.164739 
        9.97458         2.81405         0.16405 
        9.99029          2.8027         0.16336 
         10.006         2.79404        0.162935 
        10.0217         2.78145        0.162935 
        10.0374         2.77192        0.162935 
        10.0531         2.75778        0.162935 
        10.0688         2.74995        0.162935 
        10.0845         2.73983        0.162935 
        10.1002         2.72967        0.162935 
        10.1159         2.71647        0.162935 
        10.1317         2.70924        0.162935 
        10.1474          2.7005        0.162935 
        10.1631         2.68669        0.162935 
        10.1788         2.67726        0.162935 
        10.1945         2.66756        0.162935 
        10.2102         2.65522        0.162935 
        10.2259         2.64529        0.162935 
        10.2416         2.63552        0.162935 
        10.2573         2.62738        0.162935 
         10.273         2.61722        0.162935 
        10.2887         2.60625        0.162935 
        10.3044         2.59759        0.162935 
        10.3201         2.58712        0.162935 
        10.3359         2.57624        0.162935 
        10.3516         2.56995        0.162935 
        10.3673         2.55864        0.162935 
         10.383          2.5511        0.162935 
        10.3987         2.54357        0.162935 
        10.4144         2.53287        0.162935 
        10.4301         2.52248        0.162935 
        10.4458         2.51317        0.162935 
        10.4615         2.50631        0.162935 
        10.4772         2.49796        0.162935 
        10.4929          2.4896        0.162935 
        10.5086         2.47859        0.162935 
        10.5244         2.47182        0.162935 
        10.5401         2.46017        0.162935 
        10.5558         2.45417        0.162935 
        10.5715         2.44468        0.162935 
        10.5872         2.43782        0.162935 
        10.6029         2.43247        0.162935 
        10.6186         2.42192        0.162935 
        10.6343         2.41556        0.162935 
          10.65         2.40534        0.162935 
        10.6657         2.39758        0.162935 
        10.6814         2.39083        0.162935 
        10.6971         2.38468        0.162935 
        10.7129         2.37672        0.162935 
        10.7286         2.37106        0.162935 
        10.7443         2.36185        0.162935 
          10.76         2.35362        0.162935 
        10.7757         2.34624        0.162935 
        10.7914         2.33796        0.162935 
        10.8071         2.33018        0.162935 
        10.8228         2.32628        0.162935 
        10.8385         2.31442        0.162935 
        10.8542          2.3123        0.162935 
        10.8699         2.30172        0.162935 
        10.8856         2.29629        0.162935 
        10.9014         2.29307        0.162935 
        10.9171         2.28465        0.162935 
        10.9328         2.28025        0.162935 
        10.9485           2.272        0.162935 
        10.9642          2.2633        0.162935 
        10.9799         2.25854        0.162935 
        10.9956          2.2513        0.162935 
        11.0113         2.24887        0.162935 
         11.027         2.23941        0.162935 
        11.0427         2.23187        0.162935 
        11.0584         2.22987        0.162935 
        11.0741         2.22271        0.162935 
        11.0898         2.21721        0.162935 
        11.1055         2.21168        0.162935 
        11.1212         2.20537        0.162935 
         11.137         2.19857        0.162935 
        11.1527         2.19329        0.162935 
        11.1684         2.18897        0.162935 
        11.1841         2.18526        0.162935 
        11.1998         2.17733        0.162935 
        11.2155          2.1737        0.162935 
        11.2312         2.16939        0.162935 
        11.2469         2.16393        0.162935 
        11.2626          2.1596        0.162935 
        11.2783         2.15119        0.162935 
         11.294          2.1473        0.162935 
        11.3097         2.14588        0.162935 
        11.3254         2.13864        0.162935 
        11.3412         2.13587        0.162935 
        11.3569         2.13157        0.162935 
        11.3726         2.12819        0.162935 
        11.3883         2.12054        0.162935 
         11.404         2.11534        0.162935 
        11.4197         2.11292        0.162935 
        11.4354         2.10915        0.162935 
        11.4511         2.10509        0.162935 
        11.4668         2.10294        0.162935 
        11.4825         2.09911        0.162935 
        11.4982         2.09218        0.162935 
         11.514         2.09013        0.162935 
        11.5297         2.08704        0.162935 
        11.5454         2.08388        0.162935 
        11.5611         2.07915        0.162935 
        11.5768         2.07523        0.162935 
        11.5925         2.07308        0.162935 
        11.6082         2.06973        0.162935 
        11.6239         2.06771        0.162935 
        11.6396         2.06322        0.162935 
        11.6553         2.06093        0.162935 
         11.671         2.05678        0.162935 
        11.6867         2.05598        0.162935 
        11.7024         2.05042        0.162935 
        11.7182         2.04853        0.162935 
        11.7339         2.04801        0.162935 
        11.7496         2.04423        0.162935 
        11.7653         2.04084        0.162935 
         11.781         2.03995        0.162935 
        11.7967         2.03731        0.162935 
        11.8124         2.03447        0.162935 
        11.8281         2.03378        0.162935 
        11.8438         2.03262        0.162935 
        11.8595          2.0294        0.162935 
        11.8752         2.02641        0.162935 
         11.891         2.02611        0.162935 
        11.9067         2.02444        0.162935 
        11.9224         2.02281        0.162935 
        11.9381         2.02079        0.162935 
        11.9538         2.01922        0.162935 
        11.9695         2.01805        0.162935 
        11.9852         2.01643        0.162935 
        12.0009         2.01431        0.162935 
        12.0166         2.01184        0.162935 
        12.0323         2.01357        0.162935 
         12.048         2.01167        0.162935 
        12.0637         2.01017        0.162935 
