# k  (h/Mpc)    Pcb(k)  (Mpc/h)^3    Pcb_linear(k) (Mpc/h)^3   ShotnoiseSubtracted = true
      0.0200456         7280.04         7391.61 
      0.0350414         4631.55         4705.99 
      0.0492313         3249.96         3248.67 
      0.0637834         2743.28         2694.38 
      0.0800726         2073.21         2025.66 
       0.096163         1379.96         1385.19 
       0.111083         1109.16         1122.04 
       0.126058         1023.55          1007.6 
       0.142273         846.508         809.131 
       0.158546          670.99         617.602 
        0.17375         552.203         536.231 
       0.188953         526.342         489.097 
       0.204907         476.551         414.813 
       0.220756         393.569         343.339 
        0.23588         347.307         305.534 
         0.2514         306.805         279.499 
       0.267535         285.886         245.796 
       0.283568         255.862         213.424 
       0.299022         235.949          192.54 
       0.314451          215.38         176.894 
       0.330372         198.285         159.646 
       0.346141           176.6         143.238 
       0.361624         168.169         130.822 
       0.377134         157.002         120.773 
       0.392932         142.415         110.826 
       0.408854         136.054         101.327 
       0.424564         129.761         93.4462 
       0.440253         121.839         86.7482 
       0.455999         113.743         80.4825 
       0.471626         105.386         74.6724 
        0.48727         101.326         69.5108 
       0.502856         96.7383         64.9818 
       0.518488         93.4259         60.8006 
       0.534347         89.2832         56.8635 
       0.550082         82.0078         53.3142 
       0.565732         78.3076         50.1246 
       0.581496         75.3631         47.1705 
       0.597222         72.6158           44.44 
       0.612804          68.834         41.9436 
       0.628434         67.0015         39.6455 
       0.644267         64.6379         37.4965 
       0.660051         62.6859         35.5104 
       0.675724         59.9467         33.6786 
       0.691403         58.0409          31.974 
       0.707174         55.9126         30.3774 
       0.722871         54.4178         28.8958 
        0.73838         53.0204         27.5287 
       0.754018         50.2567         26.2396 
       0.769845         49.0984         25.0191 
        0.78569         47.8021         23.8751 
       0.801365          46.011         22.8141 
       0.817031         44.6624         21.8184 
       0.832809         43.9763          20.876 
       0.848511          41.763         19.9936 
       0.864097         40.8972         19.1683 
       0.879701         40.0108         18.3889 
       0.895507         39.3745         17.6437 
       0.911279         38.1792         16.9415 
        0.92691         37.3703         16.2833 
       0.942635         35.8424         15.6564 
       0.958396         35.6238         15.0613 
       0.974128         34.5736         14.4982 
       0.989692         33.9827         13.9695 
        1.00528         33.1659         13.4663 
        1.02113         32.1916         12.9801 
        1.03692          31.325         12.5197 
        1.05264         31.1583         12.0838 
        1.06832         30.0214         11.6693 
        1.08405         29.6356         11.2732 
        1.09979          29.144         10.8953 
        1.11537         28.1142         10.5384 
        1.13105         28.1911         10.1954 
        1.14679         27.5703         9.86637 
        1.16256         26.8156         9.55124 
        1.17828         26.2732         9.25091 
        1.19395         25.8026         8.96453 
         1.2097         25.4789         8.68882 
        1.22537         25.2141         8.42605 
          1.241         24.4825         8.17494 
        1.25666         23.9397         7.93345 
        1.27241         23.6112         7.70059 
        1.28819         22.9995         7.47669 
        1.30392         22.7543         7.26234 
        1.31957         22.5627         7.05735 
        1.33529         22.2827         6.85953 
        1.35108         21.8011         6.66851 
        1.36674         21.4117         6.48613 
         1.3824         20.9144         6.31074 
        1.39811         20.8127         6.14125 
        1.41389         20.5307         5.97734 
        1.42964         20.0558         5.81969 
        1.44531         19.9393         5.66849 
        1.46101         19.4484         5.52234 
        1.47667         19.2594         5.38178 
        1.49229         19.0448         5.24649 
        1.50793         18.7695         5.11569 
        1.52367         18.5066         4.98851 
        1.53953         18.3627          4.8648 
        1.55526         17.9859         4.74627 
        1.57092         17.6926         4.63218 
        1.58662         17.5119         4.52156 
        1.60235         17.2725         4.41434 
        1.61809         17.0493         4.31055 
        1.63369          16.863         4.21101 
        1.64941         16.5518          4.1139 
        1.66519         16.4119          4.0195 
        1.68085         16.1742         3.92873 
        1.69652         15.9564         3.84074 
        1.71228         15.8447         3.75494 
        1.72806         15.5631         3.67169 
        1.74368         15.3459          3.5918 
        1.75933         15.1985         3.51413 
        1.77505         15.0885         3.43838 
        1.79081         14.8346         3.36474 
         1.8065         14.7268         3.29356 
        1.82218         14.5136         3.22451 
        1.83797         14.2527         3.15696 
        1.85367         14.1326         3.09172 
        1.86928         13.9993         3.02871 
        1.88497         13.7834         2.96711 
        1.90073         13.7696         2.90699 
        1.91647         13.5187          2.8486 
        1.93218         13.3847         2.79193 
        1.94787         13.2495         2.73688 
        1.96363         13.1631          2.6831 
        1.97935         13.0039         2.63087 
        1.99499         12.7886         2.58033 
        2.01064         12.7255         2.53103 
         2.0264          12.522         2.48272 
        2.04216         12.4086         2.43569 
        2.05781         12.2135         2.39017 
        2.07353         12.1417         2.34565 
        2.08928         12.0268         2.30217 
        2.10499          11.887          2.2599 
        2.12065          11.688         2.21882 
        2.13633         11.6644         2.17873 
        2.15211         11.4865         2.13937 
        2.16785         11.4079         2.10108 
        2.18349         11.2984         2.06397 
        2.19916         11.1923         2.02768 
        2.21489          11.067         1.99214 
        2.23063         10.9679         1.95743 
         2.2463         10.8411          1.9237 
        2.26194         10.7408         1.89085 
        2.27765         10.6582         1.85859 
        2.29341         10.5283           1.827 
        2.30914         10.4194         1.79621 
        2.32486          10.355         1.76614 
        2.34061         10.2458         1.73672 
        2.35635          10.121         1.70798 
        2.37203         10.0512            1.68 
        2.38768         9.93117          1.6527 
        2.40339         9.81049         1.62591 
        2.41914         9.74691         1.59964 
        2.43483          9.6998         1.57405 
         2.4505          9.5449         1.54906 
        2.46622         9.47578         1.52453 
        2.48195         9.41739         1.50052 
        2.49759         9.31485         1.47716 
        2.51328         9.20718         1.45424 
        2.52906         9.15266         1.43165 
        2.54479         9.04004         1.40963 
        2.56049         9.02041         1.38811 
        2.57618         8.93927         1.36706 
        2.59189         8.80616         1.34642 
        2.60758         8.77056         1.32623 
        2.62325          8.7185         1.30648 
        2.63898         8.59083         1.28706 
        2.65468         8.51546         1.26808 
        2.67044         8.42674          1.2494 
        2.68618         8.35577         1.23113 
        2.70184         8.29356         1.21331 
        2.71755         8.20823         1.19579 
        2.73329         8.13552         1.17859 
        2.74897         8.08432         1.16178 
        2.76462         8.03972         1.14534 
        2.78034         7.89431         1.12915 
        2.79607         7.87855         1.11325 
        2.81179         7.78845         1.09768 
        2.82749          7.7519         1.08242 
        2.84321         7.67175         1.06743 
        2.85893         7.61039         1.05273 
        2.87462         7.55787         1.03834 
        2.89033         7.48143         1.02419 
        2.90605         7.38155          1.0103 
        2.92176         7.37026        0.996676 
        2.93747         7.32511        0.983306 
        2.95318         7.22514        0.970179 
        2.96891         7.18333        0.957284 
        2.98456         7.11248        0.944681 
        3.00023         7.07711        0.932285 
        3.01596         7.00375        0.920073 
        3.03164         6.97752        0.908114 
        3.04738         6.90831        0.896332 
         3.0631         6.84805        0.884763 
        3.07883         6.78608        0.873396 
        3.09456         6.74755        0.862231 
        3.11026         6.68383        0.851278 
        3.12596         6.64606        0.840516 
        3.14163         6.57593        0.829964 
        3.15734         6.52387        0.819568 
        3.17308         6.47236        0.809325 
        3.18879         6.44039        0.799285 
        3.20447         6.36638        0.789429 
         3.2202         6.32957        0.779708 
         3.2359         6.27791        0.770168 
        3.25157         6.23548         0.76081 
        3.26729         6.19825        0.751579 
        3.28304         6.12295        0.742482 
        3.29877         6.08101        0.733548 
        3.31446         6.02505        0.724779 
        3.33014         5.99369        0.716162 
        3.34585         5.96941         0.70767 
        3.36158         5.92617        0.699304 
        3.37727         5.86626        0.691099 
        3.39294         5.83698        0.683032 
        3.40867         5.76869        0.675065 
        3.42439         5.73169        0.667229 
        3.44008         5.70168        0.659532 
        3.45578         5.64871        0.651951 
        3.47153         5.61354        0.644472 
        3.48724         5.57406        0.637123 
        3.50292         5.53085        0.629906 
        3.51859          5.4957        0.622803 
        3.53431          5.4575        0.615788 
        3.55007          5.4017        0.608863 
        3.56577         5.37466        0.602072 
        3.58146         5.33783        0.595387 
        3.59719         5.30189        0.588788 
        3.61292         5.26984        0.582291 
        3.62859         5.22824        0.575916 
        3.64429         5.18232        0.569624 
        3.66003         5.13653        0.563407 
        3.67578         5.10265        0.557284 
        3.69146         5.06612        0.551275 
        3.70712         5.04694        0.545366 
        3.72284         4.99864        0.539521 
        3.73853         4.96124        0.533772 
        3.75422         4.93181        0.528104 
        3.76993          4.9017        0.522513 
        3.78564         4.85254        0.517005 
        3.80137         4.83131        0.511568 
        3.81707         4.80034         0.50622 
        3.83279         4.76352        0.500944 
        3.84853         4.73213        0.495734 
        3.86424         4.69751        0.490608 
        3.87992         4.65584        0.485562 
        3.89561         4.62138        0.480587 
        3.91134         4.58503        0.475671 
        3.92704         4.56701         0.47083 
        3.94273         4.53021         0.46606 
        3.95845         4.49809        0.461348 
        3.97418         4.46514        0.456699 
        3.98988         4.44196        0.452121 
        4.00554         4.41395        0.447618 
        4.02125         4.37346        0.443163 
        4.03698         4.33293        0.438761 
        4.05268         4.31813         0.43443 
        4.06839         4.29264        0.430153 
         4.0841         4.25828        0.425935 
        4.09983         4.22795        0.421768 
        4.11555         4.20096        0.417658 
        4.13124         4.18588        0.413613 
        4.14693         4.12902        0.409619 
        4.16266         4.10156        0.405668 
        4.17839         4.06845        0.401772 
        4.19408         4.03704        0.397935 
        4.20977         4.01492        0.394147 
        4.22551         3.99774        0.390398 
        4.24123         3.96139        0.386702 
        4.25691         3.92547        0.383065 
        4.27259         3.91449        0.379472 
        4.28831         3.88822        0.375918 
        4.30404         3.84473        0.372406 
        4.31974         3.82723        0.368947 
        4.33543         3.80732        0.365533 
        4.35116         3.77053        0.362155 
        4.36688         3.74502         0.35882 
        4.38255         3.72141        0.355539 
        4.39825         3.69535        0.352293 
        4.41398         3.68079         0.34908 
         4.4297         3.64205         0.34591 
        4.44541         3.62822        0.342781 
        4.46111         3.60828        0.339692 
        4.47683         3.57357        0.336639 
        4.49251         3.54995         0.33363 
        4.50819         3.52432        0.330658 
         4.5239         3.50745        0.327718 
        4.53962         3.48952         0.32481 
        4.55535         3.45895        0.321936 
        4.57106         3.44021        0.319101 
        4.58678         3.43025        0.316299 
         4.6025         3.39426         0.31353 
        4.61821          3.3829        0.310794 
        4.63391         3.35669        0.308095 
         4.6496          3.3302        0.305428 
        4.66532         3.31582        0.302789 
        4.68103         3.29013        0.300183 
        4.69673         3.26672        0.297609 
        4.71241         3.24594        0.295068 
        4.72811         3.23089        0.292552 
        4.74384         3.21018        0.290063 
        4.75955         3.18939        0.287606 
        4.77525         3.16199        0.285179 
        4.79096         3.13996        0.282776 
        4.80669         3.13108        0.280401 
         4.8224          3.1093        0.278055 
        4.83809         3.09129        0.275738 
        4.85379         3.07602        0.273446 
         4.8695         3.04975        0.271179 
        4.88521         3.03813        0.268938 
        4.90093         3.01811        0.266722 
        4.91663         2.99841        0.264533 
        4.93234         2.98126        0.262366 
        4.94807         2.96403        0.260221 
        4.96377         2.94799        0.258105 
        4.97943         2.92523        0.256017 
        4.99514         2.90861        0.253946 
        5.01086         2.88581        0.251896 
        5.02654         2.87372        0.249875 
        5.04227         2.85532        0.247869 
          5.058         2.83899        0.245885 
        5.07371         2.81791        0.243926 
        5.08942         2.80166        0.241988 
        5.10513         2.78946         0.24007 
        5.12084         2.77459        0.238173 
        5.13656         2.75567        0.236296 
        5.15225         2.73836        0.234443 
        5.16796         2.72468        0.232607 
        5.18369         2.70941        0.230788 
         5.1994         2.69184        0.228993 
        5.21509         2.67737        0.227217 
        5.23079         2.66054        0.225459 
        5.24649           2.647        0.223721 
        5.26217         2.62604        0.222002 
        5.27788         2.61079        0.220298 
        5.29359         2.60064        0.218612 
        5.30933          2.5846        0.216941 
        5.32504         2.57084        0.215291 
        5.34073         2.55559        0.213659 
        5.35646         2.53965        0.212041 
        5.37218         2.52278         0.21044 
        5.38789         2.51008        0.208857 
        5.40357         2.49402        0.207293 
        5.41929         2.48344        0.205741 
        5.43502          2.4704        0.204204 
         5.4507         2.45937        0.202687 
        5.46639         2.44009        0.201185 
        5.48212         2.42618        0.199695 
        5.49786         2.41247        0.198218 
        5.51353         2.40288        0.196764 
        5.52921         2.38646        0.195322 
        5.54495         2.37338         0.19389 
        5.56066         2.36604        0.192475 
        5.57637         2.34977        0.191074 
        5.59207         2.34001        0.189687 
        5.60778         2.32565        0.188314 
        5.62346         2.31038        0.186957 
        5.63916         2.29954        0.185612 
        5.65487         2.28504        0.184279 
         5.6706         2.27521        0.182957 
        5.68633         2.25878        0.181648 
        5.70203         2.24342        0.180355 
        5.71773         2.23752        0.179074 
        5.73344         2.22829        0.177805 
        5.74916         2.21083        0.176547 
        5.76486         2.20171        0.175303 
        5.78054         2.19082        0.174073 
        5.79626         2.17629        0.172851 
          5.812         2.16906        0.171639 
         5.8277         2.15594        0.170443 
        5.84339         2.14604        0.169258 
        5.85911         2.13634        0.168082 
        5.87484         2.12475        0.166917 
        5.89053         2.11118        0.165766 
        5.90623         2.10466        0.164625 
        5.92195         2.08888        0.163493 
        5.93767         2.08007        0.162372 
        5.95336         2.06959        0.161263 
        5.96905         2.05822        0.160165 
        5.98476         2.04713        0.159076 
        6.00048         2.03835        0.157996 
        6.01617         2.02619        0.156928 
        6.03185         2.01386        0.155871 
        6.04756         2.00836        0.154821 
        6.06331         1.99158        0.153779 
        6.07903         1.98528        0.152748 
        6.09473         1.97644        0.151728 
        6.11044         1.96581        0.150716 
        6.12616         1.95135        0.149713 
        6.14186         1.94791        0.148721 
        6.15755         1.94069        0.147737 
        6.17326         1.92785        0.146762 
        6.18898         1.91756        0.145795 
        6.20467         1.90891        0.144838 
        6.22036         1.89786         0.14389 
         6.2361         1.89379        0.142948 
         6.2518          1.8785        0.142016 
        6.26748         1.87333        0.141094 
        6.28319         1.86513        0.140178 
        6.29893         1.85262        0.139269 
        6.31463         1.84623         0.13837 
        6.33033         1.83526        0.137479 
        6.34604         1.82738        0.136595 
        6.36177         1.82008        0.135718 
        6.37747         1.80863        0.134851 
        6.39316         1.80446        0.133991 
        6.40888         1.79161        0.133137 
         6.4246         1.78819        0.132291 
        6.44031         1.77758        0.131452 
        6.45601         1.76665        0.130622 
        6.47172          1.7591        0.129798 
        6.48744         1.75076         0.12898 
        6.50313         1.74702        0.128171 
        6.51882         1.73652         0.12737 
        6.53452         1.72703        0.126574 
        6.55025         1.72002        0.125784 
        6.56597         1.71302        0.125001 
        6.58166         1.70316        0.124226 
        6.59736         1.69457        0.123457 
        6.61307         1.68973        0.122694 
         6.6288         1.68167        0.121937 
         6.6445          1.6709        0.121188 
         6.6602         1.66622        0.120444 
        6.67592         1.65892        0.119706 
        6.69164         1.65176        0.118975 
        6.70735         1.64302         0.11825 
        6.72304         1.64029        0.117532 
        6.73874         1.63206        0.116819 
        6.75446         1.62345        0.116111 
        6.77016         1.61831        0.115411 
        6.78585         1.60965        0.114716 
        6.80156         1.60248        0.114026 
        6.81729         1.59758        0.113341 
        6.83301         1.59154        0.112662 
         6.8487         1.58439         0.11199 
         6.8644         1.57689        0.111323 
        6.88012         1.57027         0.11066 
        6.89583         1.56473        0.110004 
        6.91151         1.55789        0.109354 
        6.92723         1.54826        0.108707 
        6.94296         1.54454        0.108065 
        6.95866         1.53673         0.10743 
        6.97436         1.53048          0.1068 
        6.99007         1.52552        0.106174 
        7.00578          1.5191        0.105554 
        7.02147         1.51345        0.104939 
        7.03718         1.50702        0.104329 
         7.0529         1.49752        0.103722 
        7.06863         1.49628        0.103121 
        7.08433         1.48795        0.102525 
        7.10004         1.48153        0.101933 
        7.11575         1.47522        0.101347 
        7.13145         1.46812        0.100765 
        7.14715         1.46411        0.100187 
        7.16284         1.45783       0.0996151 
        7.17855         1.45158       0.0990462 
        7.19428         1.44811       0.0984812 
        7.20998         1.44202       0.0979217 
        7.22568         1.43439       0.0973666 
        7.24139          1.4293       0.0968154 
        7.25711         1.42214       0.0962684 
        7.27282         1.41954       0.0957255 
        7.28852          1.4123       0.0951875 
        7.30423           1.407        0.094653 
        7.31995         1.40085       0.0941227 
        7.33565         1.39652       0.0935967 
        7.35135          1.3919       0.0930747 
        7.36706         1.38557       0.0925567 
        7.38277         1.37812       0.0920423 
        7.39847         1.37481       0.0915321 
        7.41419         1.37051       0.0910255 
         7.4299          1.3657       0.0905228 
        7.44561         1.36171       0.0900239 
        7.46132         1.35496       0.0895288 
        7.47701         1.35007        0.089038 
        7.49272         1.34542       0.0885503 
        7.50842         1.34005       0.0880665 
         7.5241         1.33647       0.0875869 
        7.53981         1.33107       0.0871102 
        7.55552         1.32557       0.0866368 
        7.57125         1.32124       0.0861664 
        7.58698          1.3172       0.0856995 
        7.60268         1.31127       0.0852369 
         7.6184         1.30834       0.0847773 
        7.63411         1.30413       0.0843211 
        7.64981         1.29793       0.0838686 
        7.66552         1.29313       0.0834194 
        7.68123         1.28946       0.0829733 
        7.69695         1.28475       0.0825302 
        7.71264         1.27904        0.082091 
        7.72834           1.276       0.0816549 
        7.74407         1.27016       0.0812212 
        7.75978         1.26639       0.0807908 
        7.77546         1.26343       0.0803647 
        7.79116         1.25765       0.0799411 
         7.8069         1.25354       0.0795196 
         7.8226         1.25057       0.0791018 
        7.83828         1.24442       0.0786878 
        7.85399         1.24149       0.0782761 
        7.86972         1.23865       0.0778665 
        7.88543           1.233       0.0774606 
        7.90111          1.2307       0.0770583 
        7.91681          1.2262       0.0766582 
        7.93255         1.21886       0.0762602 
        7.94828         1.21664       0.0758651 
        7.96397         1.21543       0.0754736 
        7.97967         1.21054       0.0750848 
        7.99538         1.20498       0.0746985 
         8.0111         1.20096       0.0743149 
         8.0268         1.19692       0.0739341 
        8.04248         1.19438       0.0735565 
         8.0582         1.19238       0.0731808 
        8.07393         1.18864       0.0728074 
        8.08963         1.18329       0.0724372 
        8.10533         1.18009       0.0720697 
        8.12104         1.17677       0.0717044 
        8.13675         1.17352       0.0713417 
        8.15245         1.16926       0.0709817 
        8.16815         1.16592       0.0706243 
        8.18387         1.16259       0.0702688 
        8.19959         1.15918       0.0699157 
         8.2153         1.15722       0.0695653 
        8.23101         1.15251       0.0692173 
        8.24672         1.14922       0.0688716 
        8.26241         1.14567       0.0685289 
         8.2781         1.14313       0.0681884 
        8.29381         1.13968       0.0678497 
        8.30952         1.13531       0.0675134 
        8.32524         1.13219       0.0671791 
        8.34095         1.12984       0.0668473 
        8.35666         1.12607       0.0665178 
        8.37237         1.12269       0.0661904 
        8.38808         1.12021       0.0658653 
        8.40379         1.11832       0.0655424 
         8.4195         1.11413       0.0652217 
         8.4352         1.10935       0.0649031 
        8.45091         1.10834       0.0645867 
        8.46662         1.10445       0.0642723 
        8.48232         1.10122       0.0639602 
        8.49802         1.10023       0.0636501 
        8.51374          1.0951       0.0633418 
        8.52945         1.09171       0.0630356 
        8.54515         1.09026       0.0627317 
        8.56086         1.08646       0.0624294 
        8.57658         1.08393       0.0621292 
        8.59228         1.07974       0.0618312 
        8.60799         1.07771       0.0615349 
        8.62371         1.07531       0.0612406 
        8.63942         1.07268       0.0609482 
        8.65512         1.06908       0.0606579 
        8.67082         1.06626       0.0603695 
        8.68653          1.0645       0.0600828 
        8.70224         1.06132        0.059798 
        8.71795         1.05871       0.0595151 
        8.73365         1.05714        0.059234 
        8.74936         1.05321       0.0589547 
        8.76506         1.05272       0.0586774 
        8.78076         1.04838       0.0584018 
        8.79646         1.04564        0.058128 
        8.81218          1.0434       0.0578556 
        8.82791          1.0405       0.0575848 
         8.8436          1.0384       0.0573162 
         8.8593         1.03498       0.0570495 
        8.87503         1.03321       0.0567837 
        8.89076         1.03038       0.0565198 
        8.90644         1.02974       0.0562582 
        8.92214         1.02523       0.0559981 
        8.93786         1.02312       0.0557393 
        8.95357         1.02056       0.0554822 
        8.96928          1.0208       0.0552268 
        8.98498         1.01688       0.0549731 
        9.00069         1.01363       0.0547209 
        9.01639          1.0119       0.0544703 
        9.03208         1.01034       0.0542216 
        9.04778         1.00746       0.0539741 
        9.06351         1.00472       0.0537279 
        9.07923         1.00456       0.0534833 
        9.09493        0.999981       0.0532405 
        9.11062        0.999838       0.0529993 
        9.12635        0.996676       0.0527592 
        9.14207         0.99454       0.0525206 
        9.15777        0.993327       0.0522838 
        9.17346        0.991152       0.0520485 
        9.18917         0.98867       0.0518144 
         9.2049        0.985902       0.0515815 
        9.22061        0.984957       0.0513503 
        9.23631        0.982606       0.0511206 
        9.25201        0.980923       0.0508924 
        9.26773         0.97816       0.0506654 
        9.28343        0.976192       0.0504398 
        9.29913        0.973612       0.0502157 
        9.31484        0.972071       0.0499928 
        9.33057        0.970609        0.049771 
        9.34627        0.968751       0.0495508 
        9.36197        0.966866       0.0493322 
        9.37768        0.966049       0.0491146 
        9.39338        0.963347       0.0488985 
        9.40909        0.961424       0.0486836 
        9.42479        0.959841       0.0484701 
         9.4405        0.956512       0.0482578 
        9.45621        0.955616       0.0480467 
        9.47193        0.954249       0.0478369 
        9.48763        0.952855       0.0476285 
        9.50334         0.95074       0.0474212 
        9.51906        0.949191       0.0472151 
        9.53476        0.946987       0.0470105 
        9.55045        0.945602        0.046807 
        9.56616        0.943391       0.0466047 
        9.58188        0.942701       0.0464032 
        9.59759        0.939597       0.0462031 
         9.6133        0.938153       0.0460042 
        9.62901        0.937336       0.0458063 
        9.64471        0.935807       0.0456096 
        9.66041        0.933559        0.045414 
        9.67612        0.932093       0.0452194 
        9.69184        0.930635       0.0450258 
        9.70754        0.929007       0.0448336 
        9.72324        0.927829       0.0446426 
        9.73895        0.926733       0.0444527 
        9.75467        0.924914       0.0442639 
        9.77038        0.924728       0.0440765 
        9.78607        0.921929       0.0438905 
        9.80177        0.921517       0.0437057 
        9.81749        0.918485        0.043522 
         9.8332        0.918004       0.0433397 
         9.8489        0.915896       0.0431587 
        9.86463        0.914503       0.0429785 
        9.88035        0.914246       0.0427994 
        9.89606        0.912439       0.0426213 
        9.91175        0.911729        0.042444 
        9.92745        0.910251       0.0422674 
        9.94317        0.909347       0.0420911 
        9.95888        0.907275       0.0419153 
        9.97458        0.905696       0.0417398 
        9.99029        0.904845       0.0415645 
         10.006        0.903728       0.0414562 
        10.0217        0.902659       0.0414562 
        10.0374        0.900209       0.0414562 
        10.0531        0.899612       0.0414562 
        10.0688        0.898986       0.0414562 
        10.0845        0.898742       0.0414562 
        10.1002         0.89697       0.0414562 
        10.1159        0.895231       0.0414562 
        10.1317        0.893912       0.0414562 
        10.1474        0.893724       0.0414562 
        10.1631        0.891276       0.0414562 
        10.1788        0.890399       0.0414562 
        10.1945        0.890011       0.0414562 
        10.2102        0.888542       0.0414562 
        10.2259        0.887117       0.0414562 
        10.2416        0.886865       0.0414562 
        10.2573        0.886538       0.0414562 
         10.273        0.885391       0.0414562 
        10.2887        0.882964       0.0414562 
        10.3044        0.883775       0.0414562 
        10.3201        0.882492       0.0414562 
        10.3359        0.880978       0.0414562 
        10.3516        0.880627       0.0414562 
        10.3673        0.879316       0.0414562 
         10.383        0.878107       0.0414562 
        10.3987        0.877184       0.0414562 
        10.4144         0.87657       0.0414562 
        10.4301        0.876574       0.0414562 
        10.4458        0.876781       0.0414562 
        10.4615        0.874933       0.0414562 
        10.4772         0.87389       0.0414562 
        10.4929        0.872648       0.0414562 
        10.5086        0.871782       0.0414562 
        10.5244        0.870265       0.0414562 
        10.5401          0.8719       0.0414562 
        10.5558         0.87033       0.0414562 
        10.5715        0.870512       0.0414562 
        10.5872        0.869406       0.0414562 
        10.6029        0.868747       0.0414562 
        10.6186        0.868064       0.0414562 
        10.6343        0.867716       0.0414562 
          10.65        0.867209       0.0414562 
        10.6657        0.865702       0.0414562 
        10.6814         0.86525       0.0414562 
        10.6971        0.865082       0.0414562 
        10.7129        0.864985       0.0414562 
        10.7286        0.864252       0.0414562 
        10.7443        0.863837       0.0414562 
          10.76        0.862922       0.0414562 
        10.7757        0.862981       0.0414562 
        10.7914        0.862078       0.0414562 
        10.8071        0.862541       0.0414562 
        10.8228         0.86131       0.0414562 
        10.8385        0.861693       0.0414562 
        10.8542        0.859979       0.0414562 
        10.8699        0.859544       0.0414562 
        10.8856        0.858682       0.0414562 
        10.9014        0.859498       0.0414562 
        10.9171        0.858988       0.0414562 
        10.9328        0.858606       0.0414562 
        10.9485        0.858992       0.0414562 
        10.9642        0.857842       0.0414562 
        10.9799        0.857664       0.0414562 
        10.9956        0.858532       0.0414562 
        11.0113        0.857465       0.0414562 
         11.027        0.857671       0.0414562 
        11.0427        0.858183       0.0414562 
        11.0584         0.85744       0.0414562 
        11.0741        0.856824       0.0414562 
        11.0898        0.857592       0.0414562 
        11.1055        0.857823       0.0414562 
        11.1212        0.856458       0.0414562 
         11.137        0.856408       0.0414562 
        11.1527        0.856591       0.0414562 
        11.1684         0.85697       0.0414562 
        11.1841        0.856758       0.0414562 
        11.1998        0.856752       0.0414562 
        11.2155         0.85647       0.0414562 
        11.2312        0.856529       0.0414562 
        11.2469        0.857219       0.0414562 
        11.2626        0.857641       0.0414562 
        11.2783        0.856925       0.0414562 
         11.294        0.856328       0.0414562 
        11.3097        0.857128       0.0414562 
        11.3254        0.857452       0.0414562 
        11.3412        0.857497       0.0414562 
        11.3569        0.858489       0.0414562 
        11.3726         0.85807       0.0414562 
        11.3883        0.858788       0.0414562 
         11.404         0.85917       0.0414562 
        11.4197        0.859079       0.0414562 
        11.4354        0.858419       0.0414562 
        11.4511        0.859032       0.0414562 
        11.4668        0.859524       0.0414562 
        11.4825        0.860641       0.0414562 
        11.4982        0.860086       0.0414562 
         11.514        0.860969       0.0414562 
        11.5297        0.861509       0.0414562 
        11.5454         0.86203       0.0414562 
        11.5611        0.862672       0.0414562 
        11.5768        0.862323       0.0414562 
        11.5925        0.862797       0.0414562 
        11.6082        0.864356       0.0414562 
        11.6239         0.86526       0.0414562 
        11.6396         0.86438       0.0414562 
        11.6553        0.865412       0.0414562 
         11.671        0.866059       0.0414562 
        11.6867        0.866206       0.0414562 
        11.7024        0.866955       0.0414562 
        11.7182        0.868048       0.0414562 
        11.7339         0.86945       0.0414562 
        11.7496        0.869068       0.0414562 
        11.7653        0.870278       0.0414562 
         11.781        0.870867       0.0414562 
        11.7967        0.872119       0.0414562 
        11.8124        0.872482       0.0414562 
        11.8281        0.873507       0.0414562 
        11.8438        0.874828       0.0414562 
        11.8595        0.875736       0.0414562 
        11.8752        0.875998       0.0414562 
         11.891        0.877436       0.0414562 
        11.9067        0.877599       0.0414562 
        11.9224        0.880029       0.0414562 
        11.9381        0.880558       0.0414562 
        11.9538        0.881185       0.0414562 
        11.9695        0.882594       0.0414562 
        11.9852        0.883267       0.0414562 
        12.0009        0.884819       0.0414562 
        12.0166        0.885957       0.0414562 
        12.0323        0.887206       0.0414562 
         12.048         0.88785       0.0414562 
        12.0637        0.889753       0.0414562 
