# k  (h/Mpc)    Pcb(k)  (Mpc/h)^3    Pcb_linear(k) (Mpc/h)^3   ShotnoiseSubtracted = true
      0.0200456           16803         17132.3 
      0.0350414         10400.6         10729.8 
      0.0492313         7003.07         7031.91 
      0.0637834         6030.51         5842.21 
      0.0800726         4816.18         4714.81 
       0.096163         3159.21         3188.07 
       0.111083         2408.14         2390.89 
       0.126058         2246.33         2173.02 
       0.142273         1992.45         1904.34 
       0.158546         1646.02         1445.27 
        0.17375         1273.64         1157.64 
       0.188953         1241.37         1059.33 
       0.204907         1176.67         970.213 
       0.220756         998.577         811.322 
        0.23588         874.542         679.726 
         0.2514         754.968         613.546 
       0.267535         742.318         568.284 
       0.283568         672.793         502.778 
       0.299022         628.561         438.548 
       0.314451         591.466         396.231 
       0.330372         543.688         367.172 
       0.346141         495.168         335.649 
       0.361624          478.83         302.456 
       0.377134         441.564         275.511 
       0.392932         419.888         255.319 
       0.408854         404.437         236.616 
       0.424564         379.376         217.667 
       0.440253         370.927          200.58 
       0.455999         347.972         186.563 
       0.471626         329.816         174.383 
        0.48727         316.015         162.607 
       0.502856         306.149         151.612 
       0.518488         303.114         141.887 
       0.534347         284.021         133.182 
       0.550082         268.849         125.162 
       0.565732         265.316         117.663 
       0.581496         250.195         110.755 
       0.597222         245.106         104.525 
       0.612804         238.111         98.8376 
       0.628434         228.516         93.5109 
       0.644267         221.517         88.4858 
       0.660051         218.194         83.8773 
       0.675724         213.212         79.6479 
       0.691403         207.061          75.707 
       0.707174         199.884          72.009 
       0.722871         196.437         68.5715 
        0.73838         193.234         65.3943 
       0.754018         188.578          62.394 
       0.769845         182.195          59.549 
        0.78569         181.127         56.8788 
       0.801365         174.289         54.3991 
       0.817031         169.105         52.0697 
       0.832809         168.142         49.8629 
       0.848511         162.681         47.7952 
       0.864097         161.131         45.8603 
       0.879701          157.72         44.0317 
       0.895507         153.471         42.2823 
       0.911279         149.064         40.6325 
        0.92691         149.243         39.0852 
       0.942635          144.83         37.6107 
       0.958396         144.339         36.2099 
       0.974128         140.586         34.8835 
       0.989692         137.932         33.6373 
        1.00528         135.784         32.4506 
        1.02113         134.285         31.3031 
        1.03692         131.003         30.2156 
        1.05264         128.112         29.1852 
        1.06832         125.966         28.2048 
        1.08405         124.351         27.2671 
        1.09979         123.158         26.3718 
        1.11537         120.318         25.5259 
        1.13105          118.72         24.7122 
        1.14679         118.056         23.9312 
        1.16256         116.468         23.1826 
        1.17828         114.314         22.4687 
        1.19395         112.141         21.7874 
         1.2097          110.99         21.1312 
        1.22537         109.889         20.5053 
          1.241         107.936         19.9069 
        1.25666         106.409          19.331 
        1.27241         104.182         18.7753 
        1.28819         103.569         18.2407 
        1.30392         101.285         17.7287 
        1.31957         101.031         17.2387 
        1.33529         98.4626         16.7655 
        1.35108         97.6623         16.3084 
        1.36674         96.7808         15.8716 
         1.3824         95.1175         15.4514 
        1.39811         93.9131         15.0451 
        1.41389         92.8302          14.652 
        1.42964         90.7915         14.2737 
        1.44531         89.4491         13.9106 
        1.46101         88.3904         13.5595 
        1.47667         88.0569         13.2216 
        1.49229         86.5816         12.8963 
        1.50793         85.7265         12.5815 
        1.52367         84.4315         12.2754 
        1.53953         83.2663         11.9774 
        1.55526         82.7058         11.6917 
        1.57092         82.1381         11.4166 
        1.58662         79.9249         11.1498 
        1.60235         79.8855          10.891 
        1.61809         78.5694         10.6403 
        1.63369         77.8012         10.3998 
        1.64941         77.3512         10.1651 
        1.66519         75.4277         9.93681 
        1.68085         75.3823         9.71719 
        1.69652         73.5397         9.50418 
        1.71228         73.4236         9.29638 
        1.72806          72.686         9.09467 
        1.74368         71.6708         8.90099 
        1.75933         70.4678         8.71261 
        1.77505         70.1829         8.52882 
        1.79081         68.9744         8.35004 
         1.8065         68.0909         8.17717 
        1.82218         67.3875         8.00938 
        1.83797          66.485         7.84518 
        1.85367          66.265         7.68651 
        1.86928         65.5332          7.5332 
        1.88497         64.5592         7.38326 
        1.90073         63.8174         7.23687 
        1.91647         63.2763         7.09461 
        1.93218         62.5408         6.95648 
        1.94787         61.9438         6.82226 
        1.96363         61.1961         6.69107 
        1.97935         60.7214         6.56361 
        1.99499         59.9574         6.44021 
        2.01064          59.254         6.31983 
         2.0264          58.357         6.20178 
        2.04216         57.9376         6.08681 
        2.05781         57.2059         5.97551 
        2.07353         56.1841          5.8666 
        2.08928         55.8672         5.76018 
        2.10499          55.162         5.65671 
        2.12065         54.9271         5.55609 
        2.13633         54.2947         5.45785 
        2.15211         53.9303         5.36137 
        2.16785         53.3447         5.26749 
        2.18349         52.9623         5.17647 
        2.19916         52.1454         5.08741 
        2.21489          51.811         5.00016 
        2.23063         51.4038         4.91492 
         2.2463         50.6086         4.83205 
        2.26194         49.9577         4.75131 
        2.27765         49.9974           4.672 
        2.29341         49.1533         4.59431 
        2.30914         48.5007         4.51856 
        2.32486         47.7891         4.44456 
        2.34061         47.6638         4.37211 
        2.35635         46.8143         4.30134 
        2.37203         46.4629         4.23239 
        2.38768         45.9387          4.1651 
        2.40339         45.6132         4.09904 
        2.41914          45.171         4.03427 
        2.43483         44.8816         3.97113 
         2.4505         44.6313         3.90945 
        2.46622         43.7585         3.84887 
        2.48195         43.6176         3.78959 
        2.49759         42.8793         3.73187 
        2.51328         42.5577         3.67521 
        2.52906         42.0974         3.61937 
        2.54479         41.7775         3.56491 
        2.56049         41.1429         3.51167 
        2.57618         41.0128         3.45958 
        2.59189         40.3507         3.40847 
        2.60758         40.2427         3.35847 
        2.62325          39.656         3.30955 
        2.63898         39.3445         3.26143 
        2.65468         38.7872         3.21437 
        2.67044         38.3072         3.16805 
        2.68618         38.0607         3.12274 
        2.70184         37.7196         3.07851 
        2.71755          37.305         3.03503 
        2.73329         37.0909         2.99233 
        2.74897         36.5418         2.95059 
        2.76462         36.2595         2.90974 
        2.78034         36.0056          2.8695 
        2.79607         35.5853         2.82998 
        2.81179         35.2789         2.79126 
        2.82749          34.835          2.7533 
        2.84321         34.5548         2.71601 
        2.85893         34.3191         2.67943 
        2.87462         33.9324         2.64358 
        2.89033         33.5272         2.60836 
        2.90605          33.275         2.57376 
        2.92176         32.9513          2.5398 
        2.93747         32.6191         2.50648 
        2.95318          32.285         2.47375 
        2.96891         32.0316         2.44159 
        2.98456         31.7576         2.41014 
        3.00023         31.3569         2.37921 
        3.01596         31.1103         2.34873 
        3.03164         30.8946         2.31886 
        3.04738         30.5876         2.28944 
         3.0631         30.1924         2.26053 
        3.07883         29.9584         2.23213 
        3.09456          29.762         2.20422 
        3.11026         29.4756         2.17683 
        3.12596         29.1629         2.14991 
        3.14163         28.9143         2.12351 
        3.15734         28.5844          2.0975 
        3.17308         28.3501         2.07186 
        3.18879         28.1732         2.04672 
        3.20447         27.8609         2.02203 
         3.2202          27.535         1.99768 
         3.2359         27.4216         1.97377 
        3.25157         27.0653         1.95032 
        3.26729         26.8956         1.92717 
        3.28304         26.6034         1.90436 
        3.29877         26.3553         1.88194 
        3.31446         26.0809         1.85994 
        3.33014         25.9283         1.83831 
        3.34585          25.648         1.81699 
        3.36158         25.4001         1.79598 
        3.37727         25.2657         1.77537 
        3.39294         24.9435         1.75511 
        3.40867         24.7642         1.73508 
        3.42439         24.5199         1.71539 
        3.44008          24.404         1.69603 
        3.45578         24.0393         1.67697 
        3.47153         23.8425         1.65815 
        3.48724         23.6185         1.63966 
        3.50292         23.4887         1.62149 
        3.51859         23.2138         1.60361 
        3.53431         23.0566         1.58594 
        3.55007         22.8527          1.5685 
        3.56577         22.6049         1.55139 
        3.58146         22.3972         1.53454 
        3.59719         22.2162         1.51791 
        3.61292         22.0364         1.50153 
        3.62859         21.8033         1.48545 
        3.64429         21.6342         1.46958 
        3.66003         21.4369         1.45389 
        3.67578         21.3038         1.43844 
        3.69146         21.1337         1.42327 
        3.70712         20.8728         1.40835 
        3.72284         20.7548         1.39359 
        3.73853         20.5756         1.37907 
        3.75422         20.4028         1.36475 
        3.76993         20.1969         1.35062 
        3.78564         19.9918         1.33669 
        3.80137         19.8474         1.32295 
        3.81707         19.6748         1.30942 
        3.83279         19.4748         1.29607 
        3.84853         19.3517         1.28289 
        3.86424         19.1668         1.26992 
        3.87992         19.0345         1.25715 
        3.89561         18.8321         1.24455 
        3.91134         18.7012          1.2321 
        3.92704         18.5111         1.21983 
        3.94273         18.3728         1.20775 
        3.95845         18.2044         1.19581 
        3.97418         18.0864         1.18402 
        3.98988          17.902         1.17242 
        4.00554         17.7414           1.161 
        4.02125         17.6888          1.1497 
        4.03698         17.4529         1.13853 
        4.05268         17.3166         1.12754 
        4.06839         17.1374         1.11668 
         4.0841         17.0082         1.10598 
        4.09983         16.8888         1.09539 
        4.11555         16.7305         1.08496 
        4.13124         16.6291         1.07468 
        4.14693         16.5059         1.06453 
        4.16266         16.3302         1.05449 
        4.17839         16.2156         1.04459 
        4.19408         16.0987         1.03483 
        4.20977         15.9617          1.0252 
        4.22551         15.7945         1.01566 
        4.24123         15.6831         1.00626 
        4.25691         15.5462        0.997005 
        4.27259         15.4554        0.987861 
        4.28831         15.3187        0.978814 
        4.30404         15.2299        0.969872 
        4.31974          15.064        0.961062 
        4.33543           14.94        0.952367 
        4.35116         14.8155        0.943759 
        4.36688          14.716         0.93526 
        4.38255         14.5998        0.926899 
        4.39825         14.4903        0.918622 
        4.41398         14.3478         0.91043 
         4.4297         14.2465        0.902347 
        4.44541          14.108        0.894363 
        4.46111         14.0077        0.886483 
        4.47683         13.8954        0.878693 
        4.49251         13.7914        0.871012 
        4.50819         13.6767        0.863425 
         4.5239         13.5803        0.855918 
        4.53962         13.4634        0.848491 
        4.55535         13.3632        0.841149 
        4.57106         13.2488        0.833905 
        4.58678         13.1592        0.826745 
         4.6025         13.0115        0.819668 
        4.61821         12.9333        0.812675 
        4.63391         12.8617        0.805773 
         4.6496         12.7585        0.798954 
        4.66532         12.6297        0.792203 
        4.68103         12.5274        0.785534 
        4.69673         12.4621        0.778949 
        4.71241         12.3399        0.772445 
        4.72811         12.2495        0.766006 
        4.74384         12.1664        0.759632 
        4.75955         12.0787         0.75334 
        4.77525         11.9832        0.747123 
        4.79096         11.8989         0.74097 
        4.80669         11.8003        0.734882 
         4.8224         11.7182        0.728871 
        4.83809         11.6345        0.722933 
        4.85379         11.5303        0.717058 
         4.8695         11.4432        0.711243 
        4.88521         11.3674        0.705496 
        4.90093         11.3013        0.699812 
        4.91663         11.1973        0.694195 
        4.93234         11.1465        0.688635 
        4.94807         11.0454        0.683132 
        4.96377         10.9743        0.677699 
        4.97943         10.8847        0.672337 
        4.99514         10.7992         0.66702 
        5.01086         10.7201        0.661756 
        5.02654         10.6152        0.656563 
        5.04227         10.5584         0.65141 
          5.058         10.4815        0.646311 
        5.07371         10.4088        0.641276 
        5.08942         10.3238        0.636294 
        5.10513         10.2466        0.631365 
        5.12084         10.1894        0.626486 
        5.13656         10.1187         0.62166 
        5.15225         10.0356        0.616892 
        5.16796         9.96361        0.612168 
        5.18369         9.89486        0.607488 
         5.1994         9.83667        0.602867 
        5.21509         9.76231        0.598297 
        5.23079         9.67919         0.59377 
        5.24649         9.60791        0.589293 
        5.26217         9.54501        0.584866 
        5.27788         9.49176        0.580478 
        5.29359          9.3932        0.576134 
        5.30933         9.32554        0.571829 
        5.32504          9.2651        0.567575 
        5.34073         9.18831        0.563369 
        5.35646         9.14064        0.559198 
        5.37218         9.08327        0.555068 
        5.38789         8.99232        0.550987 
        5.40357         8.97216        0.546951 
        5.41929         8.89076        0.542947 
        5.43502         8.85711        0.538983 
         5.4507         8.76498        0.535068 
        5.46639         8.69983        0.531192 
        5.48212         8.64234        0.527345 
        5.49786         8.58448        0.523531 
        5.51353         8.51866        0.519775 
        5.52921         8.46951        0.516051 
        5.54495             8.4        0.512353 
        5.56066         8.35831        0.508696 
        5.57637         8.31629        0.505075 
        5.59207         8.24046        0.501492 
        5.60778         8.16872        0.497944 
        5.62346         8.12643        0.494434 
        5.63916         8.07195        0.490955 
        5.65487         7.99734        0.487508 
         5.6706         7.96375         0.48409 
        5.68633         7.92023        0.480703 
        5.70203         7.86892        0.477356 
        5.71773         7.78579        0.474042 
        5.73344         7.74136        0.470757 
        5.74916         7.70427        0.467501 
        5.76486         7.64301         0.46428 
        5.78054         7.60474        0.461094 
        5.79626         7.55488         0.45793 
          5.812         7.50149        0.454792 
         5.8277         7.44538        0.451693 
        5.84339         7.41013        0.448622 
        5.85911         7.35307        0.445575 
        5.87484         7.30681        0.442556 
        5.89053         7.25119        0.439572 
        5.90623         7.20082        0.436613 
        5.92195         7.15338        0.433677 
        5.93767         7.11705         0.43077 
        5.95336         7.05573        0.427894 
        5.96905         7.01006        0.425046 
        5.98476         6.96573        0.422219 
        6.00048         6.92937        0.419417 
        6.01617         6.88701        0.416645 
        6.03185         6.84231        0.413901 
        6.04756          6.7993        0.411176 
        6.06331          6.7532        0.408469 
        6.07903         6.71111        0.405792 
        6.09473         6.66597        0.403142 
        6.11044         6.62203        0.400513 
        6.12616         6.57828        0.397909 
        6.14186         6.53467         0.39533 
        6.15755          6.4892        0.392774 
        6.17326         6.45489        0.390238 
        6.18898         6.40911        0.387725 
        6.20467         6.37277        0.385237 
        6.22036         6.32491        0.382772 
         6.2361         6.28888        0.380322 
         6.2518         6.25016        0.377897 
        6.26748         6.20845        0.375499 
        6.28319         6.18006        0.373115 
        6.29893         6.14266         0.37075 
        6.31463         6.08826         0.36841 
        6.33033         6.05194         0.36609 
        6.34604         6.02332        0.363789 
        6.36177         5.98919        0.361506 
        6.37747         5.95174        0.359246 
        6.39316         5.90801        0.357007 
        6.40888         5.87466        0.354783 
         6.4246         5.84009        0.352578 
        6.44031         5.80458        0.350393 
        6.45601         5.75826        0.348229 
        6.47172          5.7318         0.34608 
        6.48744         5.69904         0.34395 
        6.50313         5.66174        0.341841 
        6.51882         5.62748         0.33975 
        6.53452          5.5934        0.337675 
        6.55025         5.55368        0.335613 
        6.56597         5.53141        0.333572 
        6.58166         5.48308         0.33155 
        6.59736         5.45789        0.329544 
        6.61307         5.42936        0.327553 
         6.6288         5.39188        0.325577 
         6.6445         5.35429         0.32362 
         6.6602         5.32911         0.32168 
        6.67592         5.28978        0.319753 
        6.69164         5.26289        0.317843 
        6.70735         5.23354        0.315949 
        6.72304         5.19973        0.314072 
        6.73874         5.16636        0.312211 
        6.75446         5.13675        0.310362 
        6.77016         5.11025        0.308531 
        6.78585         5.07674        0.306714 
        6.80156           5.047        0.304912 
        6.81729         5.01093        0.303121 
        6.83301         4.98891        0.301345 
         6.8487         4.95688        0.299587 
         6.8644         4.93224        0.297842 
        6.88012         4.90386         0.29611 
        6.89583         4.86924        0.294393 
        6.91151         4.84355        0.292691 
        6.92723         4.80978        0.290999 
        6.94296         4.79031         0.28932 
        6.95866         4.76099        0.287657 
        6.97436         4.72992        0.286008 
        6.99007         4.70273         0.28437 
        7.00578         4.67606        0.282745 
        7.02147         4.65563        0.281135 
        7.03718         4.62842        0.279536 
         7.0529         4.59147        0.277948 
        7.06863         4.57562        0.276372 
        7.08433         4.54421         0.27481 
        7.10004         4.52101         0.27326 
        7.11575         4.49587        0.271722 
        7.13145         4.46553        0.270197 
        7.14715         4.44371        0.268683 
        7.16284         4.42198        0.267183 
        7.17855         4.39756        0.265691 
        7.19428         4.37413         0.26421 
        7.20998         4.35031        0.262742 
        7.22568         4.32173        0.261286 
        7.24139         4.30062         0.25984 
        7.25711         4.27748        0.258405 
        7.27282         4.25503         0.25698 
        7.28852          4.2264        0.255568 
        7.30423         4.20447        0.254165 
        7.31995         4.17656        0.252773 
        7.33565         4.15603        0.251392 
        7.35135         4.14404        0.250021 
        7.36706         4.10707        0.248661 
        7.38277         4.09442         0.24731 
        7.39847         4.06815        0.245969 
        7.41419         4.05049        0.244639 
         7.4299         4.02547        0.243318 
        7.44561         3.99929        0.242007 
        7.46132         3.97625        0.240706 
        7.47701         3.96469        0.239416 
        7.49272          3.9326        0.238134 
        7.50842         3.91603        0.236861 
         7.5241         3.89841        0.235601 
        7.53981         3.87419        0.234347 
        7.55552         3.85802        0.233102 
        7.57125         3.83322        0.231865 
        7.58698         3.81252        0.230636 
        7.60268         3.79233        0.229419 
         7.6184         3.77138         0.22821 
        7.63411         3.74891        0.227009 
        7.64981         3.73556        0.225818 
        7.66552         3.71034        0.224636 
        7.68123         3.69488        0.223461 
        7.69695         3.67146        0.222295 
        7.71264         3.65609        0.221138 
        7.72834         3.64338         0.21999 
        7.74407          3.6223        0.218848 
        7.75978         3.60191        0.217714 
        7.77546         3.57761        0.216591 
        7.79116         3.55961        0.215475 
         7.8069          3.5452        0.214365 
         7.8226         3.52194        0.213264 
        7.83828         3.50573        0.212172 
        7.85399         3.48538        0.211087 
        7.86972         3.46572        0.210007 
        7.88543         3.45194        0.208937 
        7.90111         3.43504        0.207876 
        7.91681         3.41376        0.206821 
        7.93255         3.39778        0.205771 
        7.94828         3.38173        0.204729 
        7.96397         3.37076        0.203696 
        7.97967         3.34913        0.202671 
        7.99538         3.33377        0.201651 
         8.0111         3.31718        0.200639 
         8.0268         3.29945        0.199634 
        8.04248         3.28192        0.198637 
         8.0582         3.26795        0.197645 
        8.07393         3.25293        0.196659 
        8.08963         3.23697        0.195682 
        8.10533         3.22031        0.194711 
        8.12104         3.20437        0.193747 
        8.13675         3.19102        0.192789 
        8.15245         3.16843        0.191838 
        8.16815         3.15574        0.190893 
        8.18387         3.14104        0.189954 
        8.19959         3.12576        0.189021 
         8.2153          3.1122        0.188095 
        8.23101         3.09302        0.187175 
        8.24672          3.0793        0.186261 
        8.26241         3.06221        0.185355 
         8.2781          3.0528        0.184455 
        8.29381         3.03205        0.183559 
        8.30952         3.01813         0.18267 
        8.32524         3.00451        0.181785 
        8.34095         2.99531        0.180908 
        8.35666         2.97683        0.180036 
        8.37237         2.96226         0.17917 
        8.38808         2.94952        0.178309 
        8.40379         2.93449        0.177455 
         8.4195         2.91814        0.176606 
         8.4352         2.90724        0.175763 
        8.45091         2.89515        0.174925 
        8.46662         2.88132        0.174093 
        8.48232          2.8677        0.173266 
        8.49802         2.85327        0.172445 
        8.51374         2.83849        0.171629 
        8.52945         2.82583        0.170818 
        8.54515         2.81279        0.170013 
        8.56086         2.79548        0.169212 
        8.57658         2.78995        0.168416 
        8.59228         2.77516        0.167627 
        8.60799         2.76306        0.166841 
        8.62371         2.75054        0.166061 
        8.63942         2.73516        0.165286 
        8.65512         2.72537        0.164517 
        8.67082         2.71416        0.163752 
        8.68653          2.6991        0.162992 
        8.70224         2.68807        0.162236 
        8.71795         2.67874        0.161486 
        8.73365         2.66598        0.160741 
        8.74936         2.65059            0.16 
        8.76506           2.638        0.159264 
        8.78076         2.62999        0.158533 
        8.79646         2.61565        0.157806 
        8.81218         2.60835        0.157083 
        8.82791         2.59372        0.156364 
         8.8436         2.58678        0.155652 
         8.8593         2.56998        0.154943 
        8.87503         2.56223        0.154238 
        8.89076         2.55029        0.153537 
        8.90644         2.54011        0.152843 
        8.92214         2.52871        0.152152 
        8.93786         2.51554        0.151464 
        8.95357         2.50547        0.150781 
        8.96928         2.49813        0.150103 
        8.98498         2.48543        0.149429 
        9.00069         2.47398        0.148759 
        9.01639          2.4644        0.148093 
        9.03208         2.45154        0.147431 
        9.04778         2.44128        0.146774 
        9.06351         2.43228        0.146119 
        9.07923         2.41878        0.145469 
        9.09493         2.41686        0.144823 
        9.11062         2.40024        0.144182 
        9.12635         2.39393        0.143543 
        9.14207         2.38011        0.142909 
        9.15777         2.37016        0.142279 
        9.17346         2.36369        0.141653 
        9.18917         2.35304         0.14103 
         9.2049         2.34496         0.14041 
        9.22061         2.33439        0.139795 
        9.23631         2.32322        0.139184 
        9.25201         2.31631        0.138576 
        9.26773         2.30479        0.137972 
        9.28343         2.29943        0.137372 
        9.29913         2.28749        0.136775 
        9.31484          2.2767        0.136182 
        9.33057         2.27014        0.135591 
        9.34627         2.26245        0.135004 
        9.36197         2.24981        0.134422 
        9.37768         2.24182        0.133842 
        9.39338          2.2354        0.133267 
        9.40909         2.22642        0.132694 
        9.42479         2.21579        0.132125 
         9.4405         2.20903         0.13156 
        9.45621         2.19949        0.130997 
        9.47193         2.19076        0.130438 
        9.48763          2.1852        0.129882 
        9.50334          2.1727        0.129329 
        9.51906          2.1697         0.12878 
        9.53476         2.15705        0.128234 
        9.55045         2.14906        0.127692 
        9.56616         2.14172        0.127152 
        9.58188         2.13244        0.126615 
        9.59759         2.12679        0.126081 
         9.6133         2.11884         0.12555 
        9.62901         2.10799        0.125022 
        9.64471          2.1016        0.124498 
        9.66041         2.09462        0.123976 
        9.67612         2.08706        0.123456 
        9.69184         2.07951         0.12294 
        9.70754         2.07171        0.122427 
        9.72324          2.0646        0.121917 
        9.73895         2.05545         0.12141 
        9.75467         2.04852        0.120906 
        9.77038         2.04098        0.120405 
        9.78607         2.03409        0.119909 
        9.80177         2.02846        0.119415 
        9.81749         2.02077        0.118924 
         9.8332         2.01315        0.118437 
         9.8489         2.00701        0.117953 
        9.86463         2.00073        0.117472 
        9.88035         1.98978        0.116993 
        9.89606         1.98346        0.116517 
        9.91175         1.97752        0.116044 
        9.92745         1.96999        0.115571 
        9.94317         1.96258          0.1151 
        9.95888         1.95799         0.11463 
        9.97458         1.95259        0.114161 
        9.99029         1.94284        0.113692 
         10.006         1.93798        0.113403 
        10.0217         1.92907        0.113403 
        10.0374         1.92426        0.113403 
        10.0531         1.91843        0.113403 
        10.0688         1.91219        0.113403 
        10.0845         1.90741        0.113403 
        10.1002         1.89882        0.113403 
        10.1159         1.89346        0.113403 
        10.1317         1.88727        0.113403 
        10.1474         1.88195        0.113403 
        10.1631         1.87705        0.113403 
        10.1788         1.86894        0.113403 
        10.1945         1.86394        0.113403 
        10.2102         1.85761        0.113403 
        10.2259         1.85101        0.113403 
        10.2416         1.84699        0.113403 
        10.2573         1.84349        0.113403 
         10.273         1.83494        0.113403 
        10.2887          1.8288        0.113403 
        10.3044         1.82646        0.113403 
        10.3201         1.81919        0.113403 
        10.3359         1.81427        0.113403 
        10.3516         1.80922        0.113403 
        10.3673         1.80395        0.113403 
         10.383         1.79724        0.113403 
        10.3987         1.79297        0.113403 
        10.4144         1.78748        0.113403 
        10.4301          1.7822        0.113403 
        10.4458         1.77928        0.113403 
        10.4615         1.77159        0.113403 
        10.4772         1.76706        0.113403 
        10.4929         1.76248        0.113403 
        10.5086          1.7579        0.113403 
        10.5244          1.7522        0.113403 
        10.5401         1.74774        0.113403 
        10.5558         1.74476        0.113403 
        10.5715         1.73799        0.113403 
        10.5872         1.73358        0.113403 
        10.6029         1.72878        0.113403 
        10.6186         1.72463        0.113403 
        10.6343         1.72093        0.113403 
          10.65         1.71631        0.113403 
        10.6657         1.71242        0.113403 
        10.6814         1.70687        0.113403 
        10.6971         1.70458        0.113403 
        10.7129         1.69851        0.113403 
        10.7286         1.69337        0.113403 
        10.7443         1.69013        0.113403 
          10.76         1.68795        0.113403 
        10.7757         1.68463        0.113403 
        10.7914         1.67831        0.113403 
        10.8071         1.67416        0.113403 
        10.8228         1.66963        0.113403 
        10.8385         1.66565        0.113403 
        10.8542         1.66418        0.113403 
        10.8699           1.657        0.113403 
        10.8856         1.65695        0.113403 
        10.9014         1.65133        0.113403 
        10.9171         1.64784        0.113403 
        10.9328         1.64489        0.113403 
        10.9485         1.64119        0.113403 
        10.9642         1.63948        0.113403 
        10.9799         1.63401        0.113403 
        10.9956         1.63167        0.113403 
        11.0113         1.62671        0.113403 
         11.027         1.62421        0.113403 
        11.0427         1.62236        0.113403 
        11.0584         1.61686        0.113403 
        11.0741         1.61465        0.113403 
        11.0898         1.61208        0.113403 
        11.1055         1.60767        0.113403 
        11.1212         1.60549        0.113403 
         11.137         1.60208        0.113403 
        11.1527         1.59869        0.113403 
        11.1684         1.59576        0.113403 
        11.1841         1.59324        0.113403 
        11.1998         1.59181        0.113403 
        11.2155         1.58926        0.113403 
        11.2312         1.58604        0.113403 
        11.2469         1.58351        0.113403 
        11.2626         1.58061        0.113403 
        11.2783         1.57902        0.113403 
         11.294         1.57676        0.113403 
        11.3097         1.57368        0.113403 
        11.3254           1.572        0.113403 
        11.3412         1.56664        0.113403 
        11.3569         1.56695        0.113403 
        11.3726          1.5645        0.113403 
        11.3883         1.56172        0.113403 
         11.404         1.56084        0.113403 
        11.4197         1.55796        0.113403 
        11.4354          1.5575        0.113403 
        11.4511         1.55512        0.113403 
        11.4668           1.553        0.113403 
        11.4825         1.54888        0.113403 
        11.4982         1.54803        0.113403 
         11.514         1.54746        0.113403 
        11.5297         1.54587        0.113403 
        11.5454         1.54276        0.113403 
        11.5611         1.54076        0.113403 
        11.5768         1.54032        0.113403 
        11.5925         1.54003        0.113403 
        11.6082         1.53615        0.113403 
        11.6239         1.53599        0.113403 
        11.6396         1.53437        0.113403 
        11.6553         1.53278        0.113403 
         11.671         1.53239        0.113403 
        11.6867         1.52981        0.113403 
        11.7024         1.52827        0.113403 
        11.7182         1.52808        0.113403 
        11.7339         1.52956        0.113403 
        11.7496         1.52502        0.113403 
        11.7653         1.52568        0.113403 
         11.781         1.52556        0.113403 
        11.7967         1.52259        0.113403 
        11.8124         1.52236        0.113403 
        11.8281         1.52112        0.113403 
        11.8438         1.52126        0.113403 
        11.8595         1.52127        0.113403 
        11.8752         1.51916        0.113403 
         11.891         1.52027        0.113403 
        11.9067         1.52006        0.113403 
        11.9224         1.52004        0.113403 
        11.9381          1.5192        0.113403 
        11.9538         1.51795        0.113403 
        11.9695         1.51941        0.113403 
        11.9852           1.519        0.113403 
        12.0009         1.51828        0.113403 
        12.0166         1.51601        0.113403 
        12.0323         1.51744        0.113403 
         12.048          1.5181        0.113403 
        12.0637         1.51771        0.113403 
