# k  (h/Mpc)    Pcb(k)  (Mpc/h)^3    Pcb_linear(k) (Mpc/h)^3   ShotnoiseSubtracted = true
      0.0200456          6619.1         6712.47 
      0.0350414         4327.44         4203.93 
      0.0492313         2761.93         2755.11 
      0.0637834         2246.22         2288.99 
      0.0800726         1791.26         1847.27 
       0.096163         1298.14         1249.09 
       0.111083         990.208         936.754 
       0.126058         850.888          851.39 
       0.142273         744.365         746.122 
       0.158546         587.888         566.258 
        0.17375         487.492         453.565 
       0.188953         446.878         415.047 
       0.204907         387.776         380.131 
       0.220756         341.928         317.877 
        0.23588         293.896         266.317 
         0.2514         261.805         240.388 
       0.267535         250.776         222.654 
       0.283568         218.599         196.989 
       0.299022         202.326         171.824 
       0.314451         193.882         155.244 
       0.330372         169.462         143.859 
       0.346141         156.142         131.508 
       0.361624         145.498         118.503 
       0.377134         132.522         107.946 
       0.392932         128.252         100.034 
       0.408854         120.408         92.7066 
       0.424564          114.28         85.2823 
       0.440253         103.568         78.5873 
       0.455999         95.4543         73.0957 
       0.471626         92.3555         68.3236 
        0.48727          88.878         63.7097 
       0.502856         81.5377         59.4016 
       0.518488         79.0383         55.5914 
       0.534347         74.1065         52.1808 
       0.550082          71.871         49.0388 
       0.565732         69.7075         46.1006 
       0.581496         64.0346          43.394 
       0.597222         62.0462         40.9531 
       0.612804          59.494         38.7247 
       0.628434         58.2869         36.6377 
       0.644267         54.9454         34.6689 
       0.660051         53.0307         32.8632 
       0.675724         51.1646         31.2062 
       0.691403         50.1842         29.6621 
       0.707174         48.2254         28.2132 
       0.722871         46.9911         26.8664 
        0.73838         45.0089         25.6216 
       0.754018          42.445          24.446 
       0.769845         42.0107         23.3314 
        0.78569         40.5517         22.2852 
       0.801365         39.2368         21.3136 
       0.817031         37.7243          20.401 
       0.832809         37.0126         19.5364 
       0.848511         35.9436         18.7262 
       0.864097         35.1171         17.9681 
       0.879701         34.3336         17.2517 
       0.895507         33.0365         16.5662 
       0.911279          32.165         15.9199 
        0.92691         31.5895         15.3136 
       0.942635         30.8123         14.7359 
       0.958396          30.342         14.1871 
       0.974128         29.5018         13.6674 
       0.989692         28.3984         13.1791 
        1.00528         27.9609         12.7142 
        1.02113         27.2192         12.2646 
        1.03692         26.8912         11.8385 
        1.05264         26.2578         11.4348 
        1.06832         25.6919         11.0507 
        1.08405         25.0461         10.6833 
        1.09979         24.7858         10.3325 
        1.11537         23.9831         10.0011 
        1.13105         23.5282         9.68228 
        1.14679         23.0235         9.37625 
        1.16256         22.6997         9.08295 
        1.17828         22.3656         8.80325 
        1.19395         21.8016         8.53635 
         1.2097         21.5966         8.27923 
        1.22537         21.0884         8.03401 
          1.241         20.6807         7.79954 
        1.25666         20.2898          7.5739 
        1.27241         20.0832          7.3562 
        1.28819         19.4028         7.14674 
        1.30392         19.4265         6.94611 
        1.31957         19.0583         6.75413 
        1.33529         18.6855         6.56875 
        1.35108         18.4073         6.38964 
        1.36674         18.1342         6.21853 
         1.3824           17.79         6.05389 
        1.39811         17.4013         5.89471 
        1.41389         17.2059         5.74067 
        1.42964         17.0998         5.59244 
        1.44531         16.7401          5.4502 
        1.46101         16.5354         5.31263 
        1.47667         16.2826         5.18026 
        1.49229         15.9011         5.05278 
        1.50793         15.8151         4.92947 
        1.52367         15.5397          4.8095 
        1.53953         15.4289         4.69275 
        1.55526         15.0854         4.58083 
        1.57092              15         4.47305 
        1.58662         14.7874          4.3685 
        1.60235         14.5831         4.26711 
        1.61809         14.3496          4.1689 
        1.63369         14.2006         4.07467 
        1.64941         13.9826          3.9827 
        1.66519         13.8686         3.89326 
        1.68085         13.5308         3.80721 
        1.69652         13.5296         3.72375 
        1.71228         13.3546         3.64233 
        1.72806         13.1099          3.5633 
        1.74368         13.0156         3.48742 
        1.75933         12.8472         3.41361 
        1.77505         12.6888          3.3416 
        1.79081          12.541         3.27156 
         1.8065         12.4201         3.20383 
        1.82218         12.3126         3.13809 
        1.83797         12.2179         3.07375 
        1.85367         12.0813         3.01158 
        1.86928         11.9423         2.95152 
        1.88497         11.7614         2.89277 
        1.90073         11.6221         2.83542 
        1.91647         11.4064         2.77968 
        1.93218         11.4113         2.72556 
        1.94787         11.2257         2.67297 
        1.96363         11.1309         2.62157 
        1.97935         10.9589         2.57163 
        1.99499         10.8444         2.52328 
        2.01064         10.7345         2.47612 
         2.0264         10.6048         2.42986 
        2.04216         10.6023         2.38482 
        2.05781         10.4476         2.34121 
        2.07353         10.3611         2.29854 
        2.08928         10.2272         2.25685 
        2.10499           10.11          2.2163 
        2.12065         10.0467         2.17688 
        2.13633          9.9251         2.13839 
        2.15211         9.82135         2.10059 
        2.16785         9.75018         2.06381 
        2.18349         9.60714         2.02815 
        2.19916         9.55151         1.99325 
        2.21489         9.41805         1.95907 
        2.23063         9.38206         1.92567 
         2.2463          9.2466          1.8932 
        2.26194         9.17862         1.86157 
        2.27765         9.05378          1.8305 
        2.29341         9.00624         1.80006 
        2.30914         8.90957         1.77038 
        2.32486         8.86508         1.74139 
        2.34061         8.76217           1.713 
        2.35635         8.69959         1.68527 
        2.37203         8.59494         1.65826 
        2.38768         8.47841         1.63189 
        2.40339         8.47449         1.60601 
        2.41914         8.33745         1.58063 
        2.43483          8.2966         1.55589 
         2.4505         8.21372         1.53173 
        2.46622         8.15199         1.50799 
        2.48195         8.10898         1.48476 
        2.49759         7.99632         1.46215 
        2.51328         7.95366         1.43995 
        2.52906         7.85894         1.41807 
        2.54479         7.80927         1.39673 
        2.56049         7.70136         1.37588 
        2.57618         7.67865         1.35547 
        2.59189          7.6501         1.33544 
        2.60758         7.53702         1.31585 
        2.62325         7.47557         1.29668 
        2.63898         7.45688         1.27783 
        2.65468         7.36474         1.25939 
        2.67044         7.33505         1.24124 
        2.68618         7.23163          1.2235 
        2.70184         7.19449         1.20617 
        2.71755         7.14027         1.18913 
        2.73329         7.05731          1.1724 
        2.74897         7.00822         1.15604 
        2.76462           6.968         1.14004 
        2.78034         6.89183         1.12427 
        2.79607         6.87099         1.10879 
        2.81179         6.80022         1.09362 
        2.82749         6.74408         1.07875 
        2.84321         6.70743         1.06414 
        2.85893         6.65274          1.0498 
        2.87462         6.59569         1.03576 
        2.89033         6.53384         1.02196 
        2.90605         6.49104          1.0084 
        2.92176         6.44689        0.995098 
        2.93747         6.38411        0.982041 
        2.95318         6.34244        0.969217 
        2.96891         6.30588        0.956616 
        2.98456         6.22963        0.944297 
        3.00023          6.1913        0.932177 
        3.01596         6.14446        0.920233 
        3.03164         6.11879        0.908534 
        3.04738         6.06332        0.897004 
         3.0631         6.00172         0.88568 
        3.07883         5.96194        0.874551 
        3.09456         5.90686        0.863615 
        3.11026         5.86097        0.852885 
        3.12596         5.81352        0.842338 
        3.14163         5.80103        0.831995 
        3.15734         5.74939        0.821802 
        3.17308         5.72627        0.811756 
        3.18879         5.66719        0.801906 
        3.20447         5.60645        0.792235 
         3.2202          5.5765        0.782693 
         3.2359         5.54782        0.773327 
        3.25157         5.51807        0.764136 
        3.26729         5.47475        0.755068 
        3.28304         5.42323        0.746129 
        3.29877         5.39673        0.737348 
        3.31446         5.36352        0.728727 
        3.33014         5.30919        0.720253 
        3.34585          5.2822          0.7119 
        3.36158          5.2427        0.703669 
        3.37727         5.19671        0.695593 
        3.39294         5.16507        0.687653 
        3.40867         5.13016        0.679808 
        3.42439         5.10667         0.67209 
        3.44008         5.07506        0.664508 
        3.45578         5.03473        0.657037 
        3.47153         4.99176        0.649665 
        3.48724         4.94365         0.64242 
        3.50292         4.91316        0.635302 
        3.51859         4.89085        0.628296 
        3.53431            4.85        0.621375 
        3.55007         4.81153        0.614541 
        3.56577         4.77452        0.607837 
        3.58146         4.75918        0.601236 
        3.59719         4.72159        0.594719 
        3.61292         4.68755        0.588301 
        3.62859         4.65771        0.582002 
        3.64429         4.63491        0.575783 
        3.66003         4.58955        0.569637 
        3.67578         4.57744        0.563583 
        3.69146         4.55011         0.55764 
        3.70712         4.51059        0.551794 
        3.72284         4.48718        0.546011 
        3.73853         4.45979         0.54032 
        3.75422         4.40273        0.534709 
        3.76993         4.41052        0.529173 
        3.78564         4.37082        0.523718 
        3.80137          4.3396        0.518332 
        3.81707         4.29749        0.513032 
        3.83279         4.28031        0.507803 
        3.84853         4.24794        0.502638 
        3.86424         4.20547        0.497556 
        3.87992         4.19575        0.492551 
        3.89561         4.16804        0.487616 
        3.91134         4.13944        0.482738 
        3.92704         4.11844        0.477933 
        3.94273         4.09428        0.473198 
        3.95845          4.0657        0.468519 
        3.97418         4.02758        0.463902 
        3.98988         4.00774        0.459355 
        4.00554         3.98225         0.45488 
        4.02125         3.94808        0.450453 
        4.03698         3.92595        0.446078 
        4.05268         3.88827        0.441771 
        4.06839         3.86427        0.437518 
         4.0841         3.84433        0.433323 
        4.09983         3.81437        0.429177 
        4.11555         3.79561        0.425087 
        4.13124         3.75787        0.421062 
        4.14693         3.73897        0.417085 
        4.16266         3.71765        0.413151 
        4.17839         3.70216         0.40927 
        4.19408         3.67869        0.405449 
        4.20977         3.65567        0.401674 
        4.22551         3.62004        0.397939 
        4.24123         3.59737        0.394255 
        4.25691         3.57724        0.390628 
        4.27259          3.5481        0.387045 
        4.28831         3.52246        0.383501 
        4.30404         3.50395        0.379997 
        4.31974          3.4817        0.376545 
        4.33543         3.45628        0.373139 
        4.35116         3.43862        0.369766 
        4.36688         3.42328        0.366436 
        4.38255         3.40447         0.36316 
        4.39825         3.37092        0.359917 
        4.41398         3.35457        0.356708 
         4.4297         3.34268        0.353541 
        4.44541         3.31592        0.350413 
        4.46111          3.2907        0.347325 
        4.47683         3.27818        0.344273 
        4.49251         3.25152        0.341263 
        4.50819         3.23528        0.338291 
         4.5239         3.21009         0.33535 
        4.53962         3.19194         0.33244 
        4.55535          3.1706        0.329563 
        4.57106         3.15226        0.326725 
        4.58678         3.13807         0.32392 
         4.6025         3.11745        0.321147 
        4.61821         3.09347        0.318407 
        4.63391         3.07452        0.315703 
         4.6496         3.05724        0.313031 
        4.66532         3.03466        0.310386 
        4.68103         3.01927        0.307773 
        4.69673         3.00392        0.305193 
        4.71241         2.97868        0.302645 
        4.72811         2.96918        0.300122 
        4.74384         2.95746        0.297625 
        4.75955         2.93264         0.29516 
        4.77525         2.91835        0.292724 
        4.79096         2.89585        0.290313 
        4.80669         2.88686        0.287928 
         4.8224         2.86269        0.285572 
        4.83809          2.8517        0.283246 
        4.85379         2.82957        0.280944 
         4.8695         2.81835        0.278666 
        4.88521         2.80251        0.276414 
        4.90093         2.78339        0.274187 
        4.91663         2.76908        0.271987 
        4.93234         2.74868        0.269808 
        4.94807         2.74063        0.267652 
        4.96377         2.72628        0.265523 
        4.97943         2.71038        0.263423 
        4.99514          2.6975        0.261339 
        5.01086         2.67835        0.259277 
        5.02654          2.6644        0.257242 
        5.04227         2.64542        0.255223 
          5.058         2.63582        0.253225 
        5.07371         2.62136        0.251253 
        5.08942         2.60159        0.249301 
        5.10513         2.59092         0.24737 
        5.12084         2.57471        0.245458 
        5.13656          2.5584        0.243567 
        5.15225          2.5449        0.241699 
        5.16796         2.53306        0.239848 
        5.18369         2.51788        0.238015 
         5.1994         2.50147        0.236204 
        5.21509         2.48916        0.234414 
        5.23079         2.47449         0.23264 
        5.24649         2.47018        0.230886 
        5.26217         2.45551        0.229151 
        5.27788         2.43305        0.227432 
        5.29359         2.42786         0.22573 
        5.30933         2.41291        0.224043 
        5.32504         2.40306        0.222377 
        5.34073         2.38493        0.220729 
        5.35646         2.37252        0.219095 
        5.37218         2.36721        0.217476 
        5.38789          2.3512        0.215877 
        5.40357         2.33948        0.214296 
        5.41929         2.32532        0.212727 
        5.43502         2.31086        0.211174 
         5.4507         2.30174         0.20964 
        5.46639         2.28368        0.208122 
        5.48212         2.27716        0.206614 
        5.49786         2.26714         0.20512 
        5.51353         2.25205        0.203648 
        5.52921         2.24445         0.20219 
        5.54495         2.22903        0.200741 
        5.56066         2.22074        0.199308 
        5.57637         2.20641        0.197889 
        5.59207         2.19663        0.196485 
        5.60778         2.18728        0.195095 
        5.62346         2.17362         0.19372 
        5.63916         2.16313        0.192357 
        5.65487         2.15613        0.191006 
         5.6706         2.14135        0.189667 
        5.68633          2.1314         0.18834 
        5.70203         2.11913        0.187029 
        5.71773         2.10819         0.18573 
        5.73344         2.09949        0.184443 
        5.74916          2.0916        0.183168 
        5.76486         2.08175        0.181905 
        5.78054         2.06835        0.180657 
        5.79626         2.06087        0.179417 
          5.812         2.04872        0.178188 
         5.8277         2.03763        0.176974 
        5.84339         2.02661        0.175771 
        5.85911         2.01742        0.174577 
        5.87484         2.00802        0.173394 
        5.89053          1.9999        0.172225 
        5.90623         1.99208        0.171066 
        5.92195         1.97982        0.169915 
        5.93767         1.97044        0.168776 
        5.95336         1.95817        0.167649 
        5.96905         1.95314        0.166533 
        5.98476         1.94262        0.165426 
        6.00048         1.93311        0.164328 
        6.01617         1.92627        0.163242 
        6.03185         1.91083        0.162167 
        6.04756         1.90342        0.161099 
        6.06331         1.89727        0.160039 
        6.07903         1.88807         0.15899 
        6.09473         1.87778        0.157952 
        6.11044         1.87185        0.156922 
        6.12616         1.86582        0.155901 
        6.14186         1.85556        0.154891 
        6.15755         1.84793        0.153889 
        6.17326         1.83725        0.152896 
        6.18898         1.82791        0.151911 
        6.20467         1.82276        0.150936 
        6.22036         1.81001        0.149971 
         6.2361         1.80671        0.149011 
         6.2518         1.79628        0.148061 
        6.26748         1.78958        0.147121 
        6.28319         1.78154        0.146187 
        6.29893         1.77568         0.14526 
        6.31463         1.76421        0.144343 
        6.33033         1.75775        0.143435 
        6.34604         1.74901        0.142533 
        6.36177         1.74073        0.141638 
        6.37747         1.73588        0.140753 
        6.39316         1.72623        0.139876 
        6.40888         1.71505        0.139004 
         6.4246         1.71182         0.13814 
        6.44031         1.70258        0.137284 
        6.45601         1.69704        0.136436 
        6.47172         1.68883        0.135595 
        6.48744         1.68312         0.13476 
        6.50313          1.6735        0.133934 
        6.51882         1.66707        0.133114 
        6.53452         1.66201        0.132301 
        6.55025         1.65171        0.131494 
        6.56597         1.64926        0.130694 
        6.58166         1.63844        0.129902 
        6.59736         1.63187        0.129116 
        6.61307         1.62484        0.128336 
         6.6288         1.61586        0.127562 
         6.6445         1.61083        0.126795 
         6.6602         1.60608        0.126034 
        6.67592         1.59881         0.12528 
        6.69164         1.59159        0.124531 
        6.70735         1.58747        0.123789 
        6.72304         1.58139        0.123054 
        6.73874         1.57173        0.122325 
        6.75446         1.56821          0.1216 
        6.77016         1.55926        0.120883 
        6.78585         1.55233        0.120171 
        6.80156         1.54769        0.119465 
        6.81729         1.54036        0.118763 
        6.83301         1.53666        0.118067 
         6.8487         1.53043        0.117379 
         6.8644         1.52328        0.116695 
        6.88012         1.51815        0.116016 
        6.89583         1.51301        0.115343 
        6.91151         1.50465        0.114677 
        6.92723         1.50215        0.114014 
        6.94296          1.4913        0.113356 
        6.95866         1.48745        0.112704 
        6.97436         1.48177        0.112058 
        6.99007         1.47693        0.111416 
        7.00578         1.47092         0.11078 
        7.02147         1.46454        0.110149 
        7.03718         1.45792        0.109523 
         7.0529         1.45304          0.1089 
        7.06863         1.44895        0.108283 
        7.08433         1.44285        0.107671 
        7.10004         1.43546        0.107064 
        7.11575         1.43157        0.106461 
        7.13145         1.42571        0.105863 
        7.14715         1.42176         0.10527 
        7.16284         1.41462        0.104683 
        7.17855         1.41136        0.104098 
        7.19428          1.4054        0.103518 
        7.20998         1.40151        0.102943 
        7.22568          1.3951        0.102372 
        7.24139         1.39145        0.101806 
        7.25711         1.38465        0.101243 
        7.27282         1.38029        0.100685 
        7.28852         1.37668        0.100132 
        7.30423         1.37046       0.0995821 
        7.31995         1.36634       0.0990367 
        7.33565         1.35905       0.0984956 
        7.35135         1.35568       0.0979585 
        7.36706          1.3513       0.0974256 
        7.38277         1.34607       0.0968962 
        7.39847         1.34118       0.0963712 
        7.41419         1.33883       0.0958497 
         7.4299         1.33217       0.0953321 
        7.44561         1.32537       0.0948185 
        7.46132         1.32224       0.0943087 
        7.47701         1.31852       0.0938033 
        7.49272         1.31587        0.093301 
        7.50842         1.31088       0.0928026 
         7.5241         1.30764       0.0923086 
        7.53981         1.30084       0.0918174 
        7.55552          1.2975       0.0913296 
        7.57125         1.29187       0.0908448 
        7.58698         1.28801       0.0903635 
        7.60268          1.2835       0.0898867 
         7.6184         1.27884       0.0894129 
        7.63411         1.27428       0.0889425 
        7.64981         1.27069       0.0884759 
        7.66552         1.26879       0.0880127 
        7.68123         1.26294       0.0875525 
        7.69695         1.25956       0.0870954 
        7.71264          1.2546       0.0866423 
        7.72834         1.24938       0.0861923 
        7.74407         1.24741       0.0857448 
        7.75978         1.24247       0.0853006 
        7.77546         1.23677       0.0848608 
        7.79116         1.23233       0.0844235 
         7.8069         1.23123       0.0839883 
         7.8226         1.22727       0.0835569 
        7.83828         1.21933       0.0831294 
        7.85399         1.22052       0.0827042 
        7.86972         1.21492       0.0822812 
        7.88543         1.21146       0.0818619 
        7.90111         1.20795       0.0814462 
        7.91681         1.20522       0.0810328 
        7.93255         1.20174       0.0806215 
        7.94828         1.19663       0.0802132 
        7.96397         1.19315       0.0798085 
        7.97967         1.18868       0.0794066 
        7.99538         1.18574       0.0790073 
         8.0111         1.18326       0.0786106 
         8.0268         1.18042       0.0782169 
        8.04248         1.17577       0.0778263 
         8.0582         1.17278       0.0774377 
        8.07393         1.16901       0.0770514 
        8.08963          1.1647       0.0766684 
        8.10533         1.16214       0.0762882 
        8.12104         1.16032       0.0759102 
        8.13675         1.15474       0.0755348 
        8.15245         1.15309       0.0751622 
        8.16815         1.14826       0.0747922 
        8.18387         1.14621       0.0744242 
        8.19959         1.14229       0.0740586 
         8.2153         1.13922       0.0736957 
        8.23101         1.13469       0.0733353 
        8.24672         1.13154       0.0729774 
        8.26241         1.12985       0.0726223 
         8.2781         1.12872       0.0722696 
        8.29381         1.12409       0.0719187 
        8.30952         1.12227       0.0715702 
        8.32524         1.11813       0.0712238 
        8.34095         1.11417       0.0708799 
        8.35666         1.11145       0.0705384 
        8.37237          1.1094        0.070199 
        8.38808         1.10662       0.0698619 
        8.40379         1.10337       0.0695271 
         8.4195         1.10004       0.0691945 
         8.4352         1.09638       0.0688641 
        8.45091         1.09417        0.068536 
        8.46662         1.09082       0.0682098 
        8.48232         1.08868        0.067886 
        8.49802         1.08508       0.0675643 
        8.51374         1.08248       0.0672443 
        8.52945         1.08074       0.0669266 
        8.54515         1.07826       0.0666112 
        8.56086         1.07602       0.0662974 
        8.57658         1.07403       0.0659858 
        8.59228          1.0696       0.0656764 
        8.60799           1.068       0.0653687 
        8.62371         1.06469        0.065063 
        8.63942         1.06265       0.0647594 
        8.65512          1.0593       0.0644579 
        8.67082          1.0566       0.0641583 
        8.68653         1.05421       0.0638604 
        8.70224         1.05066       0.0635644 
        8.71795         1.04912       0.0632705 
        8.73365         1.04692       0.0629784 
        8.74936         1.04499       0.0626881 
        8.76506         1.04119       0.0623999 
        8.78076         1.03956       0.0621133 
        8.79646         1.03705       0.0618286 
        8.81218         1.03559       0.0615455 
        8.82791         1.03213       0.0612638 
         8.8436          1.0312       0.0609845 
         8.8593         1.02764        0.060707 
        8.87503         1.02658       0.0604306 
        8.89076         1.02331        0.060156 
        8.90644         1.02309       0.0598839 
        8.92214         1.01842       0.0596132 
        8.93786         1.01694       0.0593439 
        8.95357         1.01479       0.0590763 
        8.96928         1.01241       0.0588105 
        8.98498          1.0103       0.0585464 
        9.00069         1.00875       0.0582838 
        9.01639         1.00555       0.0580228 
        9.03208         1.00275       0.0577638 
        9.04778         1.00098       0.0575062 
        9.06351        0.997075       0.0572497 
        9.07923         0.99668       0.0569949 
        9.09493        0.993784        0.056742 
        9.11062        0.993271       0.0564907 
        9.12635        0.991011       0.0562405 
        9.14207        0.987962       0.0559918 
        9.15777         0.98681        0.055745 
        9.17346        0.985598       0.0554998 
        9.18917        0.983768       0.0552558 
         9.2049         0.98031        0.055013 
        9.22061        0.979059       0.0547719 
        9.23631        0.977392       0.0545324 
        9.25201        0.975169       0.0542944 
        9.26773        0.973381       0.0540576 
        9.28343        0.971467       0.0538223 
        9.29913        0.970842       0.0535886 
        9.31484        0.967801       0.0533561 
        9.33057        0.965712       0.0531246 
        9.34627        0.963798       0.0528949 
        9.36197        0.962652       0.0526667 
        9.37768        0.961305       0.0524396 
        9.39338        0.958184        0.052214 
        9.40909        0.958174       0.0519897 
        9.42479         0.95472       0.0517668 
         9.4405        0.954303       0.0515452 
        9.45621        0.952009       0.0513247 
        9.47193         0.95115       0.0511056 
        9.48763        0.949435        0.050888 
        9.50334        0.946868       0.0506715 
        9.51906        0.945551       0.0504562 
        9.53476        0.944216       0.0502424 
        9.55045        0.942225       0.0500298 
        9.56616        0.940351       0.0498184 
        9.58188        0.939875       0.0496079 
        9.59759        0.938643       0.0493987 
         9.6133        0.936842       0.0491908 
        9.62901        0.935509       0.0489839 
        9.64471        0.932422       0.0487783 
        9.66041        0.930984       0.0485739 
        9.67612        0.930222       0.0483703 
        9.69184         0.92718       0.0481679 
        9.70754        0.927019       0.0479669 
        9.72324        0.926099       0.0477671 
        9.73895        0.923479       0.0475685 
        9.75467        0.922039        0.047371 
        9.77038        0.921259       0.0471749 
        9.78607        0.921331       0.0469803 
        9.80177        0.919121       0.0467869 
        9.81749        0.916936       0.0465946 
         9.8332        0.916089       0.0464038 
         9.8489        0.914019       0.0462143 
        9.86463        0.914001       0.0460257 
        9.88035        0.912372       0.0458381 
        9.89606        0.910284       0.0456516 
        9.91175         0.90928        0.045466 
        9.92745        0.908527        0.045281 
        9.94317        0.907419       0.0450964 
        9.95888        0.906054       0.0449122 
        9.97458        0.905508       0.0447285 
        9.99029        0.902773       0.0445448 
         10.006        0.901558       0.0444313 
        10.0217        0.902247       0.0444313 
        10.0374        0.899725       0.0444313 
        10.0531         0.89881       0.0444313 
        10.0688        0.899304       0.0444313 
        10.0845        0.896426       0.0444313 
        10.1002        0.895931       0.0444313 
        10.1159        0.894531       0.0444313 
        10.1317        0.893281       0.0444313 
        10.1474        0.892425       0.0444313 
        10.1631        0.892039       0.0444313 
        10.1788        0.890696       0.0444313 
        10.1945        0.889168       0.0444313 
        10.2102        0.889136       0.0444313 
        10.2259         0.88783       0.0444313 
        10.2416        0.885812       0.0444313 
        10.2573        0.885455       0.0444313 
         10.273        0.884771       0.0444313 
        10.2887        0.884127       0.0444313 
        10.3044        0.882828       0.0444313 
        10.3201        0.882522       0.0444313 
        10.3359        0.881875       0.0444313 
        10.3516        0.879565       0.0444313 
        10.3673        0.879652       0.0444313 
         10.383        0.879338       0.0444313 
        10.3987        0.877643       0.0444313 
        10.4144        0.876828       0.0444313 
        10.4301        0.876344       0.0444313 
        10.4458        0.876243       0.0444313 
        10.4615        0.875062       0.0444313 
        10.4772        0.874986       0.0444313 
        10.4929        0.874478       0.0444313 
        10.5086         0.87267       0.0444313 
        10.5244        0.873634       0.0444313 
        10.5401         0.87248       0.0444313 
        10.5558        0.870205       0.0444313 
        10.5715        0.870533       0.0444313 
        10.5872        0.869381       0.0444313 
        10.6029        0.869804       0.0444313 
        10.6186        0.868175       0.0444313 
        10.6343        0.867859       0.0444313 
          10.65        0.867314       0.0444313 
        10.6657        0.867616       0.0444313 
        10.6814        0.866683       0.0444313 
        10.6971        0.865226       0.0444313 
        10.7129        0.865491       0.0444313 
        10.7286         0.86452       0.0444313 
        10.7443        0.863714       0.0444313 
          10.76        0.864558       0.0444313 
        10.7757        0.862814       0.0444313 
        10.7914        0.863781       0.0444313 
        10.8071        0.862251       0.0444313 
        10.8228        0.862246       0.0444313 
        10.8385        0.861774       0.0444313 
        10.8542        0.860646       0.0444313 
        10.8699        0.861635       0.0444313 
        10.8856        0.859956       0.0444313 
        10.9014        0.861501       0.0444313 
        10.9171        0.859446       0.0444313 
        10.9328         0.85931       0.0444313 
        10.9485        0.859288       0.0444313 
        10.9642        0.859474       0.0444313 
        10.9799        0.858655       0.0444313 
        10.9956        0.858523       0.0444313 
        11.0113        0.859343       0.0444313 
         11.027        0.858766       0.0444313 
        11.0427        0.858068       0.0444313 
        11.0584        0.859087       0.0444313 
        11.0741        0.858782       0.0444313 
        11.0898        0.857389       0.0444313 
        11.1055         0.85823       0.0444313 
        11.1212        0.859423       0.0444313 
         11.137        0.857237       0.0444313 
        11.1527        0.857776       0.0444313 
        11.1684        0.857655       0.0444313 
        11.1841        0.857522       0.0444313 
        11.1998        0.858065       0.0444313 
        11.2155        0.857942       0.0444313 
        11.2312          0.8586       0.0444313 
        11.2469        0.858169       0.0444313 
        11.2626        0.858157       0.0444313 
        11.2783        0.858518       0.0444313 
         11.294        0.858171       0.0444313 
        11.3097         0.85859       0.0444313 
        11.3254        0.858078       0.0444313 
        11.3412        0.857825       0.0444313 
        11.3569         0.85842       0.0444313 
        11.3726        0.859343       0.0444313 
        11.3883        0.860358       0.0444313 
         11.404        0.859448       0.0444313 
        11.4197        0.861137       0.0444313 
        11.4354         0.86016       0.0444313 
        11.4511        0.860359       0.0444313 
        11.4668        0.859998       0.0444313 
        11.4825         0.86123       0.0444313 
        11.4982        0.862357       0.0444313 
         11.514        0.861225       0.0444313 
        11.5297         0.86323       0.0444313 
        11.5454        0.862899       0.0444313 
        11.5611        0.862464       0.0444313 
        11.5768        0.864563       0.0444313 
        11.5925        0.865279       0.0444313 
        11.6082        0.864625       0.0444313 
        11.6239        0.866225       0.0444313 
        11.6396        0.865448       0.0444313 
        11.6553        0.865886       0.0444313 
         11.671        0.867667       0.0444313 
        11.6867         0.86763       0.0444313 
        11.7024        0.869622       0.0444313 
        11.7182        0.869508       0.0444313 
        11.7339        0.870126       0.0444313 
        11.7496        0.870706       0.0444313 
        11.7653        0.871367       0.0444313 
         11.781        0.871448       0.0444313 
        11.7967           0.874       0.0444313 
        11.8124        0.873997       0.0444313 
        11.8281        0.875323       0.0444313 
        11.8438        0.876198       0.0444313 
        11.8595        0.876641       0.0444313 
        11.8752        0.876385       0.0444313 
         11.891        0.878593       0.0444313 
        11.9067        0.879185       0.0444313 
        11.9224        0.879295       0.0444313 
        11.9381        0.881255       0.0444313 
        11.9538        0.882807       0.0444313 
        11.9695        0.883272       0.0444313 
        11.9852        0.884507       0.0444313 
        12.0009        0.886595       0.0444313 
        12.0166        0.887464       0.0444313 
        12.0323        0.888505       0.0444313 
         12.048        0.889103       0.0444313 
        12.0637        0.890858       0.0444313 
