# k  (h/Mpc)    Pcb(k)  (Mpc/h)^3    Pcb_linear(k) (Mpc/h)^3   ShotnoiseSubtracted = true
      0.0200456         17485.9         17770.4 
      0.0350414         13923.6         13563.3 
      0.0492313         10111.3         10335.6 
      0.0637834         8186.35         8622.82 
      0.0800726         6350.25         6733.36 
       0.096163         5158.34         5020.34 
       0.111083         4332.37         4160.79 
       0.126058         3565.79         3652.02 
       0.142273         3055.14         2998.74 
       0.158546         2541.08         2418.42 
        0.17375         2293.72         2113.06 
       0.188953         2150.52         1893.18 
       0.204907         1835.67         1627.71 
       0.220756         1658.31         1391.79 
        0.23588          1491.3         1245.43 
         0.2514         1346.12         1128.54 
       0.267535         1299.64         999.597 
       0.283568          1152.3         884.111 
       0.299022         1103.53         801.998 
       0.314451         1141.19         734.237 
       0.330372         998.721         665.263 
       0.346141         919.673         603.059 
       0.361624          883.06         553.498 
       0.377134         842.137         510.934 
       0.392932         809.561         470.011 
       0.408854         771.997         432.289 
       0.424564         753.976          400.21 
       0.440253         694.697         372.049 
       0.455999         664.969         345.878 
       0.471626         676.278         322.024 
        0.48727         639.101         300.694 
       0.502856         602.822         281.586 
       0.518488         593.745         263.952 
       0.534347         561.261         247.448 
       0.550082         537.722         232.542 
       0.565732         532.086         219.004 
       0.581496         519.752         206.434 
       0.597222         505.519         194.827 
       0.612804         494.935         184.221 
       0.628434         473.651         174.403 
       0.644267          457.84         165.178 
       0.660051         451.711         156.641 
       0.675724          443.39         148.761 
       0.691403         431.843         141.421 
       0.707174         416.116         134.539 
       0.722871         408.501         128.144 
        0.73838         403.617         122.235 
       0.754018         389.881         116.655 
       0.769845         385.636         111.363 
        0.78569         377.674         106.394 
       0.801365         365.449         101.777 
       0.817031          361.07         97.4377 
       0.832809         355.803         93.3234 
       0.848511         347.379         89.4652 
       0.864097         339.074         85.8517 
       0.879701         335.683         82.4344 
       0.895507         324.551          79.163 
       0.911279         318.338         76.0762 
        0.92691         314.987         73.1797 
       0.942635         312.633         70.4183 
       0.958396         301.739         67.7937 
       0.974128         298.097          65.308 
       0.989692         286.693         62.9717 
        1.00528         286.367         60.7466 
        1.02113         281.158         58.5944 
        1.03692         275.194         56.5546 
        1.05264         270.465         54.6216 
        1.06832         268.305         52.7822 
        1.08405         262.335         51.0227 
        1.09979         258.912         49.3426 
        1.11537         252.024         47.7549 
        1.13105         248.607         46.2278 
        1.14679         245.307         44.7617 
        1.16256         242.717         43.3564 
        1.17828         238.673         42.0161 
        1.19395         232.141         40.7371 
         1.2097         231.917         39.5049 
        1.22537          228.13         38.3297 
          1.241         222.822         37.2059 
        1.25666         220.285         36.1244 
        1.27241         216.195         35.0808 
        1.28819         213.058         34.0768 
        1.30392          210.15          33.115 
        1.31957         204.803         32.1946 
        1.33529         202.104         31.3059 
        1.35108         200.338         30.4472 
        1.36674         195.903         29.6269 
         1.3824         193.961         28.8375 
        1.39811         191.404         28.0744 
        1.41389         186.453         27.3359 
        1.42964          184.59         26.6253 
        1.44531         182.148         25.9434 
        1.46101         178.962          25.284 
        1.47667         176.583         24.6494 
        1.49229         173.924         24.0384 
        1.50793          171.27         23.4473 
        1.52367         169.257         22.8724 
        1.53953         165.035         22.3128 
        1.55526          164.58         21.7765 
        1.57092         162.674           21.26 
        1.58662         158.348          20.759 
        1.60235         156.895         20.2733 
        1.61809          153.92         19.8028 
        1.63369         151.648         19.3514 
        1.64941         150.364         18.9109 
        1.66519         147.908         18.4825 
        1.68085         145.383         18.0704 
        1.69652          143.37         17.6707 
        1.71228         141.508         17.2809 
        1.72806         139.613         16.9025 
        1.74368         137.955         16.5392 
        1.75933         136.546         16.1859 
        1.77505         133.995         15.8413 
        1.79081         131.523          15.506 
         1.8065         129.732         15.1819 
        1.82218         127.633         14.8674 
        1.83797         126.975         14.5596 
        1.85367          124.97         14.2622 
        1.86928         123.093         13.9749 
        1.88497         121.719         13.6939 
        1.90073          120.38         13.4196 
        1.91647         118.141         13.1531 
        1.93218          116.87         12.8944 
        1.94787         114.892          12.643 
        1.96363         114.105         12.3973 
        1.97935         112.375         12.1586 
        1.99499         111.363         11.9275 
        2.01064         108.835         11.7022 
         2.0264         107.796         11.4812 
        2.04216          106.12          11.266 
        2.05781         104.943         11.0577 
        2.07353         103.364         10.8539 
        2.08928         102.081         10.6548 
        2.10499         100.822         10.4613 
        2.12065         100.005         10.2731 
        2.13633         98.8671         10.0894 
        2.15211         97.2128         9.90893 
        2.16785         95.7211         9.73341 
        2.18349         94.4262         9.56324 
        2.19916         93.5689         9.39678 
        2.21489         92.4695         9.23372 
        2.23063         90.8156         9.07442 
         2.2463         90.1118         8.91959 
        2.26194         88.8067         8.76875 
        2.27765         87.6551         8.62062 
        2.29341         86.7306         8.47552 
        2.30914         85.6628         8.33405 
        2.32486         84.0521         8.19589 
        2.34061          83.574         8.06063 
        2.35635         82.2164         7.92854 
        2.37203         80.9787         7.79986 
        2.38768         80.1784         7.67429 
        2.40339         79.6111         7.55104 
        2.41914         78.0138         7.43019 
        2.43483         77.2791         7.31242 
         2.4505         76.4946         7.19739 
        2.46622         75.5535         7.08444 
        2.48195         74.5276          6.9739 
        2.49759         73.5848          6.8663 
        2.51328         72.8946         6.76069 
        2.52906         71.3335         6.65664 
        2.54479         70.7868         6.55515 
        2.56049         69.8186         6.45597 
        2.57618         68.8582         6.35893 
        2.59189         68.5057         6.26373 
        2.60758         67.2481         6.17063 
        2.62325         66.7366         6.07953 
        2.63898         65.8994         5.98995 
        2.65468          65.131         5.90236 
        2.67044         64.2652         5.81614 
        2.68618         63.6636         5.73184 
        2.70184         62.5543         5.64954 
        2.71755         61.9199         5.56865 
        2.73329         61.1079         5.48922 
        2.74897          60.651         5.41159 
        2.76462         59.9337         5.33564 
        2.78034         59.1809         5.26082 
        2.79607         58.4766         5.18736 
        2.81179         57.8328         5.11538 
        2.82749         57.3384         5.04484 
        2.84321         56.6945         4.97556 
        2.85893         56.0413         4.90759 
        2.87462         55.3198           4.841 
        2.89033         54.6667         4.77559 
        2.90605         54.2155         4.71133 
        2.92176         53.4036         4.64828 
        2.93747         52.7988         4.58641 
        2.95318         52.3104         4.52566 
        2.96891         51.6389         4.46597 
        2.98456         51.1004         4.40762 
        3.00023         50.4207         4.35023 
        3.01596         50.1335         4.29368 
        3.03164         49.4889         4.23829 
        3.04738         48.9123         4.18372 
         3.0631         48.1672         4.13012 
        3.07883         47.8098         4.07746 
        3.09456         47.2195         4.02572 
        3.11026         46.6739         3.97496 
        3.12596         46.3394         3.92507 
        3.14163         45.6401         3.87616 
        3.15734         45.1831         3.82796 
        3.17308         44.7048         3.78046 
        3.18879         44.1928          3.7339 
        3.20447         43.8007         3.68819 
         3.2202          43.192          3.6431 
         3.2359         42.8463         3.59884 
        3.25157         42.4028         3.55542 
        3.26729         41.9075         3.51259 
        3.28304         41.5409         3.47037 
        3.29877         40.9801          3.4289 
        3.31446         40.7191          3.3882 
        3.33014         40.2594         3.34819 
        3.34585         39.7625         3.30877 
        3.36158         39.3416         3.26992 
        3.37727         38.9926         3.23181 
        3.39294         38.6219         3.19434 
        3.40867         38.2769         3.15734 
        3.42439         37.7245         3.12093 
        3.44008         37.3731         3.08517 
        3.45578         36.9367         3.04995 
        3.47153         36.6268         3.01519 
        3.48724         36.1128         2.98104 
        3.50292         35.7256         2.94749 
        3.51859         35.6006         2.91447 
        3.53431         35.0066         2.88186 
        3.55007         34.7286         2.84966 
        3.56577         34.4701         2.81808 
        3.58146         34.0153         2.78699 
        3.59719         33.7094          2.7563 
        3.61292         33.3497         2.72608 
        3.62859         33.0969         2.69642 
        3.64429         32.8795         2.66715 
        3.66003         32.4652         2.63822 
        3.67578         32.1991         2.60973 
        3.69146          31.871         2.58177 
        3.70712         31.5263         2.55427 
        3.72284         31.2451         2.52706 
        3.73853         30.9574          2.5003 
        3.75422           30.66         2.47391 
        3.76993         30.4151         2.44788 
        3.78564         30.0956         2.42224 
        3.80137         29.7874         2.39692 
        3.81707         29.4707         2.37201 
        3.83279         29.1583         2.34744 
        3.84853          28.885         2.32317 
        3.86424         28.6695         2.29929 
        3.87992         28.3763         2.27579 
        3.89561         28.2225          2.2526 
        3.91134          27.895          2.2297 
        3.92704         27.6088         2.20714 
        3.94273         27.3847         2.18491 
        3.95845         27.0809         2.16295 
        3.97418          26.816         2.14128 
        3.98988         26.4926         2.11994 
        4.00554         26.2439         2.09894 
        4.02125         26.0835         2.07817 
        4.03698         25.8439         2.05765 
        4.05268         25.6132         2.03745 
        4.06839         25.3189         2.01751 
         4.0841         25.1623         1.99784 
        4.09983         24.8111          1.9784 
        4.11555         24.6191         1.95923 
        4.13124         24.4916         1.94036 
        4.14693         24.2448         1.92173 
        4.16266         23.9598          1.9033 
        4.17839         23.7897         1.88511 
        4.19408         23.5361         1.86721 
        4.20977         23.3368         1.84953 
        4.22551         23.1883         1.83204 
        4.24123         22.9501         1.81479 
        4.25691          22.768         1.79781 
        4.27259         22.5194         1.78104 
        4.28831         22.3375         1.76445 
        4.30404         22.1262         1.74805 
        4.31974         21.9056          1.7319 
        4.33543          21.746         1.71596 
        4.35116         21.5664         1.70019 
        4.36688         21.4041         1.68461 
        4.38255         21.1811         1.66929 
        4.39825          21.002         1.65413 
        4.41398         20.8816         1.63912 
         4.4297           20.66         1.62432 
        4.44541         20.4437          1.6097 
        4.46111         20.2846         1.59527 
        4.47683         20.0852           1.581 
        4.49251         19.9404         1.56694 
        4.50819         19.7805         1.55305 
         4.5239         19.5569         1.53932 
        4.53962         19.4291         1.52573 
        4.55535         19.2273         1.51229 
        4.57106         19.0783         1.49904 
        4.58678         18.9101         1.48594 
         4.6025         18.7722           1.473 
        4.61821         18.5695         1.46021 
        4.63391          18.424         1.44759 
         4.6496         18.3123         1.43512 
        4.66532         18.1142         1.42278 
        4.68103         17.9615          1.4106 
        4.69673         17.8706         1.39856 
        4.71241         17.7312         1.38668 
        4.72811         17.5335         1.37491 
        4.74384         17.4169         1.36327 
        4.75955         17.2397         1.35178 
        4.77525          17.133         1.34042 
        4.79096         16.9872         1.32918 
        4.80669         16.8529         1.31807 
         4.8224         16.7114          1.3071 
        4.83809         16.6094         1.29626 
        4.85379         16.4318         1.28553 
         4.8695         16.2502         1.27492 
        4.88521         16.1473         1.26444 
        4.90093         16.0712         1.25407 
        4.91663          15.897         1.24382 
        4.93234         15.7468         1.23368 
        4.94807         15.6552         1.22364 
        4.96377         15.4809         1.21374 
        4.97943         15.3833         1.20396 
        4.99514         15.2803         1.19427 
        5.01086         15.1119         1.18467 
        5.02654         15.0599         1.17521 
        5.04227          14.886         1.16582 
          5.058         14.7932         1.15652 
        5.07371         14.6885         1.14735 
        5.08942         14.5377         1.13828 
        5.10513         14.4505          1.1293 
        5.12084         14.2968         1.12041 
        5.13656         14.2063         1.11162 
        5.15225         14.0784         1.10294 
        5.16796         13.9936         1.09434 
        5.18369         13.8912         1.08582 
         5.1994         13.7907         1.07741 
        5.21509         13.6653         1.06909 
        5.23079         13.5775         1.06086 
        5.24649         13.4789         1.05271 
        5.26217         13.3565         1.04466 
        5.27788         13.2656         1.03668 
        5.29359         13.1496         1.02878 
        5.30933         13.0579         1.02095 
        5.32504         12.9362         1.01321 
        5.34073         12.8509         1.00557 
        5.35646         12.7546        0.997983 
        5.37218         12.6523        0.990476 
        5.38789         12.5624        0.983059 
        5.40357         12.4797        0.975726 
        5.41929         12.3999        0.968451 
        5.43502         12.2791        0.961249 
         5.4507         12.2063        0.954137 
        5.46639         12.1107        0.947096 
        5.48212         11.9927         0.94011 
        5.49786         11.9155        0.933185 
        5.51353         11.8259        0.926365 
        5.52921         11.7362        0.919605 
        5.54495         11.6693        0.912893 
        5.56066         11.5861        0.906254 
        5.57637         11.4927        0.899683 
        5.59207         11.3995        0.893182 
        5.60778         11.3195        0.886743 
        5.62346         11.2478        0.880376 
        5.63916         11.1578        0.874066 
        5.65487         11.0898        0.867814 
         5.6706         10.9957        0.861615 
        5.68633         10.9185        0.855475 
        5.70203         10.8267        0.849406 
        5.71773         10.7587        0.843398 
        5.73344         10.6925        0.837444 
        5.74916         10.6201        0.831542 
        5.76486         10.5245        0.825705 
        5.78054         10.4541        0.819933 
        5.79626         10.3713          0.8142 
          5.812         10.3069        0.808515 
         5.8277         10.2175        0.802901 
        5.84339         10.1406        0.797341 
        5.85911         10.0735        0.791822 
        5.87484         10.0053        0.786356 
        5.89053         9.93761        0.780952 
        5.90623         9.86773        0.775597 
        5.92195         9.78118        0.770282 
        5.93767         9.73333         0.76502 
        5.95336         9.67198        0.759816 
        5.96905         9.57072        0.754662 
        5.98476         9.51935        0.749548 
        6.00048          9.4574         0.74448 
        6.01617         9.38686        0.739465 
        6.03185         9.32486        0.734502 
        6.04756         9.24657        0.729573 
        6.06331         9.17798        0.724679 
        6.07903          9.1469        0.719839 
        6.09473         9.06467        0.715048 
        6.11044         9.00892        0.710297 
        6.12616         8.94866        0.705589 
        6.14186         8.87576        0.700928 
        6.15755         8.82709        0.696309 
        6.17326         8.76121        0.691729 
        6.18898         8.69714        0.687187 
        6.20467         8.64025        0.682694 
        6.22036         8.58953        0.678242 
         6.2361         8.53986        0.673817 
         6.2518         8.47302        0.669439 
        6.26748         8.42152        0.665109 
        6.28319         8.35805        0.660805 
        6.29893         8.29052        0.656535 
        6.31463         8.25054        0.652311 
        6.33033          8.1822        0.648124 
        6.34604         8.12984        0.643972 
        6.36177         8.07564        0.639851 
        6.37747         8.02544        0.635775 
        6.39316         7.97039        0.631736 
        6.40888         7.91406        0.627724 
         6.4246         7.87631        0.623747 
        6.44031         7.81932        0.619806 
        6.45601         7.76118        0.615904 
        6.47172         7.71734        0.612031 
        6.48744         7.65488         0.60819 
        6.50313         7.60787        0.604388 
        6.51882         7.56462        0.600619 
        6.53452         7.50599        0.596879 
        6.55025         7.46481        0.593165 
        6.56597         7.41255        0.589487 
        6.58166         7.37392        0.585844 
        6.59736         7.32435         0.58223 
        6.61307         7.26591        0.578643 
         6.6288         7.22939        0.575085 
         6.6445         7.17426         0.57156 
         6.6602         7.11895        0.568066 
        6.67592          7.0907        0.564598 
        6.69164         7.03524        0.561159 
        6.70735         6.99185        0.557749 
        6.72304          6.9449        0.554372 
        6.73874          6.8966        0.551021 
        6.75446         6.85087        0.547694 
        6.77016         6.82255        0.544399 
        6.78585         6.78173        0.541131 
        6.80156          6.7305        0.537889 
        6.81729         6.69449        0.534667 
        6.83301          6.6404        0.531473 
         6.8487         6.60334        0.528312 
         6.8644         6.56273        0.525174 
        6.88012         6.51293        0.522059 
        6.89583          6.4816        0.518972 
        6.91151         6.43601        0.515913 
        6.92723         6.40052        0.512872 
        6.94296         6.35183        0.509854 
        6.95866         6.32299        0.506866 
        6.97436         6.28185        0.503901 
        6.99007         6.23093        0.500959 
        7.00578         6.21071         0.49804 
        7.02147         6.15712        0.495148 
        7.03718         6.12261        0.492276 
         7.0529         6.09652        0.489423 
        7.06863         6.05715        0.486592 
        7.08433         6.02227        0.483788 
        7.10004         5.97897        0.481006 
        7.11575           5.947        0.478245 
        7.13145         5.91655        0.475506 
        7.14715         5.85682         0.47279 
        7.16284         5.83246        0.470098 
        7.17855         5.80566        0.467421 
        7.19428         5.76253        0.464762 
        7.20998         5.72392        0.462129 
        7.22568         5.69405        0.459516 
        7.24139         5.66182        0.456922 
        7.25711           5.622        0.454348 
        7.27282         5.58872        0.451793 
        7.28852         5.55496        0.449261 
        7.30423         5.52745        0.446745 
        7.31995         5.49356        0.444249 
        7.33565         5.46283        0.441773 
        7.35135         5.44113        0.439316 
        7.36706         5.39481        0.436878 
        7.38277         5.35871        0.434457 
        7.39847         5.33382        0.432055 
        7.41419         5.30539         0.42967 
         7.4299         5.27424        0.427303 
        7.44561         5.23938        0.424955 
        7.46132         5.21048        0.422624 
        7.47701         5.17996        0.420313 
        7.49272         5.15133        0.418017 
        7.50842         5.12021        0.415739 
         7.5241         5.08896        0.413482 
        7.53981         5.05852        0.411237 
        7.55552         5.02927        0.409008 
        7.57125         5.00611        0.406793 
        7.58698         4.97435        0.404594 
        7.60268         4.94682        0.402416 
         7.6184         4.91757        0.400252 
        7.63411         4.88783        0.398104 
        7.64981         4.85461        0.395973 
        7.66552         4.83577        0.393858 
        7.68123         4.81149        0.391757 
        7.69695         4.78087         0.38967 
        7.71264          4.7481        0.387602 
        7.72834         4.72894        0.385548 
        7.74407         4.69949        0.383505 
        7.75978         4.67517        0.381478 
        7.77546          4.6546        0.379471 
        7.79116         4.61496        0.377476 
         7.8069         4.59235        0.375491 
         7.8226         4.57284        0.373523 
        7.83828         4.54447        0.371573 
        7.85399         4.52123        0.369633 
        7.86972         4.49507        0.367704 
        7.88543         4.46747        0.365792 
        7.90111         4.44856        0.363897 
        7.91681         4.41712        0.362012 
        7.93255         4.39338        0.360137 
        7.94828         4.37352        0.358276 
        7.96397         4.34506        0.356431 
        7.97967         4.32697          0.3546 
        7.99538         4.30594         0.35278 
         8.0111         4.27473        0.350972 
         8.0268          4.2544        0.349179 
        8.04248         4.23626          0.3474 
         8.0582         4.21187         0.34563 
        8.07393         4.18498         0.34387 
        8.08963         4.16765        0.342126 
        8.10533          4.1412        0.340394 
        8.12104         4.11872        0.338673 
        8.13675         4.09002        0.336964 
        8.15245         4.07258        0.335268 
        8.16815         4.05177        0.333583 
        8.18387         4.03035        0.331908 
        8.19959         4.00783        0.330244 
         8.2153         3.98906        0.328593 
        8.23101         3.97029        0.326953 
        8.24672         3.94476        0.325324 
        8.26241         3.92555        0.323709 
         8.2781          3.9017        0.322104 
        8.29381         3.88744        0.320508 
        8.30952         3.86473        0.318923 
        8.32524         3.84617        0.317348 
        8.34095         3.82163        0.315784 
        8.35666          3.8044        0.314231 
        8.37237         3.78761        0.312688 
        8.38808         3.76676        0.311156 
        8.40379         3.74841        0.309634 
         8.4195         3.72711        0.308122 
         8.4352         3.70543        0.306621 
        8.45091         3.69138        0.305129 
        8.46662         3.67148        0.303647 
        8.48232         3.65795        0.302176 
        8.49802         3.63539        0.300714 
        8.51374          3.6178        0.299261 
        8.52945         3.59382        0.297818 
        8.54515         3.58193        0.296385 
        8.56086         3.56122         0.29496 
        8.57658         3.54188        0.293545 
        8.59228         3.53035         0.29214 
        8.60799         3.50737        0.290743 
        8.62371          3.4941        0.289356 
        8.63942         3.47424        0.287977 
        8.65512         3.45949        0.286609 
        8.67082         3.43819        0.285249 
        8.68653         3.42365        0.283897 
        8.70224          3.4032        0.282554 
        8.71795          3.3918        0.281221 
        8.73365         3.37317        0.279895 
        8.74936         3.35614        0.278579 
        8.76506         3.33614        0.277271 
        8.78076         3.32276        0.275972 
        8.79646         3.30623         0.27468 
        8.81218         3.29371        0.273396 
        8.82791         3.27296        0.272119 
         8.8436         3.25678        0.270853 
         8.8593         3.24676        0.269595 
        8.87503         3.22767        0.268342 
        8.89076         3.21449        0.267097 
        8.90644         3.20001        0.265864 
        8.92214         3.18133        0.264638 
        8.93786         3.16867        0.263417 
        8.95357         3.15396        0.262205 
        8.96928         3.14047           0.261 
        8.98498         3.12447        0.259804 
        9.00069         3.10894        0.258614 
        9.01639         3.08965        0.257432 
        9.03208         3.08309        0.256259 
        9.04778          3.0686        0.255093 
        9.06351         3.05288        0.253931 
        9.07923         3.03642        0.252778 
        9.09493         3.02186        0.251632 
        9.11062         3.00971        0.250495 
        9.12635         2.99596        0.249363 
        9.14207         2.98635        0.248237 
        9.15777         2.97119         0.24712 
        9.17346         2.95488         0.24601 
        9.18917         2.94599        0.244906 
         9.2049         2.92623        0.243808 
        9.22061         2.91867        0.242717 
        9.23631         2.90286        0.241634 
        9.25201         2.88667        0.240557 
        9.26773         2.87591        0.239486 
        9.28343          2.8612        0.238422 
        9.29913         2.84898        0.237365 
        9.31484         2.83593        0.236314 
        9.33057         2.82831        0.235267 
        9.34627         2.81422        0.234229 
        9.36197         2.79864        0.233197 
        9.37768         2.78937        0.232171 
        9.39338         2.77745        0.231151 
        9.40909         2.76312        0.230138 
        9.42479         2.75668         0.22913 
         9.4405         2.73958        0.228129 
        9.45621         2.72358        0.227133 
        9.47193         2.71935        0.226143 
        9.48763         2.70881         0.22516 
        9.50334         2.69459        0.224182 
        9.51906         2.68313         0.22321 
        9.53476         2.67217        0.222244 
        9.55045         2.65957        0.221284 
        9.56616         2.64941        0.220329 
        9.58188         2.63926        0.219379 
        9.59759         2.62474        0.218435 
         9.6133         2.61635        0.217496 
        9.62901         2.60642        0.216562 
        9.64471         2.59305        0.215634 
        9.66041         2.58494        0.214711 
        9.67612         2.57215        0.213793 
        9.69184         2.56422        0.212879 
        9.70754         2.55143        0.211972 
        9.72324         2.54499        0.211071 
        9.73895         2.53242        0.210175 
        9.75467         2.51941        0.209284 
        9.77038         2.51244          0.2084 
        9.78607         2.50074        0.207522 
        9.80177          2.4893         0.20665 
        9.81749         2.47953        0.205783 
         9.8332         2.47151        0.204922 
         9.8489         2.46223        0.204068 
        9.86463         2.45139        0.203218 
        9.88035         2.44121        0.202372 
        9.89606         2.43147        0.201531 
        9.91175         2.42471        0.200695 
        9.92745         2.41552        0.199861 
        9.94317          2.4035        0.199029 
        9.95888         2.39516        0.198199 
        9.97458         2.38715        0.197371 
        9.99029         2.37658        0.196543 
         10.006         2.36824        0.196032 
        10.0217         2.36107        0.196032 
        10.0374          2.3499        0.196032 
        10.0531         2.34291        0.196032 
        10.0688         2.33491        0.196032 
        10.0845         2.32435        0.196032 
        10.1002         2.31639        0.196032 
        10.1159         2.30768        0.196032 
        10.1317         2.30096        0.196032 
        10.1474         2.29015        0.196032 
        10.1631         2.28409        0.196032 
        10.1788           2.276        0.196032 
        10.1945         2.26579        0.196032 
        10.2102         2.25771        0.196032 
        10.2259         2.25246        0.196032 
        10.2416         2.24085        0.196032 
        10.2573          2.2333        0.196032 
         10.273         2.22786        0.196032 
        10.2887         2.22121        0.196032 
        10.3044          2.2102        0.196032 
        10.3201         2.20434        0.196032 
        10.3359         2.19575        0.196032 
        10.3516         2.18877        0.196032 
        10.3673         2.18172        0.196032 
         10.383         2.17444        0.196032 
        10.3987          2.1677        0.196032 
        10.4144         2.16023        0.196032 
        10.4301         2.15032        0.196032 
        10.4458         2.14524        0.196032 
        10.4615         2.13712        0.196032 
        10.4772         2.12969        0.196032 
        10.4929         2.12371        0.196032 
        10.5086         2.11499        0.196032 
        10.5244         2.10961        0.196032 
        10.5401         2.10458        0.196032 
        10.5558         2.09652        0.196032 
        10.5715         2.09342        0.196032 
        10.5872         2.08485        0.196032 
        10.6029         2.07704        0.196032 
        10.6186         2.07149        0.196032 
        10.6343         2.06722        0.196032 
          10.65         2.05873        0.196032 
        10.6657         2.05433        0.196032 
        10.6814         2.04798        0.196032 
        10.6971         2.04193        0.196032 
        10.7129         2.03424        0.196032 
        10.7286         2.03022        0.196032 
        10.7443         2.02351        0.196032 
          10.76         2.01688        0.196032 
        10.7757         2.01351        0.196032 
        10.7914         2.00691        0.196032 
        10.8071         2.00242        0.196032 
        10.8228         1.99507        0.196032 
        10.8385         1.98984        0.196032 
        10.8542         1.98512        0.196032 
        10.8699         1.97783        0.196032 
        10.8856         1.97282        0.196032 
        10.9014         1.96963        0.196032 
        10.9171         1.96145        0.196032 
        10.9328         1.95445        0.196032 
        10.9485         1.95277        0.196032 
        10.9642         1.94831        0.196032 
        10.9799         1.94182        0.196032 
        10.9956         1.94029        0.196032 
        11.0113         1.93332        0.196032 
         11.027         1.93009        0.196032 
        11.0427           1.924        0.196032 
        11.0584         1.91942        0.196032 
        11.0741         1.91582        0.196032 
        11.0898         1.91056        0.196032 
        11.1055         1.90553        0.196032 
        11.1212         1.90432        0.196032 
         11.137         1.89611        0.196032 
        11.1527         1.89356        0.196032 
        11.1684         1.89049        0.196032 
        11.1841         1.88728        0.196032 
        11.1998         1.88044        0.196032 
        11.2155         1.87823        0.196032 
        11.2312         1.87452        0.196032 
        11.2469         1.87151        0.196032 
        11.2626         1.86614        0.196032 
        11.2783         1.86221        0.196032 
         11.294         1.85775        0.196032 
        11.3097         1.85432        0.196032 
        11.3254         1.85198        0.196032 
        11.3412         1.84847        0.196032 
        11.3569         1.84418        0.196032 
        11.3726         1.84068        0.196032 
        11.3883         1.83747        0.196032 
         11.404         1.83581        0.196032 
        11.4197         1.83239        0.196032 
        11.4354         1.82881        0.196032 
        11.4511         1.82633        0.196032 
        11.4668         1.82346        0.196032 
        11.4825         1.81931        0.196032 
        11.4982          1.8178        0.196032 
         11.514         1.81453        0.196032 
        11.5297         1.80988        0.196032 
        11.5454         1.80742        0.196032 
        11.5611         1.80532        0.196032 
        11.5768         1.80432        0.196032 
        11.5925         1.80205        0.196032 
        11.6082          1.7999        0.196032 
        11.6239          1.7958        0.196032 
        11.6396         1.79341        0.196032 
        11.6553         1.79154        0.196032 
         11.671         1.78994        0.196032 
        11.6867         1.78624        0.196032 
        11.7024         1.78479        0.196032 
        11.7182         1.78486        0.196032 
        11.7339         1.78292        0.196032 
        11.7496           1.778        0.196032 
        11.7653         1.77868        0.196032 
         11.781         1.77785        0.196032 
        11.7967         1.77478        0.196032 
        11.8124         1.77274        0.196032 
        11.8281         1.77254        0.196032 
        11.8438         1.77205        0.196032 
        11.8595         1.76973        0.196032 
        11.8752         1.76843        0.196032 
         11.891         1.76806        0.196032 
        11.9067         1.76623        0.196032 
        11.9224         1.76506        0.196032 
        11.9381         1.76512        0.196032 
        11.9538         1.76349        0.196032 
        11.9695         1.76247        0.196032 
        11.9852         1.76384        0.196032 
        12.0009         1.76096        0.196032 
        12.0166         1.76085        0.196032 
        12.0323         1.76052        0.196032 
         12.048         1.75978        0.196032 
        12.0637         1.75997        0.196032 
