# k  (h/Mpc)    Pcb(k)  (Mpc/h)^3    Pcb_linear(k) (Mpc/h)^3   ShotnoiseSubtracted = true
      0.0200456         3354.58         3395.38 
      0.0350414         2213.34         2161.73 
      0.0492313         1496.93          1492.3 
      0.0637834         1214.89         1237.68 
      0.0800726         914.086         930.502 
       0.096163         656.319         636.297 
       0.111083         533.453         515.418 
       0.126058         459.709         462.845 
       0.142273         372.097          371.68 
       0.158546         292.076           283.7 
        0.17375         255.825         246.321 
       0.188953         232.239          224.67 
       0.204907         191.724         190.547 
       0.220756         165.868         157.715 
        0.23588         147.268         140.349 
         0.2514         133.352          128.39 
       0.267535         121.461         112.908 
       0.283568         105.096         98.0378 
       0.299022         96.9697         88.4444 
       0.314451         91.7909         81.2574 
       0.330372         80.8073         73.3343 
       0.346141          73.359         65.7973 
       0.361624         67.5672         60.0939 
       0.377134         61.7607         55.4778 
       0.392932         59.2709         50.9086 
       0.408854         54.1928         46.5453 
       0.424564         51.4864         42.9251 
       0.440253         46.9159         39.8483 
       0.455999         42.6602         36.9701 
       0.471626         40.4387         34.3013 
        0.48727         39.0518         31.9303 
       0.502856         36.3344         29.8498 
       0.518488         34.0476         27.9291 
       0.534347          31.948         26.1206 
       0.550082         30.6622         24.4902 
       0.565732         29.4165         23.0251 
       0.581496         27.4294         21.6681 
       0.597222          26.005         20.4138 
       0.612804         24.6769         19.2671 
       0.628434         24.1879         18.2114 
       0.644267         22.8122         17.2243 
       0.660051         21.6519         16.3119 
       0.675724         20.6163         15.4705 
       0.691403         20.1354         14.6875 
       0.707174         19.2328          13.954 
       0.722871         18.5946         13.2735 
        0.73838         17.6003         12.6455 
       0.754018         16.6021         12.0533 
       0.769845         16.2158         11.4927 
        0.78569         15.6795         10.9672 
       0.801365         15.0527         10.4798 
       0.817031         14.4328         10.0224 
       0.832809         14.0025         9.58951 
       0.848511         13.5179         9.18417 
       0.864097          13.067         8.80508 
       0.879701         12.8174         8.44706 
       0.895507         12.3119         8.10477 
       0.911279         11.7782         7.78217 
        0.92691         11.5333         7.47982 
       0.942635         11.2045         7.19189 
       0.958396         10.8288         6.91851 
       0.974128         10.5362         6.65985 
       0.989692         10.0245         6.41696 
        1.00528         9.94055         6.18584 
        1.02113         9.59338         5.96249 
        1.03692         9.36526         5.75101 
        1.05264         9.13098         5.55076 
        1.06832         8.92388         5.36037 
        1.08405          8.6557         5.17842 
        1.09979         8.43264          5.0048 
        1.11537         8.19167         4.84088 
        1.13105          8.0442         4.68332 
        1.14679          7.8488         4.53218 
        1.16256         7.66361         4.38742 
        1.17828         7.48929         4.24947 
        1.19395         7.32304         4.11791 
         1.2097         7.08959         3.99127 
        1.22537         6.95098         3.87056 
          1.241         6.74921         3.75521 
        1.25666         6.70594         3.64428 
        1.27241         6.56247         3.53732 
        1.28819         6.27959         3.43447 
        1.30392         6.25643           3.336 
        1.31957         6.07105         3.24184 
        1.33529         5.98547         3.15097 
        1.35108         5.85477         3.06322 
        1.36674         5.69835         2.97945 
         1.3824         5.61413         2.89888 
        1.39811         5.51694         2.82102 
        1.41389         5.38392         2.74573 
        1.42964         5.29189         2.67331 
        1.44531         5.18476         2.60386 
        1.46101         5.13149         2.53672 
        1.47667         5.01386         2.47216 
        1.49229         4.86293         2.41001 
        1.50793         4.80409         2.34993 
        1.52367         4.71023          2.2915 
        1.53953         4.63101         2.23468 
        1.55526         4.56905         2.18023 
        1.57092         4.48296         2.12782 
        1.58662         4.39893         2.07701 
        1.60235         4.34371         2.02776 
        1.61809         4.26863         1.98008 
        1.63369         4.18461         1.93435 
        1.64941         4.10369         1.88975 
        1.66519         4.06129         1.84638 
        1.68085         3.97621         1.80469 
        1.69652         3.92732         1.76427 
        1.71228         3.88778         1.72486 
        1.72806          3.8112         1.68662 
        1.74368         3.75608         1.64992 
        1.75933         3.69163         1.61424 
        1.77505         3.62166         1.57944 
        1.79081         3.58026         1.54561 
         1.8065         3.54593         1.51292 
        1.82218         3.48385          1.4812 
        1.83797         3.41185         1.45017 
        1.85367         3.37052          1.4202 
        1.86928         3.33279         1.39126 
        1.88497         3.27596         1.36296 
        1.90073         3.23088         1.33535 
        1.91647         3.17066         1.30852 
        1.93218         3.13892         1.28249 
        1.94787         3.10175          1.2572 
        1.96363         3.06296          1.2325 
        1.97935         3.02581         1.20851 
        1.99499         2.98497         1.18529 
        2.01064         2.94262         1.16265 
         2.0264         2.90984         1.14045 
        2.04216         2.86464         1.11885 
        2.05781         2.83136         1.09794 
        2.07353         2.80019         1.07749 
        2.08928         2.75364         1.05752 
        2.10499         2.71626          1.0381 
        2.12065          2.7121         1.01923 
        2.13633         2.67016         1.00081 
        2.15211         2.62055        0.982732 
        2.16785          2.5913        0.965146 
        2.18349         2.57119          0.9481 
        2.19916         2.53893         0.93143 
        2.21489          2.5159        0.915104 
        2.23063         2.47604        0.899158 
         2.2463         2.44418        0.883664 
        2.26194         2.41333        0.868572 
        2.27765         2.36894        0.853755 
        2.29341         2.34978        0.839245 
        2.30914         2.32684        0.825101 
        2.32486          2.3092         0.81129 
        2.34061         2.28709        0.797772 
        2.35635         2.25705        0.784574 
        2.37203         2.24788        0.771719 
        2.38768         2.22069        0.759179 
        2.40339         2.17684        0.746871 
        2.41914         2.16254        0.734807 
        2.43483         2.13463        0.723051 
         2.4505         2.11144        0.711572 
        2.46622          2.0939        0.700303 
        2.48195         2.07909        0.689276 
        2.49759         2.04755        0.678545 
        2.51328         2.03379        0.668014 
        2.52906         2.00837        0.657639 
        2.54479         1.99012        0.647524 
        2.56049         1.97057         0.63764 
        2.57618         1.94973         0.62797 
        2.59189         1.94227        0.618486 
        2.60758         1.92281        0.609213 
        2.62325         1.88407        0.600141 
        2.63898         1.87121        0.591221 
        2.65468         1.85109        0.582501 
        2.67044         1.84508        0.573919 
        2.68618          1.8284         0.56553 
        2.70184          1.8095        0.557341 
        2.71755         1.78571        0.549294 
        2.73329         1.76931        0.541393 
        2.74897          1.7545        0.533673 
        2.76462          1.7385         0.52612 
        2.78034         1.72489        0.518682 
        2.79607         1.70626        0.511379 
        2.81179         1.69344        0.504225 
        2.82749         1.67339        0.497216 
        2.84321         1.66202        0.490332 
        2.85893         1.64096         0.48358 
        2.87462         1.63496        0.476967 
        2.89033         1.62388         0.47047 
        2.90605         1.60566        0.464089 
        2.92176         1.58879         0.45783 
        2.93747         1.57862        0.451688 
        2.95318         1.56529        0.445658 
        2.96891         1.55406        0.439735 
        2.98456         1.53975        0.433945 
        3.00023         1.52816        0.428251 
        3.01596         1.51062        0.422642 
        3.03164         1.50073        0.417148 
        3.04738         1.49165        0.411736 
         3.0631         1.47873        0.406421 
        3.07883         1.46764          0.4012 
        3.09456         1.45194        0.396072 
        3.11026         1.44229         0.39104 
        3.12596         1.43009        0.386096 
        3.14163         1.42234        0.381249 
        3.15734         1.40664        0.376474 
        3.17308         1.39747        0.371769 
        3.18879         1.39161        0.367157 
        3.20447         1.37646        0.362629 
         3.2202         1.36604        0.358164 
         3.2359         1.35987        0.353782 
        3.25157         1.34417        0.349483 
        3.26729         1.33341        0.345243 
        3.28304         1.32482        0.341064 
        3.29877          1.3132         0.33696 
        3.31446         1.30248        0.332932 
        3.33014         1.29844        0.328974 
        3.34585         1.28483        0.325073 
        3.36158          1.2746         0.32123 
        3.37727         1.27187        0.317461 
        3.39294         1.25996        0.313755 
        3.40867         1.25413        0.310096 
        3.42439         1.24171        0.306496 
        3.44008         1.23171        0.302961 
        3.45578         1.22454        0.299478 
        3.47153         1.21852        0.296042 
        3.48724         1.20624        0.292667 
        3.50292         1.19746        0.289351 
        3.51859         1.19215        0.286089 
        3.53431         1.18259        0.282866 
        3.55007         1.17537        0.279685 
        3.56577         1.16927        0.276566 
        3.58146         1.16038        0.273495 
        3.59719         1.15425        0.270464 
        3.61292         1.14541        0.267479 
        3.62859         1.13795        0.264551 
        3.64429         1.13187        0.261661 
        3.66003         1.12368        0.258805 
        3.67578         1.11735        0.255992 
        3.69146         1.10663        0.253232 
        3.70712         1.10352        0.250517 
        3.72284          1.0925        0.247833 
        3.73853         1.08439        0.245192 
        3.75422         1.08213        0.242588 
        3.76993         1.07335         0.24002 
        3.78564           1.063         0.23749 
        3.80137         1.05968        0.234992 
        3.81707         1.04985        0.232535 
        3.83279         1.05028        0.230112 
        3.84853          1.0409        0.227719 
        3.86424         1.03157        0.225364 
        3.87992          1.0278        0.223046 
        3.89561         1.02079        0.220761 
        3.91134         1.01307        0.218503 
        3.92704         1.00811        0.216279 
        3.94273         1.00287        0.214088 
        3.95845        0.994028        0.211923 
        3.97418        0.986904        0.209788 
        3.98988        0.983931        0.207685 
        4.00554        0.977259        0.205616 
        4.02125        0.969241         0.20357 
        4.03698        0.964164        0.201548 
        4.05268         0.95605        0.199558 
        4.06839        0.948578        0.197594 
         4.0841        0.943419        0.195656 
        4.09983        0.938471        0.193742 
        4.11555        0.929721        0.191854 
        4.13124        0.924482        0.189996 
        4.14693        0.916664        0.188161 
        4.16266        0.912531        0.186346 
        4.17839        0.906473        0.184556 
        4.19408        0.899122        0.182794 
        4.20977        0.894792        0.181054 
        4.22551        0.889312        0.179332 
        4.24123        0.882687        0.177634 
        4.25691        0.876934        0.175963 
        4.27259        0.871268        0.174313 
        4.28831        0.868086         0.17268 
        4.30404        0.860416        0.171067 
        4.31974         0.85542        0.169478 
        4.33543        0.849877         0.16791 
        4.35116         0.84472        0.166358 
        4.36688        0.841513        0.164826 
        4.38255        0.837727        0.163319 
        4.39825        0.831119        0.161828 
        4.41398         0.82754        0.160352 
         4.4297        0.824678        0.158896 
        4.44541        0.816437        0.157459 
        4.46111        0.814087         0.15604 
        4.47683        0.809603        0.154637 
        4.49251         0.80501        0.153255 
        4.50819        0.802476         0.15189 
         4.5239        0.797229         0.15054 
        4.53962        0.792709        0.149204 
        4.55535        0.791131        0.147883 
        4.57106        0.784528        0.146581 
        4.58678        0.783532        0.145294 
         4.6025        0.779802        0.144022 
        4.61821        0.777487        0.142765 
        4.63391        0.774636        0.141525 
         4.6496        0.767283        0.140301 
        4.66532        0.766409        0.139088 
        4.68103        0.762541        0.137891 
        4.69673        0.760688        0.136709 
        4.71241        0.756127        0.135541 
        4.72811        0.754871        0.134386 
        4.74384         0.75265        0.133242 
        4.75955        0.749372        0.132114 
        4.77525        0.745084        0.130999 
        4.79096        0.742174        0.129895 
        4.80669        0.739395        0.128804 
         4.8224         0.73783        0.127726 
        4.83809         0.73562        0.126662 
        4.85379        0.734143        0.125609 
         4.8695        0.729709        0.124568 
        4.88521        0.726843        0.123538 
        4.90093        0.726797         0.12252 
        4.91663        0.723452        0.121515 
        4.93234        0.720649        0.120519 
        4.94807        0.717674        0.119534 
        4.96377        0.716638        0.118562 
        4.97943        0.716785        0.117603 
        4.99514        0.714078        0.116652 
        5.01086        0.711439         0.11571 
        5.02654        0.708249        0.114782 
        5.04227        0.706449         0.11386 
          5.058        0.707803        0.112949 
        5.07371        0.705129        0.112049 
        5.08942        0.702824        0.111159 
        5.10513         0.70213        0.110278 
        5.12084        0.698839        0.109406 
        5.13656        0.697925        0.108544 
        5.15225        0.694334        0.107693 
        5.16796        0.694657        0.106849 
        5.18369        0.693633        0.106014 
         5.1994        0.692738        0.105189 
        5.21509        0.688481        0.104374 
        5.23079         0.68903        0.103566 
        5.24649        0.688359        0.102768 
        5.26217        0.687626        0.101978 
        5.27788         0.68501        0.101195 
        5.29359        0.685711        0.100421 
        5.30933        0.684925       0.0996535 
        5.32504        0.683343       0.0988953 
        5.34073        0.683016       0.0981458 
        5.35646        0.680143       0.0974025 
        5.37218        0.679217       0.0966668 
        5.38789        0.680053       0.0959399 
        5.40357        0.678412       0.0952212 
        5.41929        0.678569       0.0945083 
        5.43502        0.676034       0.0938026 
         5.4507        0.673808       0.0931057 
        5.46639        0.675427       0.0924158 
        5.48212        0.673272       0.0917313 
        5.49786        0.673361       0.0910528 
        5.51353         0.67481       0.0903846 
        5.52921        0.670072       0.0897224 
        5.54495        0.671667       0.0890649 
        5.56066         0.67149       0.0884146 
        5.57637        0.672586       0.0877709 
        5.59207        0.669657       0.0871342 
        5.60778        0.670159       0.0865035 
        5.62346        0.670455       0.0858799 
        5.63916        0.669883       0.0852619 
        5.65487        0.669429       0.0846496 
         5.6706         0.66586       0.0840426 
        5.68633         0.66781       0.0834413 
        5.70203        0.666338       0.0828471 
        5.71773        0.666179       0.0822587 
        5.73344         0.66623       0.0816758 
        5.74916        0.664676        0.081098 
        5.76486        0.665509       0.0805265 
        5.78054        0.665189       0.0799614 
        5.79626        0.664474       0.0794001 
          5.812        0.663653       0.0788436 
         5.8277        0.664461       0.0782941 
        5.84339        0.665099       0.0777497 
        5.85911        0.662983       0.0772095 
        5.87484        0.663304       0.0766746 
        5.89053        0.663071       0.0761457 
        5.90623        0.661306       0.0756216 
        5.92195        0.662416       0.0751014 
        5.93767        0.663329       0.0745865 
        5.95336        0.660835       0.0740772 
        5.96905        0.660839       0.0735728 
        5.98476         0.66099       0.0730724 
        6.00048        0.662248       0.0725765 
        6.01617        0.659442       0.0720858 
        6.03185        0.660757       0.0716003 
        6.04756        0.660438        0.071118 
        6.06331         0.66065       0.0706392 
        6.07903        0.659975       0.0701657 
        6.09473        0.660174       0.0696971 
        6.11044        0.660669       0.0692322 
        6.12616        0.659197       0.0687717 
        6.14186        0.658952       0.0683158 
        6.15755          0.6586        0.067864 
        6.17326        0.659964        0.067416 
        6.18898        0.659433       0.0669718 
        6.20467        0.657795       0.0665324 
        6.22036        0.657387       0.0660969 
         6.2361        0.657479       0.0656642 
         6.2518        0.657847        0.065236 
        6.26748        0.657278       0.0648126 
        6.28319        0.658024       0.0643918 
        6.29893        0.654978       0.0639743 
        6.31463        0.657841       0.0635612 
        6.33033         0.65612       0.0631519 
        6.34604        0.657135       0.0627459 
        6.36177        0.656165        0.062343 
        6.37747        0.655348       0.0619445 
        6.39316        0.655283       0.0615496 
        6.40888        0.656396       0.0611574 
         6.4246        0.656161       0.0607686 
        6.44031        0.657332       0.0603834 
        6.45601        0.656404        0.060002 
        6.47172        0.654735       0.0596234 
        6.48744        0.655537       0.0592479 
        6.50313        0.654659       0.0588763 
        6.51882        0.654518        0.058508 
        6.53452        0.654883       0.0581425 
        6.55025        0.654118       0.0577795 
        6.56597        0.655204         0.05742 
        6.58166        0.653652        0.057064 
        6.59736        0.655405       0.0567109 
        6.61307        0.653866       0.0563604 
         6.6288         0.65328       0.0560127 
         6.6445        0.654506       0.0556683 
         6.6602        0.653137       0.0553269 
        6.67592        0.653949        0.054988 
        6.69164        0.653227        0.054652 
        6.70735         0.65286       0.0543188 
        6.72304        0.652847       0.0539889 
        6.73874        0.653471       0.0536615 
        6.75446         0.65178       0.0533365 
        6.77016        0.651479       0.0530146 
        6.78585        0.652846       0.0526954 
        6.80156        0.651724       0.0523787 
        6.81729        0.649663        0.052064 
        6.83301        0.651435        0.051752 
         6.8487        0.652581       0.0514432 
         6.8644        0.651442       0.0511368 
        6.88012        0.651849       0.0508325 
        6.89583        0.649955        0.050531 
        6.91151        0.651243       0.0502323 
        6.92723        0.650446       0.0499353 
        6.94296        0.651096       0.0496406 
        6.95866        0.649706       0.0493487 
        6.97436        0.650142       0.0490593 
        6.99007         0.64874       0.0487719 
        7.00578        0.648017        0.048487 
        7.02147        0.649515       0.0482045 
        7.03718        0.647753       0.0479241 
         7.0529         0.64993       0.0476456 
        7.06863        0.649212       0.0473692 
        7.08433        0.649441       0.0470954 
        7.10004        0.648213       0.0468238 
        7.11575        0.647439       0.0465542 
        7.13145        0.647852       0.0462869 
        7.14715        0.647751       0.0460217 
        7.16284          0.6478       0.0457588 
        7.17855         0.64689       0.0454975 
        7.19428        0.646496        0.045238 
        7.20998        0.647079        0.044981 
        7.22568        0.645913        0.044726 
        7.24139        0.646341       0.0444728 
        7.25711        0.645131       0.0442215 
        7.27282        0.646211       0.0439721 
        7.28852        0.645043        0.043725 
        7.30423        0.644577       0.0434795 
        7.31995        0.646207       0.0432359 
        7.33565        0.645475       0.0429942 
        7.35135        0.643765       0.0427545 
        7.36706        0.644166       0.0425165 
        7.38277        0.645064       0.0422802 
        7.39847        0.644241       0.0420459 
        7.41419        0.643965       0.0418132 
         7.4299        0.643347       0.0415822 
        7.44561        0.643709       0.0413531 
        7.46132        0.643372       0.0411256 
        7.47701        0.642033       0.0409002 
        7.49272        0.642324       0.0406762 
        7.50842         0.64191       0.0404539 
         7.5241        0.642047       0.0402336 
        7.53981        0.643576       0.0400146 
        7.55552        0.643071       0.0397972 
        7.57125        0.641574       0.0395811 
        7.58698        0.641719       0.0393666 
        7.60268        0.642243       0.0391541 
         7.6184        0.642586        0.038943 
        7.63411        0.641201       0.0387335 
        7.64981        0.641191       0.0385256 
        7.66552        0.640876       0.0383193 
        7.68123        0.640822       0.0381143 
        7.69695        0.640323       0.0379108 
        7.71264        0.640414        0.037709 
        7.72834        0.640434       0.0375087 
        7.74407         0.63973       0.0373095 
        7.75978        0.639776       0.0371118 
        7.77546        0.639471        0.036916 
        7.79116        0.639532       0.0367215 
         7.8069        0.638871       0.0365278 
         7.8226        0.638629       0.0363359 
        7.83828        0.638539       0.0361457 
        7.85399        0.639019       0.0359566 
        7.86972         0.63893       0.0357685 
        7.88543        0.639531        0.035582 
        7.90111        0.638794       0.0353972 
        7.91681        0.638801       0.0352134 
        7.93255        0.637935       0.0350306 
        7.94828        0.638235       0.0348491 
        7.96397        0.637321       0.0346693 
        7.97967        0.636682       0.0344907 
        7.99538        0.636721       0.0343133 
         8.0111        0.636486        0.034137 
         8.0268        0.638247       0.0339621 
        8.04248        0.638667       0.0337887 
         8.0582        0.636578       0.0336161 
        8.07393        0.636828       0.0334445 
        8.08963        0.638494       0.0332745 
        8.10533        0.637711       0.0331057 
        8.12104        0.637694       0.0329379 
        8.13675        0.637707       0.0327713 
        8.15245        0.637455       0.0326059 
        8.16815        0.638041       0.0324417 
        8.18387        0.638211       0.0322784 
        8.19959        0.638187       0.0321162 
         8.2153        0.637848       0.0319553 
        8.23101        0.638642       0.0317954 
        8.24672        0.637561       0.0316366 
        8.26241         0.63867       0.0314792 
         8.2781        0.637413       0.0313228 
        8.29381        0.637597       0.0311672 
        8.30952        0.638847       0.0310127 
        8.32524        0.639147       0.0308592 
        8.34095        0.638663       0.0307067 
        8.35666        0.637818       0.0305554 
        8.37237        0.637877        0.030405 
        8.38808        0.639102       0.0302556 
        8.40379        0.639243       0.0301073 
         8.4195        0.639055         0.02996 
         8.4352         0.63911       0.0298137 
        8.45091        0.638817       0.0296683 
        8.46662        0.638212       0.0295239 
        8.48232        0.639752       0.0293805 
        8.49802        0.638092       0.0292381 
        8.51374        0.638547       0.0290965 
        8.52945        0.638621       0.0289558 
        8.54515        0.639275       0.0288162 
        8.56086        0.639294       0.0286774 
        8.57658        0.638702       0.0285395 
        8.59228        0.638982       0.0284026 
        8.60799        0.638601       0.0282665 
        8.62371        0.639728       0.0281313 
        8.63942         0.64006        0.027997 
        8.65512        0.639787       0.0278636 
        8.67082        0.639576       0.0277311 
        8.68653        0.639526       0.0275994 
        8.70224        0.640469       0.0274686 
        8.71795        0.639626       0.0273386 
        8.73365        0.638977       0.0272095 
        8.74936        0.639504       0.0270812 
        8.76506        0.640558       0.0269539 
        8.78076        0.640178       0.0268272 
        8.79646        0.640653       0.0267015 
        8.81218        0.640285       0.0265764 
        8.82791         0.64064       0.0264519 
         8.8436        0.640238       0.0263286 
         8.8593        0.641353        0.026206 
        8.87503        0.640066        0.026084 
        8.89076        0.640823       0.0259627 
        8.90644         0.64069       0.0258426 
        8.92214        0.639944       0.0257231 
        8.93786        0.641249       0.0256042 
        8.95357        0.640799       0.0254861 
        8.96928        0.641601       0.0253688 
        8.98498        0.641587       0.0252523 
        9.00069        0.640949       0.0251364 
        9.01639        0.642384       0.0250213 
        9.03208        0.641068        0.024907 
        9.04778        0.641383       0.0247934 
        9.06351        0.641008       0.0246803 
        9.07923        0.642008       0.0245679 
        9.09493        0.642515       0.0244564 
        9.11062        0.641388       0.0243456 
        9.12635        0.643043       0.0242353 
        9.14207        0.642498       0.0241257 
        9.15777        0.642114       0.0240169 
        9.17346        0.642789       0.0239088 
        9.18917        0.642406       0.0238013 
         9.2049        0.643214       0.0236943 
        9.22061         0.64216       0.0235881 
        9.23631        0.643546       0.0234826 
        9.25201        0.643431       0.0233778 
        9.26773          0.6428       0.0232735 
        9.28343        0.643646       0.0231698 
        9.29913        0.643518       0.0230669 
        9.31484        0.643733       0.0229645 
        9.33057        0.644204       0.0228626 
        9.34627        0.643656       0.0227615 
        9.36197        0.644662       0.0226611 
        9.37768        0.644433       0.0225611 
        9.39338        0.645697       0.0224618 
        9.40909         0.64521       0.0223631 
        9.42479        0.645095       0.0222651 
         9.4405        0.644699       0.0221675 
        9.45621        0.645782       0.0220706 
        9.47193        0.645317       0.0219742 
        9.48763        0.646184       0.0218784 
        9.50334        0.645786       0.0217832 
        9.51906        0.645543       0.0216886 
        9.53476         0.64647       0.0215946 
        9.55045        0.646612       0.0215011 
        9.56616        0.645851       0.0214082 
        9.58188        0.646797       0.0213156 
        9.59759        0.646947       0.0212237 
         9.6133        0.647058       0.0211323 
        9.62901        0.647692       0.0210414 
        9.64471         0.64745       0.0209511 
        9.66041        0.647981       0.0208612 
        9.67612        0.647376       0.0207718 
        9.69184        0.648174       0.0206829 
        9.70754        0.648729       0.0205946 
        9.72324        0.648619       0.0205069 
        9.73895        0.649408       0.0204197 
        9.75467         0.64886       0.0203329 
        9.77038        0.649463       0.0202468 
        9.78607        0.649821       0.0201614 
        9.80177         0.64873       0.0200765 
        9.81749        0.650307       0.0199921 
         9.8332        0.649694       0.0199084 
         9.8489        0.651471       0.0198252 
        9.86463        0.650659       0.0197425 
        9.88035        0.651392       0.0196602 
        9.89606        0.651018       0.0195784 
        9.91175        0.650392        0.019497 
        9.92745        0.651026       0.0194158 
        9.94317         0.65142       0.0193348 
        9.95888        0.652426       0.0192541 
        9.97458        0.652069       0.0191735 
        9.99029        0.653123       0.0190929 
         10.006        0.651927       0.0190432 
        10.0217        0.653032       0.0190432 
        10.0374         0.65419       0.0190432 
        10.0531        0.653713       0.0190432 
        10.0688        0.654014       0.0190432 
        10.0845        0.654046       0.0190432 
        10.1002        0.654865       0.0190432 
        10.1159        0.655842       0.0190432 
        10.1317        0.656193       0.0190432 
        10.1474        0.655048       0.0190432 
        10.1631        0.656289       0.0190432 
        10.1788        0.655109       0.0190432 
        10.1945        0.656757       0.0190432 
        10.2102        0.656232       0.0190432 
        10.2259        0.656419       0.0190432 
        10.2416         0.65748       0.0190432 
        10.2573        0.658288       0.0190432 
         10.273        0.657968       0.0190432 
        10.2887        0.658243       0.0190432 
        10.3044        0.658877       0.0190432 
        10.3201        0.658923       0.0190432 
        10.3359        0.659778       0.0190432 
        10.3516        0.659261       0.0190432 
        10.3673        0.660188       0.0190432 
         10.383        0.660478       0.0190432 
        10.3987        0.660703       0.0190432 
        10.4144        0.661493       0.0190432 
        10.4301        0.661766       0.0190432 
        10.4458        0.662073       0.0190432 
        10.4615        0.662699       0.0190432 
        10.4772        0.662816       0.0190432 
        10.4929        0.663398       0.0190432 
        10.5086         0.66383       0.0190432 
        10.5244        0.664749       0.0190432 
        10.5401        0.665416       0.0190432 
        10.5558        0.664535       0.0190432 
        10.5715        0.665891       0.0190432 
        10.5872        0.666197       0.0190432 
        10.6029        0.665975       0.0190432 
        10.6186        0.666482       0.0190432 
        10.6343        0.667247       0.0190432 
          10.65        0.667574       0.0190432 
        10.6657        0.667607       0.0190432 
        10.6814        0.668668       0.0190432 
        10.6971        0.668833       0.0190432 
        10.7129        0.669477       0.0190432 
        10.7286        0.670162       0.0190432 
        10.7443         0.67033       0.0190432 
          10.76        0.671492       0.0190432 
        10.7757        0.671149       0.0190432 
        10.7914        0.671665       0.0190432 
        10.8071         0.67244       0.0190432 
        10.8228        0.672613       0.0190432 
        10.8385        0.674468       0.0190432 
        10.8542        0.674124       0.0190432 
        10.8699        0.674263       0.0190432 
        10.8856        0.674619       0.0190432 
        10.9014        0.675731       0.0190432 
        10.9171        0.676773       0.0190432 
        10.9328        0.677245       0.0190432 
        10.9485        0.677499       0.0190432 
        10.9642        0.677663       0.0190432 
        10.9799        0.678406       0.0190432 
        10.9956        0.680031       0.0190432 
        11.0113        0.679885       0.0190432 
         11.027        0.680745       0.0190432 
        11.0427        0.681497       0.0190432 
        11.0584        0.682094       0.0190432 
        11.0741        0.683045       0.0190432 
        11.0898         0.68307       0.0190432 
        11.1055        0.684897       0.0190432 
        11.1212        0.684749       0.0190432 
         11.137        0.685409       0.0190432 
        11.1527        0.686136       0.0190432 
        11.1684        0.686591       0.0190432 
        11.1841        0.688016       0.0190432 
        11.1998        0.688233       0.0190432 
        11.2155        0.690127       0.0190432 
        11.2312         0.69043       0.0190432 
        11.2469        0.690405       0.0190432 
        11.2626        0.691798       0.0190432 
        11.2783        0.692324       0.0190432 
         11.294        0.692744       0.0190432 
        11.3097        0.693273       0.0190432 
        11.3254        0.694712       0.0190432 
        11.3412        0.695446       0.0190432 
        11.3569        0.695931       0.0190432 
        11.3726        0.697321       0.0190432 
        11.3883        0.697943       0.0190432 
         11.404        0.698611       0.0190432 
        11.4197        0.700206       0.0190432 
        11.4354        0.700023       0.0190432 
        11.4511        0.701303       0.0190432 
        11.4668        0.702564       0.0190432 
        11.4825         0.70308       0.0190432 
        11.4982        0.704278       0.0190432 
         11.514        0.706139       0.0190432 
        11.5297        0.706303       0.0190432 
        11.5454        0.706754       0.0190432 
        11.5611        0.708335       0.0190432 
        11.5768        0.709282       0.0190432 
        11.5925        0.710357       0.0190432 
        11.6082        0.711466       0.0190432 
        11.6239        0.711801       0.0190432 
        11.6396        0.714039       0.0190432 
        11.6553        0.714636       0.0190432 
         11.671        0.715663       0.0190432 
        11.6867        0.717014       0.0190432 
        11.7024        0.718162       0.0190432 
        11.7182        0.718961       0.0190432 
        11.7339         0.71994       0.0190432 
        11.7496        0.721689       0.0190432 
        11.7653        0.722503       0.0190432 
         11.781         0.72451       0.0190432 
        11.7967        0.725401       0.0190432 
        11.8124        0.726536       0.0190432 
        11.8281        0.727639       0.0190432 
        11.8438         0.72885       0.0190432 
        11.8595        0.730216       0.0190432 
        11.8752        0.731234       0.0190432 
         11.891        0.732571       0.0190432 
        11.9067        0.733679       0.0190432 
        11.9224        0.735279       0.0190432 
        11.9381        0.736894       0.0190432 
        11.9538        0.737849       0.0190432 
        11.9695        0.739781       0.0190432 
        11.9852        0.741509       0.0190432 
        12.0009        0.742181       0.0190432 
        12.0166        0.743395       0.0190432 
        12.0323        0.745279       0.0190432 
         12.048        0.746533       0.0190432 
        12.0637        0.747596       0.0190432 
