# k  (h/Mpc)    Pcb(k)  (Mpc/h)^3    Pcb_linear(k) (Mpc/h)^3   ShotnoiseSubtracted = true
      0.0200456         2639.24         2670.94 
      0.0350414         1703.19         1665.51 
      0.0492313         1096.05         1090.15 
      0.0637834         878.464         888.595 
      0.0800726         688.788         702.426 
       0.096163         489.608         476.841 
       0.111083         371.863         358.696 
       0.126058         319.951         320.779 
       0.142273         274.639         276.718 
       0.158546         214.377         210.477 
        0.17375          176.04         169.311 
       0.188953         158.578         153.508 
       0.204907         137.782         138.763 
       0.220756         119.388         115.801 
        0.23588          101.43         97.3325 
         0.2514         90.7523         87.5512 
       0.267535         84.4555         80.3404 
       0.283568         73.9281         70.7529 
       0.299022         66.3384         61.7544 
       0.314451         61.6775         55.7314 
       0.330372         55.1966         51.3577 
       0.346141         50.3364         46.7293 
       0.361624         45.7717         42.0486 
       0.377134         41.5352          38.268 
       0.392932         39.8321         35.3546 
       0.408854         36.3105          32.638 
       0.424564         34.3951          29.955 
       0.440253          31.178         27.5657 
       0.455999         28.3061          25.587 
       0.471626         26.7364         23.8507 
        0.48727         25.7524         22.1873 
       0.502856         23.9983         20.6512 
       0.518488         22.2298         19.2943 
       0.534347         20.8015          18.072 
       0.550082         19.9189         16.9479 
       0.565732         19.0319         15.9033 
       0.581496         17.7956         14.9449 
       0.597222         16.7787         14.0793 
       0.612804         15.8162         13.2893 
       0.628434         15.4517         12.5516 
       0.644267         14.5548         11.8583 
       0.660051         13.7465          11.223 
       0.675724         13.0334           10.64 
       0.691403         12.6726         10.0976 
       0.707174         12.0474         9.58961 
       0.722871         11.6454          9.1182 
        0.73838         10.9817         8.68319 
       0.754018          10.354         8.27303 
       0.769845           10.03         7.88469 
        0.78569         9.71775         7.52076 
       0.801365         9.27925         7.18325 
       0.817031         8.89625         6.86662 
       0.832809          8.5522         6.56707 
       0.848511          8.2595         6.28674 
       0.864097         7.95186         6.02472 
       0.879701         7.77357         5.77741 
       0.895507         7.46024         5.54108 
       0.911279         7.12596         5.31847 
        0.92691         6.93624         5.10993 
       0.942635         6.69956         4.91144 
       0.958396         6.47981         4.72307 
       0.974128         6.29524         4.54493 
       0.989692          5.9653         4.37773 
        1.00528         5.89292         4.21869 
        1.02113         5.67634         4.06506 
        1.03692         5.53865         3.91964 
        1.05264          5.3619         3.78199 
        1.06832         5.22303         3.65115 
        1.08405         5.06378         3.52616 
        1.09979         4.92037         3.40693 
        1.11537         4.77352         3.29438 
        1.13105         4.65064         3.18625 
        1.14679         4.53742         3.08254 
        1.16256         4.40769         2.98324 
        1.17828         4.31499         2.88864 
        1.19395         4.17689         2.79845 
         1.2097         4.03983         2.71165 
        1.22537         3.94235         2.62895 
          1.241         3.83104         2.54993 
        1.25666         3.79934         2.47397 
        1.27241         3.70629         2.40074 
        1.28819         3.54595         2.33034 
        1.30392         3.49041         2.26297 
        1.31957         3.40146         2.19856 
        1.33529         3.31741         2.13642 
        1.35108         3.24821         2.07643 
        1.36674         3.15098         2.01917 
         1.3824         3.11297         1.96411 
        1.39811         3.04014         1.91093 
        1.41389         2.95364          1.8595 
        1.42964         2.89879         1.81006 
        1.44531         2.83423         1.76264 
        1.46101          2.8037         1.71683 
        1.47667         2.72855         1.67277 
        1.49229         2.63491         1.63038 
        1.50793         2.58326          1.5894 
        1.52367         2.52825         1.54957 
        1.53953         2.48168         1.51083 
        1.55526         2.46575         1.47372 
        1.57092         2.39714         1.43801 
        1.58662         2.35737         1.40339 
        1.60235         2.30915         1.36985 
        1.61809         2.26032         1.33738 
        1.63369         2.21353         1.30625 
        1.64941         2.16888         1.27588 
        1.66519         2.14652         1.24637 
        1.68085         2.09365           1.218 
        1.69652         2.05812         1.19051 
        1.71228         2.02873          1.1637 
        1.72806         1.98869          1.1377 
        1.74368         1.95207         1.11274 
        1.75933         1.91941         1.08849 
        1.77505         1.87926         1.06484 
        1.79081         1.84787         1.04186 
         1.8065         1.82438         1.01964 
        1.82218         1.78264        0.998095 
        1.83797         1.74858        0.977021 
        1.85367         1.72235         0.95667 
        1.86928         1.69842         0.93702 
        1.88497         1.66255        0.917812 
        1.90073         1.64542        0.899071 
        1.91647         1.61253        0.880869 
        1.93218         1.58587        0.863207 
        1.94787         1.56805        0.846054 
        1.96363         1.54305        0.829299 
        1.97935         1.51549         0.81303 
        1.99499         1.49154        0.797288 
        2.01064         1.47137        0.781939 
         2.0264         1.44613        0.766896 
        2.04216         1.42378        0.752256 
        2.05781          1.4031        0.738089 
        2.07353         1.38724        0.724235 
        2.08928         1.36395        0.710705 
        2.10499          1.3353        0.697557 
        2.12065         1.33023        0.684779 
        2.13633         1.30611        0.672309 
        2.15211           1.279        0.660069 
        2.16785         1.26724        0.648166 
        2.18349         1.24767        0.636631 
        2.19916         1.23522        0.625351 
        2.21489         1.22159        0.614306 
        2.23063         1.19626         0.60352 
         2.2463         1.17644         0.59304 
        2.26194         1.16536        0.582835 
        2.27765          1.1379        0.572816 
        2.29341         1.12839        0.563006 
        2.30914         1.11504        0.553446 
        2.32486         1.10674        0.544111 
        2.34061         1.08723        0.534976 
        2.35635         1.07358        0.526059 
        2.37203          1.0641        0.517374 
        2.38768         1.04792        0.508903 
        2.40339         1.02939         0.50059 
        2.41914          1.0207        0.492443 
        2.43483         1.00784        0.484505 
         2.4505        0.993637        0.476755 
        2.46622        0.980935        0.469148 
        2.48195        0.971351        0.461705 
        2.49759        0.955936        0.454463 
        2.51328        0.947654        0.447356 
        2.52906        0.936163        0.440357 
        2.54479        0.922269        0.433532 
        2.56049        0.914769        0.426865 
        2.57618        0.902873        0.420343 
        2.59189        0.892017        0.413948 
        2.60758        0.882668        0.407694 
        2.62325        0.869111        0.401578 
        2.63898        0.858718        0.395564 
        2.65468         0.84651        0.389687 
        2.67044        0.841871        0.383903 
        2.68618        0.832893        0.378249 
        2.70184        0.826061        0.372731 
        2.71755        0.815162        0.367309 
        2.73329        0.802133        0.361987 
        2.74897        0.795849        0.356786 
        2.76462        0.788116        0.351699 
        2.78034        0.780379         0.34669 
        2.79607         0.76948        0.341773 
        2.81179        0.761768        0.336956 
        2.82749        0.753043        0.332237 
        2.84321         0.74466        0.327603 
        2.85893        0.737447        0.323059 
        2.87462        0.732104        0.318608 
        2.89033        0.724594        0.314236 
        2.90605        0.715585        0.309943 
        2.92176        0.710639        0.305731 
        2.93747        0.702432          0.3016 
        2.95318        0.695026        0.297544 
        2.96891         0.69039         0.29356 
        2.98456        0.681616        0.289666 
        3.00023        0.674182        0.285838 
        3.01596        0.665199        0.282066 
        3.03164        0.661879        0.278372 
        3.04738        0.656069        0.274734 
         3.0631        0.649777        0.271162 
        3.07883        0.641915        0.267653 
        3.09456        0.637066        0.264206 
        3.11026        0.632421        0.260825 
        3.12596        0.625605        0.257504 
        3.14163        0.620998        0.254247 
        3.15734          0.6129         0.25104 
        3.17308        0.609996        0.247879 
        3.18879        0.604689        0.244781 
        3.20447        0.597958        0.241741 
         3.2202        0.593774        0.238743 
         3.2359        0.588106          0.2358 
        3.25157        0.580495        0.232914 
        3.26729        0.578146        0.230067 
        3.28304        0.573436        0.227263 
        3.29877        0.567655        0.224508 
        3.31446        0.564341        0.221805 
        3.33014         0.55707        0.219148 
        3.34585        0.553947        0.216531 
        3.36158         0.55009        0.213953 
        3.37727        0.547206        0.211424 
        3.39294         0.53933        0.208938 
        3.40867        0.537835        0.206484 
        3.42439        0.532311        0.204069 
        3.44008        0.529486        0.201698 
        3.45578        0.524794        0.199363 
        3.47153        0.520371        0.197059 
        3.48724        0.516959        0.194796 
        3.50292        0.511629        0.192573 
        3.51859        0.510726        0.190386 
        3.53431        0.504333        0.188226 
        3.55007        0.501605        0.186094 
        3.56577        0.497804        0.184004 
        3.58146        0.495093        0.181946 
        3.59719         0.49115        0.179915 
        3.61292        0.486737        0.177915 
        3.62859        0.484342        0.175953 
        3.64429        0.479263        0.174017 
        3.66003          0.4759        0.172104 
        3.67578        0.473308        0.170221 
        3.69146        0.470696        0.168372 
        3.70712         0.46621        0.166554 
        3.72284        0.463324        0.164756 
        3.73853        0.459725        0.162988 
        3.75422        0.457828        0.161245 
        3.76993        0.453436        0.159526 
        3.78564        0.449953        0.157832 
        3.80137        0.447321         0.15616 
        3.81707        0.443142        0.154516 
        3.83279        0.441346        0.152894 
        3.84853        0.437878        0.151292 
        3.86424        0.434679        0.149717 
        3.87992        0.432882        0.148166 
        3.89561        0.429819        0.146637 
        3.91134         0.42634        0.145127 
        3.92704        0.423594        0.143639 
        3.94273        0.421382        0.142173 
        3.95845        0.417018        0.140726 
        3.97418        0.414556        0.139298 
        3.98988        0.412083        0.137891 
        4.00554        0.409174        0.136508 
        4.02125        0.405593         0.13514 
        4.03698         0.40266        0.133788 
        4.05268        0.398792        0.132458 
        4.06839        0.394948        0.131144 
         4.0841        0.392476        0.129849 
        4.09983        0.389673         0.12857 
        4.11555         0.38595        0.127308 
        4.13124        0.382013        0.126067 
        4.14693        0.380028        0.124841 
        4.16266         0.37629        0.123628 
        4.17839        0.372842        0.122432 
        4.19408        0.369834        0.121255 
        4.20977         0.36813        0.120092 
        4.22551        0.364238        0.118942 
        4.24123        0.362086        0.117808 
        4.25691        0.359588        0.116692 
        4.27259        0.356795         0.11559 
        4.28831        0.355313        0.114499 
        4.30404        0.352104        0.113422 
        4.31974        0.349966        0.112361 
        4.33543         0.34697        0.111314 
        4.35116        0.345037        0.110278 
        4.36688        0.342695        0.109255 
        4.38255        0.341326         0.10825 
        4.39825         0.33901        0.107254 
        4.41398        0.336812        0.106269 
         4.4297        0.335585        0.105297 
        4.44541        0.333269        0.104338 
        4.46111        0.331709        0.103391 
        4.47683        0.329753        0.102456 
        4.49251        0.327997        0.101533 
        4.50819        0.326276        0.100622 
         4.5239        0.324716       0.0997215 
        4.53962         0.32305       0.0988304 
        4.55535        0.321639       0.0979497 
        4.57106        0.320142        0.097081 
        4.58678        0.319259       0.0962226 
         4.6025        0.318058       0.0953743 
        4.61821        0.317223       0.0945363 
        4.63391        0.316689       0.0937094 
         4.6496        0.313732       0.0928928 
        4.66532         0.31348       0.0920845 
        4.68103        0.312052       0.0912862 
        4.69673        0.311551        0.090498 
        4.71241        0.310955       0.0897199 
        4.72811        0.309225       0.0889497 
        4.74384        0.309742       0.0881874 
        4.75955        0.307771       0.0874352 
        4.77525        0.306707       0.0866922 
        4.79096        0.307632       0.0859568 
        4.80669        0.305993       0.0852296 
         4.8224        0.304649       0.0845116 
        4.83809        0.305222       0.0838026 
        4.85379         0.30381       0.0831012 
         4.8695        0.304129       0.0824073 
        4.88521        0.303473       0.0817215 
        4.90093        0.303303       0.0810435 
        4.91663        0.302945       0.0803736 
        4.93234        0.301891       0.0797106 
        4.94807        0.302518       0.0790546 
        4.96377        0.303142       0.0784072 
        4.97943        0.302899       0.0777684 
        4.99514        0.301647        0.077135 
        5.01086        0.302394       0.0765082 
        5.02654        0.302937       0.0758898 
        5.04227        0.302099       0.0752765 
          5.058        0.302685       0.0746696 
        5.07371        0.302874       0.0740706 
        5.08942        0.302541        0.073478 
        5.10513        0.303694       0.0728919 
        5.12084        0.303189       0.0723118 
        5.13656        0.303649       0.0717381 
        5.15225        0.304425       0.0711715 
        5.16796        0.304853       0.0706102 
        5.18369        0.305595       0.0700543 
         5.1994        0.306052       0.0695055 
        5.21509        0.307081        0.068963 
        5.23079        0.306602       0.0684256 
        5.24649        0.307815       0.0678943 
        5.26217        0.308277        0.067369 
        5.27788        0.309503       0.0668485 
        5.29359         0.31064       0.0663334 
        5.30933        0.311606       0.0658229 
        5.32504        0.311079       0.0653187 
        5.34073        0.312238       0.0648202 
        5.35646        0.313753       0.0643259 
        5.37218        0.314098       0.0638367 
        5.38789        0.315556       0.0633533 
        5.40357        0.315858       0.0628755 
        5.41929         0.31789       0.0624015 
        5.43502        0.318998       0.0619323 
         5.4507        0.319674       0.0614691 
        5.46639        0.320853       0.0610104 
        5.48212        0.322158       0.0605554 
        5.49786        0.324523       0.0601045 
        5.51353        0.325661       0.0596603 
        5.52921         0.32555       0.0592202 
        5.54495        0.327331       0.0587832 
        5.56066        0.329919       0.0583511 
        5.57637        0.331059       0.0579234 
        5.59207        0.332814       0.0575003 
        5.60778        0.333675       0.0570812 
        5.62346        0.335776       0.0566669 
        5.63916        0.336435       0.0562563 
        5.65487        0.337462       0.0558495 
         5.6706        0.337907       0.0554463 
        5.68633         0.34256       0.0550469 
        5.70203        0.343532       0.0546522 
        5.71773        0.345424       0.0542614 
        5.73344        0.346259       0.0538742 
        5.74916        0.347935       0.0534905 
        5.76486        0.349608       0.0531109 
        5.78054         0.35198       0.0527357 
        5.79626        0.353364       0.0523629 
          5.812        0.354853       0.0519934 
         5.8277        0.356728       0.0516286 
        5.84339        0.359533       0.0512672 
        5.85911        0.360601       0.0509085 
        5.87484        0.363346       0.0505534 
        5.89053          0.3652       0.0502023 
        5.90623        0.367206       0.0498544 
        5.92195        0.368535       0.0495091 
        5.93767        0.370552       0.0491673 
        5.95336        0.373552       0.0488293 
        5.96905        0.373905       0.0484945 
        5.98476        0.375066       0.0481625 
        6.00048        0.377225       0.0478334 
        6.01617        0.378273       0.0475078 
        6.03185         0.38149       0.0471856 
        6.04756        0.383243       0.0468656 
        6.06331        0.385447       0.0465479 
        6.07903        0.387571       0.0462338 
        6.09473        0.388245       0.0459228 
        6.11044        0.391388       0.0456145 
        6.12616         0.39352        0.045309 
        6.14186        0.395704       0.0450066 
        6.15755        0.397524       0.0447069 
        6.17326        0.398851       0.0444098 
        6.18898        0.401107       0.0441152 
        6.20467        0.403084       0.0438237 
        6.22036        0.405607       0.0435349 
         6.2361        0.406502        0.043248 
         6.2518        0.408419        0.042964 
        6.26748        0.409783       0.0426833 
        6.28319        0.414825       0.0424042 
        6.29893        0.414813       0.0421274 
        6.31463        0.417009       0.0418536 
        6.33033        0.418042       0.0415822 
        6.34604        0.420742        0.041313 
        6.36177        0.421482        0.041046 
        6.37747        0.425894       0.0407818 
        6.39316        0.424776       0.0405201 
        6.40888        0.426012       0.0402601 
         6.4246        0.429931       0.0400024 
        6.44031        0.429587       0.0397471 
        6.45601        0.433652       0.0394944 
        6.47172        0.433213       0.0392435 
        6.48744        0.435981       0.0389946 
        6.50313        0.437272       0.0387484 
        6.51882        0.439205       0.0385044 
        6.53452        0.440534       0.0382622 
        6.55025        0.443182       0.0380217 
        6.56597        0.443509       0.0377835 
        6.58166        0.448288       0.0375477 
        6.59736        0.448723       0.0373137 
        6.61307        0.448757       0.0370816 
         6.6288        0.450923       0.0368512 
         6.6445        0.451847       0.0366231 
         6.6602        0.451613        0.036397 
        6.67592        0.456883       0.0361725 
        6.69164        0.456455         0.03595 
        6.70735        0.459012       0.0357294 
        6.72304        0.460178       0.0355108 
        6.73874        0.461841       0.0352941 
        6.75446        0.462878       0.0350789 
        6.77016         0.46421       0.0348657 
        6.78585        0.465825       0.0346544 
        6.80156        0.468474       0.0344447 
        6.81729        0.468548       0.0342363 
        6.83301        0.470629       0.0340298 
         6.8487        0.473245       0.0338254 
         6.8644         0.47175       0.0336225 
        6.88012        0.472816       0.0334211 
        6.89583        0.473649       0.0332215 
        6.91151        0.476585       0.0330238 
        6.92723        0.475918       0.0328272 
        6.94296        0.479025       0.0326322 
        6.95866        0.480584        0.032439 
        6.97436        0.480529       0.0322474 
        6.99007        0.481318       0.0320573 
        7.00578        0.481495       0.0318687 
        7.02147        0.483508       0.0316818 
        7.03718        0.484837       0.0314963 
         7.0529        0.485307        0.031312 
        7.06863        0.486783       0.0311291 
        7.08433        0.488541        0.030948 
        7.10004        0.488114       0.0307683 
        7.11575        0.489085         0.03059 
        7.13145        0.489681       0.0304131 
        7.14715        0.491748       0.0302377 
        7.16284        0.491005       0.0300638 
        7.17855        0.493717        0.029891 
        7.19428        0.495249       0.0297193 
        7.20998        0.496682       0.0295494 
        7.22568        0.496904       0.0293807 
        7.24139        0.496305       0.0292133 
        7.25711        0.499107       0.0290471 
        7.27282        0.500142       0.0288822 
        7.28852         0.49912       0.0287188 
        7.30423        0.500142       0.0285564 
        7.31995        0.501617       0.0283953 
        7.33565        0.502811       0.0282356 
        7.35135        0.503424       0.0280771 
        7.36706        0.502497       0.0279198 
        7.38277        0.505322       0.0277636 
        7.39847        0.504982       0.0276086 
        7.41419         0.50602       0.0274548 
         7.4299        0.506268       0.0273021 
        7.44561        0.506267       0.0271507 
        7.46132        0.508465       0.0270004 
        7.47701         0.50823       0.0268513 
        7.49272        0.509245       0.0267033 
        7.50842        0.510025       0.0265564 
         7.5241        0.509516       0.0264108 
        7.53981        0.510898       0.0262661 
        7.55552        0.512406       0.0261224 
        7.57125        0.513024       0.0259796 
        7.58698        0.512246       0.0258379 
        7.60268        0.513894       0.0256975 
         7.6184        0.514521        0.025558 
        7.63411        0.515063       0.0254196 
        7.64981        0.517863       0.0252823 
        7.66552        0.514427       0.0251459 
        7.68123        0.516643       0.0250105 
        7.69695         0.51745       0.0248761 
        7.71264        0.517911       0.0247428 
        7.72834        0.516602       0.0246105 
        7.74407        0.518051       0.0244789 
        7.75978        0.519296       0.0243484 
        7.77546        0.518846       0.0242191 
        7.79116        0.519429       0.0240906 
         7.8069        0.521197       0.0239627 
         7.8226        0.519655       0.0238359 
        7.83828        0.521511       0.0237103 
        7.85399        0.520811       0.0235855 
        7.86972        0.522944       0.0234612 
        7.88543        0.523088       0.0233381 
        7.90111        0.523261       0.0232161 
        7.91681        0.523591       0.0230948 
        7.93255        0.523991       0.0229741 
        7.94828        0.524452       0.0228542 
        7.96397        0.524569       0.0227355 
        7.97967         0.52364       0.0226176 
        7.99538        0.524988       0.0225005 
         8.0111        0.525509       0.0223841 
         8.0268        0.526696       0.0222687 
        8.04248         0.52617       0.0221542 
         8.0582        0.527075       0.0220403 
        8.07393        0.527563       0.0219271 
        8.08963         0.52779       0.0218149 
        8.10533        0.529149       0.0217035 
        8.12104        0.530106       0.0215927 
        8.13675        0.531022       0.0214828 
        8.15245        0.531457       0.0213736 
        8.16815        0.531765       0.0212653 
        8.18387        0.533763       0.0211576 
        8.19959         0.53383       0.0210505 
         8.2153         0.53544       0.0209443 
        8.23101         0.53485       0.0208389 
        8.24672        0.535523       0.0207341 
        8.26241        0.536189       0.0206302 
         8.2781        0.536881       0.0205271 
        8.29381        0.538099       0.0204244 
        8.30952        0.538582       0.0203225 
        8.32524        0.540029       0.0202212 
        8.34095        0.539001       0.0201207 
        8.35666        0.540739       0.0200209 
        8.37237        0.541919       0.0199217 
        8.38808        0.541067       0.0198232 
        8.40379        0.543356       0.0197253 
         8.4195        0.543526       0.0196282 
         8.4352        0.544711       0.0195317 
        8.45091        0.545802       0.0194358 
        8.46662        0.544609       0.0193406 
        8.48232        0.546964        0.019246 
        8.49802        0.546315       0.0191521 
        8.51374         0.54688       0.0190587 
        8.52945        0.546873        0.018966 
        8.54515        0.549105        0.018874 
        8.56086        0.549791       0.0187824 
        8.57658        0.549239       0.0186915 
        8.59228        0.550168       0.0186013 
        8.60799        0.552285       0.0185115 
        8.62371        0.551775       0.0184224 
        8.63942        0.551724       0.0183339 
        8.65512        0.552733        0.018246 
        8.67082        0.553511       0.0181586 
        8.68653        0.554436       0.0180718 
        8.70224        0.554572       0.0179856 
        8.71795        0.555462       0.0178999 
        8.73365        0.554796       0.0178148 
        8.74936        0.556502       0.0177303 
        8.76506        0.557181       0.0176463 
        8.78076        0.557595       0.0175629 
        8.79646        0.557618         0.01748 
        8.81218        0.558413       0.0173976 
        8.82791        0.560201       0.0173156 
         8.8436        0.559684       0.0172343 
         8.8593        0.560256       0.0171536 
        8.87503         0.56089       0.0170731 
        8.89076        0.562053       0.0169933 
        8.90644        0.563065       0.0169141 
        8.92214        0.562068       0.0168354 
        8.93786        0.564662        0.016757 
        8.95357        0.564335       0.0166792 
        8.96928        0.564554        0.016602 
        8.98498         0.56612       0.0165252 
        9.00069        0.567045       0.0164489 
        9.01639        0.567169        0.016373 
        9.03208        0.566814       0.0162978 
        9.04778         0.56807       0.0162229 
        9.06351        0.567737       0.0161484 
        9.07923        0.568505       0.0160744 
        9.09493        0.570934        0.016001 
        9.11062        0.570315        0.015928 
        9.12635        0.570727       0.0158554 
        9.14207         0.57104       0.0157832 
        9.15777        0.571541       0.0157115 
        9.17346        0.572519       0.0156404 
        9.18917        0.572105       0.0155696 
         9.2049         0.57437       0.0154991 
        9.22061        0.573893       0.0154292 
        9.23631        0.575664       0.0153597 
        9.25201        0.574693       0.0152907 
        9.26773        0.575143        0.015222 
        9.28343         0.57655       0.0151538 
        9.29913         0.57653        0.015086 
        9.31484        0.578054       0.0150186 
        9.33057        0.578551       0.0149515 
        9.34627        0.578282        0.014885 
        9.36197         0.57963       0.0148188 
        9.37768        0.578043        0.014753 
        9.39338        0.581499       0.0146877 
        9.40909        0.580458       0.0146227 
        9.42479        0.581957       0.0145582 
         9.4405        0.582146        0.014494 
        9.45621        0.582435       0.0144302 
        9.47193        0.584284       0.0143667 
        9.48763        0.583953       0.0143037 
        9.50334        0.584989       0.0142411 
        9.51906        0.585579       0.0141788 
        9.53476        0.586345       0.0141169 
        9.55045        0.586675       0.0140554 
        9.56616        0.585379       0.0139942 
        9.58188        0.587327       0.0139333 
        9.59759        0.588218       0.0138729 
         9.6133        0.587384       0.0138127 
        9.62901        0.589543       0.0137529 
        9.64471        0.588653       0.0136935 
        9.66041        0.591301       0.0136344 
        9.67612        0.589253       0.0135755 
        9.69184        0.591648        0.013517 
        9.70754        0.591607        0.013459 
        9.72324        0.591489       0.0134012 
        9.73895        0.592862       0.0133439 
        9.75467        0.593721       0.0132868 
        9.77038        0.593599       0.0132302 
        9.78607        0.594242        0.013174 
        9.80177        0.594634       0.0131181 
        9.81749        0.595689       0.0130626 
         9.8332         0.59537       0.0130076 
         9.8489        0.597381       0.0129529 
        9.86463         0.59675       0.0128984 
        9.88035        0.597874       0.0128443 
        9.89606        0.597891       0.0127905 
        9.91175        0.599267        0.012737 
        9.92745        0.599115       0.0126836 
        9.94317        0.600056       0.0126304 
        9.95888        0.601121       0.0125773 
        9.97458        0.601229       0.0125243 
        9.99029        0.601082       0.0124713 
         10.006        0.602176       0.0124386 
        10.0217        0.601878       0.0124386 
        10.0374         0.60433       0.0124386 
        10.0531         0.60332       0.0124386 
        10.0688        0.603913       0.0124386 
        10.0845        0.605424       0.0124386 
        10.1002        0.604669       0.0124386 
        10.1159        0.606416       0.0124386 
        10.1317         0.60632       0.0124386 
        10.1474        0.607807       0.0124386 
        10.1631        0.607741       0.0124386 
        10.1788        0.608216       0.0124386 
        10.1945        0.609782       0.0124386 
        10.2102        0.608511       0.0124386 
        10.2259        0.610102       0.0124386 
        10.2416        0.610983       0.0124386 
        10.2573        0.610251       0.0124386 
         10.273        0.611949       0.0124386 
        10.2887        0.611867       0.0124386 
        10.3044        0.614913       0.0124386 
        10.3201        0.612994       0.0124386 
        10.3359        0.614872       0.0124386 
        10.3516         0.61395       0.0124386 
        10.3673        0.614361       0.0124386 
         10.383        0.616302       0.0124386 
        10.3987        0.615526       0.0124386 
        10.4144        0.617092       0.0124386 
        10.4301        0.617235       0.0124386 
        10.4458        0.618338       0.0124386 
        10.4615        0.619443       0.0124386 
        10.4772        0.619505       0.0124386 
        10.4929         0.62062       0.0124386 
        10.5086        0.620387       0.0124386 
        10.5244        0.620964       0.0124386 
        10.5401        0.621251       0.0124386 
        10.5558        0.621755       0.0124386 
        10.5715        0.623746       0.0124386 
        10.5872        0.624195       0.0124386 
        10.6029        0.624608       0.0124386 
        10.6186        0.625546       0.0124386 
        10.6343        0.625437       0.0124386 
          10.65        0.626783       0.0124386 
        10.6657         0.62658       0.0124386 
        10.6814        0.628316       0.0124386 
        10.6971        0.628534       0.0124386 
        10.7129        0.628741       0.0124386 
        10.7286        0.629886       0.0124386 
        10.7443        0.630015       0.0124386 
          10.76        0.632467       0.0124386 
        10.7757        0.630976       0.0124386 
        10.7914        0.633186       0.0124386 
        10.8071         0.63308       0.0124386 
        10.8228        0.634218       0.0124386 
        10.8385        0.634147       0.0124386 
        10.8542        0.634442       0.0124386 
        10.8699        0.635901       0.0124386 
        10.8856         0.63703       0.0124386 
        10.9014        0.637242       0.0124386 
        10.9171        0.637868       0.0124386 
        10.9328        0.637834       0.0124386 
        10.9485        0.639539       0.0124386 
        10.9642        0.640824       0.0124386 
        10.9799        0.640904       0.0124386 
        10.9956        0.642193       0.0124386 
        11.0113        0.641597       0.0124386 
         11.027         0.64299       0.0124386 
        11.0427        0.643436       0.0124386 
        11.0584         0.64484       0.0124386 
        11.0741        0.645252       0.0124386 
        11.0898        0.646152       0.0124386 
        11.1055         0.64701       0.0124386 
        11.1212        0.646478       0.0124386 
         11.137        0.649305       0.0124386 
        11.1527        0.649449       0.0124386 
        11.1684        0.650285       0.0124386 
        11.1841        0.651215       0.0124386 
        11.1998        0.651125       0.0124386 
        11.2155         0.65253       0.0124386 
        11.2312        0.653677       0.0124386 
        11.2469        0.654362       0.0124386 
        11.2626        0.655432       0.0124386 
        11.2783        0.655887       0.0124386 
         11.294        0.657514       0.0124386 
        11.3097        0.657594       0.0124386 
        11.3254        0.658936       0.0124386 
        11.3412        0.658989       0.0124386 
        11.3569        0.660095       0.0124386 
        11.3726        0.661262       0.0124386 
        11.3883        0.662068       0.0124386 
         11.404        0.663967       0.0124386 
        11.4197        0.664187       0.0124386 
        11.4354        0.664878       0.0124386 
        11.4511        0.666899       0.0124386 
        11.4668        0.666772       0.0124386 
        11.4825        0.668074       0.0124386 
        11.4982        0.668548       0.0124386 
         11.514        0.670491       0.0124386 
        11.5297        0.671641       0.0124386 
        11.5454        0.672377       0.0124386 
        11.5611        0.673186       0.0124386 
        11.5768        0.673199       0.0124386 
        11.5925        0.675837       0.0124386 
        11.6082        0.675518       0.0124386 
        11.6239        0.676818       0.0124386 
        11.6396        0.679415       0.0124386 
        11.6553        0.679056       0.0124386 
         11.671        0.681587       0.0124386 
        11.6867         0.68188       0.0124386 
        11.7024        0.682618       0.0124386 
        11.7182        0.684364       0.0124386 
        11.7339        0.685572       0.0124386 
        11.7496        0.686524       0.0124386 
        11.7653        0.687366       0.0124386 
         11.781        0.689087       0.0124386 
        11.7967        0.690253       0.0124386 
        11.8124        0.691778       0.0124386 
        11.8281        0.692513       0.0124386 
        11.8438        0.694467       0.0124386 
        11.8595        0.695712       0.0124386 
        11.8752        0.696881       0.0124386 
         11.891        0.698272       0.0124386 
        11.9067          0.6995       0.0124386 
        11.9224         0.70056       0.0124386 
        11.9381        0.702596       0.0124386 
        11.9538        0.703519       0.0124386 
        11.9695        0.705156       0.0124386 
        11.9852        0.706761       0.0124386 
        12.0009        0.707378       0.0124386 
        12.0166        0.709848       0.0124386 
        12.0323        0.711104       0.0124386 
         12.048        0.713101       0.0124386 
        12.0637        0.711941       0.0124386 
