# k  (h/Mpc)    Pcb(k)  (Mpc/h)^3    Pcb_linear(k) (Mpc/h)^3   ShotnoiseSubtracted = true
      0.0200456         15212.4         15571.7 
      0.0350414           10975           11407 
      0.0492313         8239.55         8373.21 
      0.0637834         7284.52         7190.64 
      0.0800726         5836.24         5797.07 
       0.096163         4042.89         4173.59 
       0.111083          3255.1         3368.36 
       0.126058         3063.27         3066.31 
       0.142273         2657.57         2612.14 
       0.158546         2264.29         2049.51 
        0.17375         1824.89         1747.15 
       0.188953         1790.78          1611.5 
       0.204907         1689.55         1432.23 
       0.220756         1452.22         1207.86 
        0.23588         1290.56         1058.72 
         0.2514          1129.5         974.646 
       0.267535         1121.25         886.444 
       0.283568         1019.52          781.35 
       0.299022         958.888         699.786 
       0.314451         913.323         645.403 
       0.330372         842.911         595.092 
       0.346141         784.039         540.903 
       0.361624          755.19         493.485 
       0.377134         702.678         456.952 
       0.392932         676.965         424.834 
       0.408854         655.709         392.631 
       0.424564         616.305         363.027 
       0.440253         604.301         338.138 
       0.455999         572.776         316.353 
       0.471626         543.946         295.886 
        0.48727         526.893         276.684 
       0.502856         512.138         259.577 
       0.518488         507.212         244.302 
       0.534347         474.232         229.935 
       0.550082          454.63         216.614 
       0.565732         455.014         204.454 
       0.581496          428.82         193.314 
       0.597222         422.117         183.034 
       0.612804         409.894         173.537 
       0.628434         395.699          164.67 
       0.644267         384.996         156.373 
       0.660051          375.51         148.705 
       0.675724         371.419         141.603 
       0.691403          360.11         134.963 
       0.707174         347.611         128.716 
       0.722871         343.608         122.894 
        0.73838         338.877           117.5 
       0.754018         328.857         112.392 
       0.769845         318.767         107.537 
        0.78569         318.472         102.969 
       0.801365         308.172         98.7158 
       0.817031         298.989         94.7107 
       0.832809         296.436          90.907 
       0.848511          288.63         87.3338 
       0.864097         284.349         83.9813 
       0.879701         280.037         80.8053 
       0.895507         273.731         77.7593 
       0.911279         265.211         74.8798 
        0.92691         264.933          72.173 
       0.942635         258.785         69.5876 
       0.958396         255.449         67.1259 
       0.974128          250.36         64.7901 
       0.989692          245.43         62.5906 
        1.00528         242.291         60.4919 
        1.02113         240.093         58.4582 
        1.03692         233.916         56.5274 
        1.05264         229.617         54.6942 
        1.06832         225.516         52.9467 
        1.08405         221.658         51.2723 
        1.09979          219.32         49.6707 
        1.11537         214.422         48.1546 
        1.13105         210.668          46.694 
        1.14679         210.745         45.2894 
        1.16256         206.547         43.9409 
        1.17828         202.142         42.6528 
        1.19395         199.402         41.4216 
         1.2097         198.734         40.2336 
        1.22537         193.942         39.0989 
          1.241         192.325         38.0121 
        1.25666           188.5         36.9647 
        1.27241         185.574         35.9525 
        1.28819          183.55         34.9773 
        1.30392         180.519         34.0417 
        1.31957         179.907         33.1451 
        1.33529         175.108         32.2781 
        1.35108         173.238         31.4392 
        1.36674         172.065         30.6367 
         1.3824         168.677         29.8634 
        1.39811         168.664         29.1147 
        1.41389         164.705         28.3893 
        1.42964         161.626         27.6902 
        1.44531         159.524         27.0185 
        1.46101         158.141         26.3681 
        1.47667         154.942         25.7413 
        1.49229         153.268          25.137 
        1.50793         152.005         24.5517 
        1.52367         150.284         23.9816 
        1.53953         147.113         23.4261 
        1.55526         145.467         22.8929 
        1.57092         143.781         22.3788 
        1.58662         141.497         21.8795 
        1.60235         140.277         21.3947 
        1.61809          138.33         20.9246 
        1.63369         136.444         20.4731 
        1.64941          134.59         20.0319 
        1.66519         132.708         19.6023 
        1.68085         131.653         19.1886 
        1.69652         128.499         18.7868 
        1.71228         128.304         18.3945 
        1.72806         126.465         18.0133 
        1.74368         125.323         17.6469 
        1.75933         123.242         17.2901 
        1.77505         121.713         16.9417 
        1.79081          120.54         16.6024 
         1.8065         118.903          16.274 
        1.82218         116.843         15.9549 
        1.83797         115.208         15.6423 
        1.85367         114.202           15.34 
        1.86928         112.933         15.0476 
        1.88497         110.554         14.7613 
        1.90073         110.338         14.4816 
        1.91647         108.515         14.2095 
        1.93218         107.394          13.945 
        1.94787         106.111         13.6878 
        1.96363         104.732         13.4361 
        1.97935         102.928         13.1914 
        1.99499         102.188         12.9543 
        2.01064         100.933         12.7228 
         2.0264         99.4096         12.4955 
        2.04216          98.566          12.274 
        2.05781         97.2528         12.0594 
        2.07353         95.8055         11.8492 
        2.08928         94.6425         11.6436 
        2.10499         93.3022         11.4435 
        2.12065         92.9667         11.2488 
        2.13633         91.7631         11.0586 
        2.15211         90.5614         10.8715 
        2.16785         88.9656         10.6894 
        2.18349         87.8536         10.5127 
        2.19916         87.3223         10.3397 
        2.21489         86.0673           10.17 
        2.23063         84.9115         10.0041 
         2.2463         84.2051         9.84268 
        2.26194         83.7961         9.68529 
        2.27765         82.0994         9.53059 
        2.29341         81.1953         9.37892 
        2.30914          79.985          9.2309 
        2.32486         79.3526         9.08622 
        2.34061         78.4728         8.94444 
        2.35635         77.4656         8.80586 
        2.37203         76.2253         8.67073 
        2.38768         75.5801         8.53877 
        2.40339         74.7991         8.40912 
        2.41914          73.798         8.28189 
        2.43483         73.5227         8.15779 
         2.4505         72.2681         8.03648 
        2.46622         71.4871         7.91725 
        2.48195         70.5751         7.80047 
        2.49759         69.7436          7.6867 
        2.51328         69.1422         7.57494 
        2.52906         68.4235         7.46473 
        2.54479         67.5489         7.35715 
        2.56049         66.5943         7.25194 
        2.57618          66.055          7.1489 
        2.59189         65.0842         7.04774 
        2.60758         64.5662         6.94873 
        2.62325          63.981         6.85176 
        2.63898          63.115         6.75634 
        2.65468         62.5909         6.66295 
        2.67044         61.6657         6.57096 
        2.68618         61.4815         6.48095 
        2.70184         60.6077           6.393 
        2.71755         60.2495         6.30649 
        2.73329         59.0446         6.22148 
        2.74897         58.5349         6.13833 
        2.76462         57.9071          6.0569 
        2.78034         57.3143         5.97664 
        2.79607          56.577         5.89777 
        2.81179         55.9422         5.82043 
        2.82749         55.4203         5.74459 
        2.84321         54.9451         5.67003 
        2.85893         54.2136         5.59684 
        2.87462         53.5033         5.52508 
        2.89033          53.063         5.45454 
        2.90605         52.4044         5.38518 
        2.92176         51.9312         5.31708 
        2.93747          51.394         5.25021 
        2.95318         50.6588          5.1845 
        2.96891         50.0098         5.11989 
        2.98456         49.8442         5.05669 
        3.00023         49.1508         4.99447 
        3.01596         48.8605         4.93313 
        3.03164         48.0682           4.873 
        3.04738         47.8248         4.81372 
         3.0631         47.2631         4.75545 
        3.07883         46.8109         4.69817 
        3.09456          46.427         4.64184 
        3.11026         45.7305         4.58655 
        3.12596         45.3571         4.53217 
        3.14163         44.8408         4.47881 
        3.15734         44.2323         4.42619 
        3.17308         44.0295         4.37431 
        3.18879         43.6445         4.32341 
        3.20447         42.9253         4.27341 
         3.2202         42.5888         4.22406 
         3.2359         42.1678         4.17558 
        3.25157         41.7456         4.12799 
        3.26729         41.3532         4.08101 
        3.28304          40.776         4.03467 
        3.29877         40.4908         3.98913 
        3.31446         40.1551          3.9444 
        3.33014         39.7898         3.90041 
        3.34585         39.3724         3.85702 
        3.36158          38.985         3.81425 
        3.37727         38.4758         3.77226 
        3.39294         38.1766         3.73095 
        3.40867         37.7016         3.69012 
        3.42439         37.3471         3.64994 
        3.44008          37.235         3.61043 
        3.45578          36.625          3.5715 
        3.47153         36.2778         3.53305 
        3.48724          35.988         3.49525 
        3.50292         35.7169          3.4581 
        3.51859         35.2279         3.42151 
        3.53431         34.9617         3.38535 
        3.55007         34.6616         3.34963 
        3.56577         34.3499         3.31457 
        3.58146          33.958         3.28004 
        3.59719         33.6893         3.24592 
        3.61292         33.4123         3.21231 
        3.62859         32.9859          3.1793 
        3.64429         32.6303         3.14671 
        3.66003         32.4131         3.11448 
        3.67578         32.1188         3.08271 
        3.69146         31.8878         3.05152 
        3.70712         31.4775         3.02082 
        3.72284         31.3157         2.99043 
        3.73853         31.0215         2.96052 
        3.75422         30.6418         2.93102 
        3.76993         30.4729         2.90189 
        3.78564         30.1771         2.87318 
        3.80137         29.8605         2.84482 
        3.81707         29.5723          2.8169 
        3.83279         29.3753         2.78935 
        3.84853         29.1021         2.76212 
        3.86424         28.8184         2.73531 
        3.87992         28.5128          2.7089 
        3.89561         28.2205         2.68284 
        3.91134         28.0238         2.65708 
        3.92704         27.7415          2.6317 
        3.94273         27.5384         2.60667 
        3.95845         27.1682         2.58192 
        3.97418           27.09          2.5575 
        3.98988         26.7245         2.53343 
        4.00554         26.5388         2.50974 
        4.02125         26.3548         2.48629 
        4.03698         25.9989         2.46311 
        4.05268         25.8794         2.44028 
        4.06839         25.5935         2.41772 
         4.0841         25.4322         2.39546 
        4.09983         25.2265         2.37346 
        4.11555         25.0018         2.35174 
        4.13124         24.7374         2.33036 
        4.14693         24.5008         2.30923 
        4.16266         24.2637         2.28831 
        4.17839         24.1014         2.26768 
        4.19408         23.8614         2.24734 
        4.20977         23.6818         2.22725 
        4.22551         23.4249         2.20736 
        4.24123         23.2235         2.18774 
        4.25691         23.0369         2.16841 
        4.27259         22.8378         2.14932 
        4.28831         22.6679         2.13041 
        4.30404         22.4311         2.11172 
        4.31974         22.3407          2.0933 
        4.33543         22.0832         2.07511 
        4.35116         21.9545          2.0571 
        4.36688         21.7599         2.03931 
        4.38255         21.5633          2.0218 
        4.39825         21.4022         2.00446 
        4.41398         21.1942         1.98729 
         4.4297         21.0305         1.97035 
        4.44541         20.8692          1.9536 
        4.46111         20.6694         1.93707 
        4.47683         20.4967         1.92072 
        4.49251         20.3296         1.90459 
        4.50819         20.1754         1.88866 
         4.5239         19.9988         1.87289 
        4.53962         19.8326         1.85728 
        4.55535         19.6809         1.84184 
        4.57106         19.5075          1.8266 
        4.58678         19.3407         1.81154 
         4.6025         19.1742         1.79664 
        4.61821         19.0653         1.78191 
        4.63391         18.8809         1.76738 
         4.6496         18.7354         1.75301 
        4.66532         18.5687         1.73878 
        4.68103         18.4218         1.72472 
        4.69673         18.2836         1.71083 
        4.71241         18.2015          1.6971 
        4.72811         17.9873         1.68351 
        4.74384         17.8449         1.67005 
        4.75955         17.7211         1.65676 
        4.77525         17.5809         1.64363 
        4.79096         17.4438         1.63062 
        4.80669          17.341         1.61775 
         4.8224         17.1714         1.60503 
        4.83809         16.9786         1.59247 
        4.85379         16.8957         1.58004 
         4.8695          16.796         1.56773 
        4.88521         16.6355         1.55555 
        4.90093         16.5079         1.54351 
        4.91663         16.3479         1.53161 
        4.93234         16.2552         1.51982 
        4.94807         16.1228         1.50815 
        4.96377         15.9794         1.49662 
        4.97943         15.8614         1.48525 
        4.99514         15.7539         1.47396 
        5.01086         15.6166         1.46278 
        5.02654         15.5147         1.45175 
        5.04227         15.4056          1.4408 
          5.058         15.2631         1.42996 
        5.07371         15.1711         1.41926 
        5.08942         15.0481         1.40866 
        5.10513         14.9449         1.39817 
        5.12084         14.8198         1.38779 
        5.13656         14.6972         1.37751 
        5.15225         14.5746         1.36736 
        5.16796         14.4538          1.3573 
        5.18369         14.3761         1.34733 
         5.1994         14.2847         1.33747 
        5.21509         14.1605         1.32773 
        5.23079         14.0484         1.31807 
        5.24649         13.9479         1.30852 
        5.26217         13.8492         1.29907 
        5.27788         13.7233         1.28971 
        5.29359         13.6453         1.28043 
        5.30933         13.5148         1.27123 
        5.32504         13.4602         1.26214 
        5.34073         13.3424         1.25315 
        5.35646         13.2619         1.24423 
        5.37218         13.1593          1.2354 
        5.38789         13.0773         1.22667 
        5.40357         12.9757         1.21803 
        5.41929         12.8661         1.20946 
        5.43502         12.7771         1.20097 
         5.4507         12.6784         1.19259 
        5.46639         12.5826         1.18428 
        5.48212         12.5024         1.17604 
        5.49786         12.4094         1.16786 
        5.51353           12.34         1.15981 
        5.52921         12.2434         1.15182 
        5.54495         12.1512         1.14388 
        5.56066         12.0779         1.13603 
        5.57637         11.9638         1.12826 
        5.59207         11.8903         1.12057 
        5.60778         11.8116         1.11294 
        5.62346         11.7398          1.1054 
        5.63916         11.6436         1.09792 
        5.65487         11.5519         1.09051 
         5.6706         11.4987         1.08316 
        5.68633         11.3918         1.07587 
        5.70203         11.3151         1.06867 
        5.71773          11.235         1.06154 
        5.73344         11.1609         1.05447 
        5.74916         11.0855         1.04745 
        5.76486         11.0027         1.04051 
        5.78054         10.9053         1.03365 
        5.79626         10.8341         1.02683 
          5.812         10.7831         1.02006 
         5.8277         10.6948         1.01338 
        5.84339         10.6412         1.00676 
        5.85911         10.5495         1.00018 
        5.87484         10.4738        0.993664 
        5.89053         10.4007         0.98722 
        5.90623         10.3298        0.980831 
        5.92195         10.2521        0.974489 
        5.93767         10.1876        0.968207 
        5.95336         10.1088        0.961991 
        5.96905         10.0578        0.955832 
        5.98476         9.99134         0.94972 
        6.00048         9.91139         0.94366 
        6.01617         9.85026        0.937662 
        6.03185         9.76762        0.931724 
        6.04756         9.71729        0.925823 
        6.06331         9.64438        0.919962 
        6.07903          9.5852        0.914164 
        6.09473         9.51925        0.908423 
        6.11044         9.46128        0.902726 
        6.12616         9.39594         0.89708 
        6.14186         9.33041        0.891488 
        6.15755         9.29315        0.885945 
        6.17326         9.21593        0.880445 
        6.18898         9.13342         0.87499 
        6.20467         9.08848        0.869592 
        6.22036         9.01458         0.86424 
         6.2361         8.93973        0.858919 
         6.2518         8.89652        0.853653 
        6.26748         8.84118        0.848442 
        6.28319         8.79698        0.843262 
        6.29893         8.73825        0.838121 
        6.31463         8.66765        0.833032 
        6.33033         8.62709        0.827987 
        6.34604          8.5783        0.822981 
        6.36177         8.50684        0.818012 
        6.37747         8.45034        0.813094 
        6.39316         8.40226         0.80822 
        6.40888         8.33177        0.803377 
         6.4246         8.28603        0.798574 
        6.44031         8.23041        0.793813 
        6.45601         8.19423        0.789098 
        6.47172          8.1292        0.784415 
        6.48744         8.08333         0.77977 
        6.50313         8.02515         0.77517 
        6.51882          7.9815         0.77061 
        6.53452         7.92071        0.766082 
        6.55025          7.8696        0.761583 
        6.56597         7.83073        0.757127 
        6.58166         7.76326        0.752713 
        6.59736         7.73252        0.748332 
        6.61307         7.67261        0.743982 
         6.6288         7.63737        0.739665 
         6.6445         7.59148        0.735387 
         6.6602          7.5319        0.731146 
        6.67592         7.50058        0.726933 
        6.69164          7.4452        0.722755 
        6.70735          7.4007        0.718612 
        6.72304         7.35092        0.714506 
        6.73874         7.31813        0.710431 
        6.75446         7.25661        0.706384 
        6.77016         7.23066        0.702375 
        6.78585         7.16566        0.698396 
        6.80156          7.1334        0.694448 
        6.81729         7.07904        0.690524 
        6.83301         7.04471        0.686631 
         6.8487         7.00334        0.682778 
         6.8644         6.95237        0.678952 
        6.88012          6.9185        0.675152 
        6.89583         6.87548        0.671385 
        6.91151         6.82582        0.667652 
        6.92723         6.80452        0.663939 
        6.94296         6.75127        0.660253 
        6.95866          6.6947        0.656601 
        6.97436         6.65812        0.652978 
        6.99007         6.62333        0.649381 
        7.00578         6.59625        0.645812 
        7.02147         6.53884        0.642273 
        7.03718         6.50253        0.638758 
         7.0529         6.46375        0.635266 
        7.06863         6.43025        0.631799 
        7.08433         6.40106        0.628364 
        7.10004         6.35036        0.624955 
        7.11575         6.30007        0.621571 
        7.13145         6.27637        0.618212 
        7.14715         6.25218         0.61488 
        7.16284         6.19803        0.611577 
        7.17855         6.16991        0.608291 
        7.19428          6.1249        0.605027 
        7.20998          6.1036        0.601793 
        7.22568         6.05947        0.598583 
        7.24139         6.01508        0.595396 
        7.25711         5.98729        0.592231 
        7.27282         5.95438        0.589089 
        7.28852         5.91951        0.585974 
        7.30423         5.87928        0.582878 
        7.31995          5.8474        0.579806 
        7.33565         5.80987        0.576758 
        7.35135          5.7889        0.573731 
        7.36706         5.74812        0.570728 
        7.38277         5.71413        0.567743 
        7.39847         5.68061        0.564782 
        7.41419         5.65216        0.561841 
         7.4299         5.62185        0.558922 
        7.44561         5.59054        0.556024 
        7.46132         5.55918        0.553147 
        7.47701          5.5131        0.550294 
        7.49272         5.49725        0.547458 
        7.50842         5.45877        0.544644 
         7.5241          5.4309        0.541853 
        7.53981         5.39617        0.539078 
        7.55552         5.36495        0.536322 
        7.57125         5.33659        0.533582 
        7.58698         5.30558        0.530861 
        7.60268         5.28184        0.528165 
         7.6184         5.25595        0.525486 
        7.63411         5.21908        0.522825 
        7.64981         5.18661        0.520185 
        7.66552         5.15934        0.517564 
        7.68123         5.13279        0.514959 
        7.69695         5.10531        0.512371 
        7.71264          5.0779        0.509806 
        7.72834         5.05094        0.507258 
        7.74407         5.02447        0.504722 
        7.75978         4.99786        0.502206 
        7.77546         4.96396        0.499713 
        7.79116         4.93839        0.497235 
         7.8069          4.9143        0.494768 
         7.8226         4.88493        0.492322 
        7.83828         4.85857        0.489897 
        7.85399         4.83542        0.487485 
        7.86972         4.80148        0.485085 
        7.88543         4.78239        0.482705 
        7.90111         4.74869        0.480346 
        7.91681          4.7224        0.477999 
        7.93255         4.70117        0.475664 
        7.94828         4.67088        0.473345 
        7.96397         4.64907        0.471046 
        7.97967          4.6324        0.468763 
        7.99538         4.59661        0.466493 
         8.0111         4.57292        0.464238 
         8.0268         4.55482           0.462 
        8.04248           4.523         0.45978 
         8.0582         4.50323         0.45757 
        8.07393         4.47874        0.455372 
        8.08963         4.45341        0.453194 
        8.10533         4.42855         0.45103 
        8.12104         4.40186        0.448879 
        8.13675         4.38348        0.446741 
        8.15245         4.36458         0.44462 
        8.16815         4.34268        0.442513 
        8.18387          4.3188        0.440417 
        8.19959         4.29898        0.438334 
         8.2153         4.27004        0.436266 
        8.23101         4.25201        0.434213 
        8.24672         4.22729        0.432172 
        8.26241         4.20412        0.430148 
         8.2781         4.18171        0.428136 
        8.29381         4.16688        0.426135 
        8.30952         4.14388        0.424147 
        8.32524          4.1216        0.422171 
        8.34095         4.10311        0.420208 
        8.35666         4.08051        0.418259 
        8.37237         4.05811        0.416321 
        8.38808         4.03859        0.414396 
        8.40379         4.02077        0.412484 
         8.4195         4.00272        0.410585 
         8.4352          3.9756        0.408698 
        8.45091         3.95823        0.406822 
        8.46662         3.93858        0.404958 
        8.48232          3.9174        0.403107 
        8.49802         3.89737        0.401268 
        8.51374          3.8717        0.399438 
        8.52945         3.86404        0.397621 
        8.54515         3.83981        0.395817 
        8.56086         3.81727        0.394022 
        8.57658         3.79983        0.392238 
        8.59228         3.78402        0.390468 
        8.60799         3.76579        0.388706 
        8.62371         3.74835        0.386956 
        8.63942         3.72366        0.385217 
        8.65512         3.71385         0.38349 
        8.67082         3.68936        0.381774 
        8.68653         3.67442        0.380067 
        8.70224         3.64813        0.378371 
        8.71795         3.63434        0.376686 
        8.73365         3.62067        0.375012 
        8.74936         3.60168        0.373347 
        8.76506         3.58271        0.371694 
        8.78076         3.56966        0.370051 
        8.79646         3.54679        0.368418 
        8.81218         3.52999        0.366793 
        8.82791         3.51541        0.365177 
         8.8436         3.49885        0.363574 
         8.8593         3.48124        0.361981 
        8.87503         3.46731        0.360393 
        8.89076         3.44563        0.358817 
        8.90644         3.43336        0.357254 
        8.92214         3.41605        0.355699 
        8.93786         3.40223        0.354151 
        8.95357         3.38407        0.352613 
        8.96928         3.36967        0.351085 
        8.98498         3.35234        0.349567 
        9.00069         3.33671        0.348057 
        9.01639         3.32244        0.346557 
        9.03208         3.30813        0.345067 
        9.04778         3.28906        0.343585 
        9.06351         3.27764        0.342109 
        9.07923         3.26235        0.340643 
        9.09493          3.2455        0.339187 
        9.11062         3.23026        0.337741 
        9.12635         3.22054          0.3363 
        9.14207         3.20149        0.334868 
        9.15777         3.18729        0.333446 
        9.17346         3.17314        0.332034 
        9.18917         3.16032        0.330628 
         9.2049         3.14599        0.329229 
        9.22061         3.12833         0.32784 
        9.23631         3.11632        0.326459 
        9.25201         3.10195        0.325087 
        9.26773         3.08816        0.323722 
        9.28343         3.07683        0.322365 
        9.29913         3.06452        0.321016 
        9.31484         3.04877        0.319675 
        9.33057         3.03363         0.31834 
        9.34627         3.02469        0.317014 
        9.36197         3.00681        0.315697 
        9.37768         2.99499        0.314386 
        9.39338         2.98198        0.313083 
        9.40909         2.96893        0.311788 
        9.42479         2.95773        0.310501 
         9.4405         2.94523         0.30922 
        9.45621         2.93235        0.307947 
        9.47193         2.92092        0.306681 
        9.48763         2.90538        0.305423 
        9.50334         2.89393        0.304171 
        9.51906         2.88415        0.302927 
        9.53476          2.8683         0.30169 
        9.55045          2.8585        0.300461 
        9.56616         2.84415        0.299238 
        9.58188         2.83099         0.29802 
        9.59759         2.81834         0.29681 
         9.6133         2.81061        0.295607 
        9.62901         2.79322         0.29441 
        9.64471         2.78529        0.293219 
        9.66041         2.77548        0.292036 
        9.67612         2.76168        0.290857 
        9.69184         2.74947        0.289685 
        9.70754         2.74213        0.288521 
        9.72324         2.73033        0.287363 
        9.73895         2.71745        0.286213 
        9.75467         2.71106        0.285068 
        9.77038         2.69914        0.283931 
        9.78607         2.68773        0.282803 
        9.80177         2.67564        0.281682 
        9.81749         2.66487        0.280567 
         9.8332          2.6527         0.27946 
         9.8489         2.64465        0.278361 
        9.86463         2.63281        0.277266 
        9.88035         2.62292        0.276177 
        9.89606         2.61394        0.275095 
        9.91175         2.59924        0.274018 
        9.92745         2.59025        0.272944 
        9.94317         2.58298        0.271872 
        9.95888         2.57435        0.270803 
        9.97458         2.56079        0.269736 
        9.99029         2.55335        0.268669 
         10.006         2.54415         0.26801 
        10.0217         2.53406         0.26801 
        10.0374         2.52493         0.26801 
        10.0531         2.51393         0.26801 
        10.0688         2.50302         0.26801 
        10.0845         2.49488         0.26801 
        10.1002         2.48752         0.26801 
        10.1159         2.47528         0.26801 
        10.1317         2.46493         0.26801 
        10.1474         2.45776         0.26801 
        10.1631         2.44671         0.26801 
        10.1788         2.44176         0.26801 
        10.1945         2.42865         0.26801 
        10.2102         2.42331         0.26801 
        10.2259         2.41546         0.26801 
        10.2416         2.40572         0.26801 
        10.2573         2.39718         0.26801 
         10.273         2.38914         0.26801 
        10.2887         2.38168         0.26801 
        10.3044         2.36782         0.26801 
        10.3201         2.36131         0.26801 
        10.3359         2.35621         0.26801 
        10.3516         2.34655         0.26801 
        10.3673         2.33733         0.26801 
         10.383         2.32979         0.26801 
        10.3987         2.32306         0.26801 
        10.4144         2.31751         0.26801 
        10.4301         2.30883         0.26801 
        10.4458         2.30056         0.26801 
        10.4615         2.29169         0.26801 
        10.4772         2.28613         0.26801 
        10.4929         2.27577         0.26801 
        10.5086          2.2686         0.26801 
        10.5244         2.26184         0.26801 
        10.5401         2.25631         0.26801 
        10.5558         2.24787         0.26801 
        10.5715         2.24175         0.26801 
        10.5872          2.2357         0.26801 
        10.6029         2.22855         0.26801 
        10.6186         2.22153         0.26801 
        10.6343         2.21265         0.26801 
          10.65         2.20542         0.26801 
        10.6657         2.20027         0.26801 
        10.6814         2.19302         0.26801 
        10.6971         2.18781         0.26801 
        10.7129         2.18079         0.26801 
        10.7286         2.17205         0.26801 
        10.7443         2.16789         0.26801 
          10.76         2.16192         0.26801 
        10.7757         2.15454         0.26801 
        10.7914         2.14864         0.26801 
        10.8071         2.14262         0.26801 
        10.8228         2.13448         0.26801 
        10.8385          2.1304         0.26801 
        10.8542         2.12505         0.26801 
        10.8699         2.11959         0.26801 
        10.8856         2.11309         0.26801 
        10.9014         2.10784         0.26801 
        10.9171         2.09959         0.26801 
        10.9328         2.09484         0.26801 
        10.9485         2.09059         0.26801 
        10.9642         2.08658         0.26801 
        10.9799         2.07984         0.26801 
        10.9956         2.07429         0.26801 
        11.0113          2.0685         0.26801 
         11.027         2.06484         0.26801 
        11.0427         2.05997         0.26801 
        11.0584         2.05352         0.26801 
        11.0741         2.04855         0.26801 
        11.0898         2.04577         0.26801 
        11.1055         2.03824         0.26801 
        11.1212         2.03398         0.26801 
         11.137         2.03002         0.26801 
        11.1527         2.02462         0.26801 
        11.1684         2.02213         0.26801 
        11.1841         2.01548         0.26801 
        11.1998         2.01208         0.26801 
        11.2155         2.00592         0.26801 
        11.2312         2.00304         0.26801 
        11.2469         1.99764         0.26801 
        11.2626           1.993         0.26801 
        11.2783         1.98949         0.26801 
         11.294         1.98687         0.26801 
        11.3097         1.98332         0.26801 
        11.3254         1.97709         0.26801 
        11.3412         1.97544         0.26801 
        11.3569         1.96968         0.26801 
        11.3726         1.96764         0.26801 
        11.3883         1.96228         0.26801 
         11.404         1.96046         0.26801 
        11.4197         1.95723         0.26801 
        11.4354         1.95225         0.26801 
        11.4511         1.95056         0.26801 
        11.4668          1.9449         0.26801 
        11.4825         1.94233         0.26801 
        11.4982           1.938         0.26801 
         11.514         1.93414         0.26801 
        11.5297         1.93364         0.26801 
        11.5454         1.92909         0.26801 
        11.5611         1.92558         0.26801 
        11.5768         1.92327         0.26801 
        11.5925         1.92063         0.26801 
        11.6082         1.91836         0.26801 
        11.6239         1.91324         0.26801 
        11.6396         1.91358         0.26801 
        11.6553         1.90989         0.26801 
         11.671         1.90712         0.26801 
        11.6867         1.90324         0.26801 
        11.7024         1.90516         0.26801 
        11.7182         1.90152         0.26801 
        11.7339         1.89895         0.26801 
        11.7496         1.89801         0.26801 
        11.7653         1.89621         0.26801 
         11.781          1.8931         0.26801 
        11.7967         1.89058         0.26801 
        11.8124         1.89094         0.26801 
        11.8281         1.88907         0.26801 
        11.8438         1.88733         0.26801 
        11.8595         1.88516         0.26801 
        11.8752         1.88413         0.26801 
         11.891         1.88371         0.26801 
        11.9067         1.88115         0.26801 
        11.9224         1.88152         0.26801 
        11.9381         1.88034         0.26801 
        11.9538         1.87678         0.26801 
        11.9695         1.87653         0.26801 
        11.9852         1.87659         0.26801 
        12.0009         1.87506         0.26801 
        12.0166         1.87385         0.26801 
        12.0323         1.87524         0.26801 
         12.048         1.87248         0.26801 
        12.0637         1.87361         0.26801 
