# k  (h/Mpc)    Pcb(k)  (Mpc/h)^3    Pcb_linear(k) (Mpc/h)^3   ShotnoiseSubtracted = true
      0.0200456         5216.57         5285.65 
      0.0350414         3534.69         3447.26 
      0.0492313         2333.76         2328.45 
      0.0637834         1884.29         1917.77 
      0.0800726         1483.84          1524.1 
       0.096163         1087.65         1052.08 
       0.111083         845.467         806.602 
       0.126058         722.142          723.77 
       0.142273         620.529         621.685 
       0.158546         492.655         476.791 
        0.17375          413.47         389.519 
       0.188953         376.657         354.738 
       0.204907         323.636         319.034 
       0.220756         284.411         266.763 
        0.23588         245.768         226.676 
         0.2514          219.97         205.243 
       0.267535         208.294         187.881 
       0.283568         181.392         165.333 
       0.299022         167.222         145.213 
       0.314451         159.359         131.844 
       0.330372         140.042         121.559 
       0.346141         128.566         110.497 
       0.361624         119.203         99.7238 
       0.377134         108.546         91.1812 
       0.392932         104.988          84.398 
       0.408854         97.8149         77.9145 
       0.424564            92.8         71.6106 
       0.440253         84.2411         66.0973 
       0.455999         77.3061         61.4871 
       0.471626         74.2415         57.3617 
        0.48727         71.6778         53.4139 
       0.502856         66.0225         49.8043 
       0.518488         63.2854         46.6238 
       0.534347         59.4815         43.7231 
       0.550082         57.4635         41.0446 
       0.565732         55.5021         38.5639 
       0.581496         51.2478         36.2954 
       0.597222         49.3162         34.2359 
       0.612804         47.1988         32.3494 
       0.628434         46.2647          30.585 
       0.644267          43.645         28.9306 
       0.660051         41.8729         27.4128 
       0.675724         40.2201         26.0157 
       0.691403         39.4562         24.7142 
       0.707174          37.892          23.494 
       0.722871         36.7873         22.3607 
        0.73838         35.0616         21.3139 
       0.754018         33.1019          20.326 
       0.769845         32.6537         19.3897 
        0.78569         31.4872         18.5115 
       0.801365         30.4827         17.6964 
       0.817031         29.2278         16.9309 
       0.832809         28.6401         16.2061 
       0.848511         27.7258         15.5273 
       0.864097         27.0113         14.8921 
       0.879701         26.4763         14.2921 
       0.895507         25.4372         13.7182 
       0.911279         24.6193         13.1772 
        0.92691         24.1823           12.67 
       0.942635         23.5972         12.1868 
       0.958396         23.0511         11.7279 
       0.974128         22.4107         11.2935 
       0.989692         21.4688         10.8855 
        1.00528         21.2363         10.4972 
        1.02113          20.611         10.1217 
        1.03692         20.2506         9.76611 
        1.05264         19.8079         9.42926 
        1.06832         19.3945         9.10887 
        1.08405         18.8403         8.80255 
        1.09979         18.5658         8.51018 
        1.11537         17.9453         8.23403 
        1.13105         17.6799         7.96852 
        1.14679         17.2234         7.71373 
        1.16256         16.9509         7.46961 
        1.17828         16.6565         7.23689 
        1.19395         16.3274          7.0149 
         1.2097         16.0183         6.80112 
        1.22537         15.6789         6.59731 
          1.241         15.3234         6.40248 
        1.25666         15.1011         6.21506 
        1.27241         14.8685         6.03429 
        1.28819          14.297         5.86042 
        1.30392         14.3999         5.69393 
        1.31957         14.0129         5.53467 
        1.33529         13.7649         5.38093 
        1.35108         13.5824         5.23244 
        1.36674         13.3113         5.09063 
         1.3824          13.042         4.95421 
        1.39811         12.8005         4.82236 
        1.41389         12.6451         4.69481 
        1.42964         12.4804          4.5721 
        1.44531         12.2623         4.45439 
        1.46101         12.1038         4.34058 
        1.47667         11.8751         4.23109 
        1.49229         11.5858         4.12568 
        1.50793         11.5057         4.02375 
        1.52367         11.3513         3.92462 
        1.53953         11.1931         3.82817 
        1.55526         10.9366         3.73573 
        1.57092         10.8958         3.64674 
        1.58662         10.7132         3.56044 
        1.60235         10.5703         3.47677 
        1.61809         10.3989         3.39575 
        1.63369         10.2409         3.31803 
        1.64941         10.0856          3.2422 
        1.66519          9.9976         3.16847 
        1.68085         9.76254         3.09756 
        1.69652         9.76671          3.0288 
        1.71228          9.5911         2.96174 
        1.72806         9.44387         2.89666 
        1.74368         9.34515          2.8342 
        1.75933         9.22246         2.77345 
        1.77505         9.09661          2.7142 
        1.79081         8.98497         2.65658 
         1.8065         8.90619         2.60089 
        1.82218         8.82915         2.54684 
        1.83797         8.70644         2.49396 
        1.85367         8.60215         2.44287 
        1.86928         8.47528         2.39352 
        1.88497         8.39269         2.34527 
        1.90073         8.25885         2.29817 
        1.91647         8.08098         2.25241 
        1.93218         8.06705           2.208 
        1.94787         7.94138         2.16485 
        1.96363         7.87652         2.12268 
        1.97935         7.79191         2.08172 
        1.99499         7.68972         2.04208 
        2.01064         7.60786         2.00341 
         2.0264         7.50558          1.9655 
        2.04216         7.50807         1.92859 
        2.05781         7.40236         1.89287 
        2.07353         7.29657         1.85792 
        2.08928         7.21517         1.82378 
        2.10499         7.13683         1.79059 
        2.12065         7.08275         1.75833 
        2.13633         6.97945         1.72683 
        2.15211         6.92829          1.6959 
        2.16785         6.83331         1.66582 
        2.18349         6.77618         1.63665 
        2.19916         6.72306         1.60813 
        2.21489         6.64594         1.58019 
        2.23063         6.59868         1.55289 
         2.2463         6.49712         1.52636 
        2.26194         6.43048         1.50052 
        2.27765         6.36494         1.47515 
        2.29341         6.28478         1.45029 
        2.30914         6.26349         1.42606 
        2.32486         6.18976          1.4024 
        2.34061         6.14955         1.37924 
        2.35635         6.08828         1.35662 
        2.37203         6.00727         1.33458 
        2.38768         5.94829         1.31308 
        2.40339         5.90233         1.29198 
        2.41914         5.83845         1.27129 
        2.43483         5.82958         1.25113 
         2.4505          5.7409         1.23144 
        2.46622         5.67673         1.21211 
        2.48195         5.66851         1.19319 
        2.49759         5.57595         1.17477 
        2.51328         5.53605          1.1567 
        2.52906         5.47968         1.13889 
        2.54479         5.43882         1.12152 
        2.56049         5.36698         1.10455 
        2.57618         5.34566         1.08794 
        2.59189           5.348         1.07166 
        2.60758         5.25032         1.05573 
        2.62325         5.18881         1.04014 
        2.63898         5.19373         1.02481 
        2.65468         5.12225         1.00983 
        2.67044         5.09523        0.995079 
        2.68618          5.0198        0.980659 
        2.70184         5.00818        0.966581 
        2.71755         4.95745        0.952746 
        2.73329         4.89365        0.939159 
        2.74897         4.86476        0.925882 
        2.76462         4.83766        0.912891 
        2.78034         4.79059        0.900096 
        2.79607         4.76408        0.887532 
        2.81179         4.71383        0.875223 
        2.82749         4.66619        0.863161 
        2.84321           4.646        0.851312 
        2.85893         4.60129         0.83969 
        2.87462         4.57804        0.828305 
        2.89033         4.52976         0.81712 
        2.90605         4.49453        0.806132 
        2.92176         4.45183        0.795352 
        2.93747          4.4204        0.784774 
        2.95318          4.3868        0.774386 
        2.96891         4.35267        0.764182 
        2.98456         4.31887        0.754207 
        3.00023         4.29764        0.744395 
        3.01596         4.24405        0.734727 
        3.03164         4.21871        0.725259 
        3.04738         4.19251         0.71593 
         3.0631         4.16523        0.706767 
        3.07883         4.12841        0.697765 
        3.09456         4.07927        0.688921 
        3.11026         4.05991        0.680244 
        3.12596         4.03612        0.671717 
        3.14163         4.00473        0.663356 
        3.15734         3.97221        0.655118 
        3.17308         3.96466           0.647 
        3.18879         3.91603        0.639042 
        3.20447         3.89259        0.631229 
         3.2202           3.864        0.623522 
         3.2359          3.8326        0.615958 
        3.25157         3.80767        0.608537 
        3.26729          3.7865        0.601216 
        3.28304         3.74966        0.594001 
        3.29877         3.72938        0.586914 
        3.31446         3.71751        0.579958 
        3.33014         3.67012         0.57312 
        3.34585         3.64931        0.566383 
        3.36158         3.62316        0.559743 
        3.37727         3.59582        0.553231 
        3.39294         3.57647        0.546829 
        3.40867         3.55678        0.540504 
        3.42439         3.52782        0.534283 
        3.44008         3.50526        0.528172 
        3.45578         3.47525        0.522152 
        3.47153          3.4524        0.516213 
        3.48724         3.42895        0.510376 
        3.50292         3.40335        0.504643 
        3.51859         3.38368        0.499001 
        3.53431          3.3568        0.493428 
        3.55007         3.34406        0.487926 
        3.56577         3.31095         0.48253 
        3.58146         3.29594        0.477217 
        3.59719         3.28426        0.471972 
        3.61292         3.24689        0.466808 
        3.62859         3.23264        0.461741 
        3.64429         3.21359        0.456739 
        3.66003         3.19036        0.451796 
        3.67578         3.17584        0.446927 
        3.69146         3.14913        0.442149 
        3.70712         3.13762        0.437449 
        3.72284         3.11374          0.4328 
        3.73853         3.08743        0.428227 
        3.75422         3.06202        0.423718 
        3.76993         3.05583         0.41927 
        3.78564         3.03203        0.414888 
        3.80137         3.00631        0.410561 
        3.81707         2.99075        0.406305 
        3.83279         2.96801        0.402106 
        3.84853         2.94442        0.397959 
        3.86424         2.92757        0.393879 
        3.87992         2.91741        0.389862 
        3.89561         2.89247        0.385901 
        3.91134         2.87333        0.381987 
        3.92704          2.8514        0.378132 
        3.94273         2.83788        0.374333 
        3.95845         2.82206         0.37058 
        3.97418         2.79896        0.366877 
        3.98988         2.78754        0.363231 
        4.00554          2.7653        0.359643 
        4.02125         2.74321        0.356094 
        4.03698         2.72719        0.352587 
        4.05268         2.70576        0.349135 
        4.06839         2.69123        0.345727 
         4.0841         2.67181        0.342365 
        4.09983         2.65938        0.339043 
        4.11555         2.63982        0.335767 
        4.13124         2.62097        0.332543 
        4.14693         2.60322        0.329358 
        4.16266         2.59065        0.326208 
        4.17839         2.56906        0.323101 
        4.19408         2.55935        0.320042 
        4.20977         2.54833         0.31702 
        4.22551         2.51923        0.314031 
        4.24123         2.50809        0.311083 
        4.25691         2.49012        0.308181 
        4.27259         2.47212        0.305315 
        4.28831         2.45577        0.302479 
        4.30404         2.44666        0.299677 
        4.31974         2.42641        0.296917 
        4.33543         2.41867        0.294192 
        4.35116         2.40316        0.291496 
        4.36688         2.38208        0.288834 
        4.38255         2.37386        0.286215 
        4.39825          2.3577        0.283623 
        4.41398         2.34422        0.281058 
         4.4297         2.33216        0.278528 
        4.44541          2.3127        0.276029 
        4.46111         2.29936        0.273563 
        4.47683         2.28559        0.271124 
        4.49251         2.27164        0.268721 
        4.50819         2.25644        0.266347 
         4.5239         2.24237        0.263999 
        4.53962         2.23402        0.261676 
        4.55535          2.2199         0.25938 
        4.57106         2.20415        0.257114 
        4.58678         2.19426        0.254875 
         4.6025           2.183        0.252663 
        4.61821         2.17106        0.250477 
        4.63391         2.15612        0.248319 
         4.6496         2.14284        0.246188 
        4.66532          2.1317        0.244079 
        4.68103         2.11911        0.241995 
        4.69673         2.10879        0.239937 
        4.71241         2.10017        0.237906 
        4.72811         2.08875        0.235894 
        4.74384         2.07563        0.233903 
        4.75955         2.06158        0.231939 
        4.77525         2.05157        0.229997 
        4.79096         2.04052        0.228076 
        4.80669            2.03        0.226176 
         4.8224           2.015        0.224299 
        4.83809         2.00854        0.222446 
        4.85379         2.00184        0.220613 
         4.8695         1.98896        0.218798 
        4.88521         1.97157        0.217005 
        4.90093         1.96737        0.215232 
        4.91663         1.95337         0.21348 
        4.93234         1.94516        0.211746 
        4.94807         1.93302         0.21003 
        4.96377         1.92839        0.208336 
        4.97943         1.91385        0.206664 
        4.99514         1.90572        0.205006 
        5.01086         1.89957        0.203365 
        5.02654         1.88473        0.201747 
        5.04227         1.87703        0.200141 
          5.058         1.86894        0.198552 
        5.07371         1.86099        0.196983 
        5.08942         1.84623        0.195431 
        5.10513         1.84216        0.193896 
        5.12084         1.82811        0.192376 
        5.13656         1.82217        0.190873 
        5.15225         1.80884        0.189388 
        5.16796         1.80505        0.187917 
        5.18369         1.79414         0.18646 
         5.1994         1.78604        0.185021 
        5.21509         1.77477        0.183599 
        5.23079         1.77158         0.18219 
        5.24649         1.76183        0.180796 
        5.26217         1.75224        0.179419 
        5.27788         1.74116        0.178053 
        5.29359         1.73876        0.176702 
        5.30933         1.72596        0.175363 
        5.32504         1.71949        0.174039 
        5.34073         1.71693        0.172731 
        5.35646         1.70171        0.171434 
        5.37218         1.69447         0.17015 
        5.38789          1.6871        0.168881 
        5.40357         1.68141        0.167626 
        5.41929         1.67484        0.166382 
        5.43502         1.66456         0.16515 
         5.4507         1.65593        0.163933 
        5.46639         1.64826        0.162728 
        5.48212          1.6408        0.161533 
        5.49786         1.63474        0.160348 
        5.51353         1.63195        0.159181 
        5.52921         1.61959        0.158024 
        5.54495         1.61301        0.156876 
        5.56066          1.6062         0.15574 
        5.57637         1.59878        0.154615 
        5.59207         1.58945        0.153503 
        5.60778         1.58633        0.152401 
        5.62346         1.57786        0.151311 
        5.63916         1.56682        0.150231 
        5.65487          1.5627        0.149161 
         5.6706         1.55632        0.148101 
        5.68633         1.55161         0.14705 
        5.70203         1.54387        0.146011 
        5.71773         1.53742        0.144983 
        5.73344         1.53065        0.143964 
        5.74916         1.52195        0.142954 
        5.76486         1.52002        0.141955 
        5.78054         1.51476        0.140967 
        5.79626         1.50505        0.139985 
          5.812          1.4936        0.139012 
         5.8277         1.49229        0.138051 
        5.84339          1.4874        0.137099 
        5.85911         1.47985        0.136155 
        5.87484         1.47291        0.135219 
        5.89053         1.46893        0.134294 
        5.90623         1.46316        0.133377 
        5.92195          1.4548        0.132467 
        5.93767         1.45136        0.131567 
        5.95336         1.44179        0.130676 
        5.96905         1.43873        0.129793 
        5.98476         1.43315        0.128918 
        6.00048         1.42802         0.12805 
        6.01617         1.42353        0.127191 
        6.03185         1.41492        0.126342 
        6.04756         1.41341        0.125498 
        6.06331         1.40508         0.12466 
        6.07903         1.39782        0.123831 
        6.09473          1.3929        0.123011 
        6.11044         1.38914        0.122197 
        6.12616         1.38485        0.121391 
        6.14186         1.37775        0.120593 
        6.15755         1.37186        0.119802 
        6.17326         1.36747        0.119017 
        6.18898         1.36193         0.11824 
        6.20467         1.35841         0.11747 
        6.22036         1.35312        0.116708 
         6.2361         1.34937         0.11595 
         6.2518         1.34183          0.1152 
        6.26748         1.33755        0.114458 
        6.28319         1.33323        0.113721 
        6.29893          1.3262         0.11299 
        6.31463         1.32161        0.112266 
        6.33033          1.3172        0.111549 
        6.34604         1.31216        0.110838 
        6.36177         1.31016        0.110132 
        6.37747         1.30459        0.109434 
        6.39316         1.29793        0.108742 
        6.40888         1.29378        0.108055 
         6.4246         1.29116        0.107373 
        6.44031         1.28633        0.106698 
        6.45601          1.2815         0.10603 
        6.47172         1.27645        0.105366 
        6.48744         1.27035        0.104708 
        6.50313         1.26821        0.104057 
        6.51882         1.26137        0.103411 
        6.53452         1.25876         0.10277 
        6.55025         1.25405        0.102134 
        6.56597         1.24871        0.101504 
        6.58166         1.24828         0.10088 
        6.59736          1.2407        0.100261 
        6.61307         1.23664       0.0996459 
         6.6288         1.23513       0.0990361 
         6.6445         1.23016       0.0984322 
         6.6602         1.22545       0.0978334 
        6.67592         1.22251        0.097239 
        6.69164          1.2167       0.0966497 
        6.70735         1.21248       0.0960654 
        6.72304         1.20952       0.0954866 
        6.73874         1.20477       0.0949124 
        6.75446         1.20056       0.0943422 
        6.77016         1.19701       0.0937775 
        6.78585         1.19249       0.0932174 
        6.80156         1.18964       0.0926617 
        6.81729         1.18582       0.0921096 
        6.83301         1.18155       0.0915621 
         6.8487         1.17588       0.0910203 
         6.8644          1.1745       0.0904825 
        6.88012         1.16952       0.0899485 
        6.89583          1.1687       0.0894193 
        6.91151         1.16274        0.088895 
        6.92723         1.15789       0.0883737 
        6.94296         1.15747       0.0878564 
        6.95866         1.15231       0.0873441 
        6.97436          1.1471       0.0868359 
        6.99007         1.14624       0.0863315 
        7.00578         1.14145       0.0858311 
        7.02147         1.13734       0.0853352 
        7.03718         1.13379       0.0848428 
         7.0529         1.13117       0.0843538 
        7.06863         1.12696       0.0838684 
        7.08433         1.12465       0.0833876 
        7.10004         1.12042       0.0829106 
        7.11575         1.11698       0.0824372 
        7.13145         1.11439       0.0819676 
        7.14715          1.1093       0.0815018 
        7.16284         1.10663       0.0810401 
        7.17855         1.10292       0.0805811 
        7.19428             1.1       0.0801252 
        7.20998         1.09848       0.0796737 
        7.22568          1.0953       0.0792256 
        7.24139         1.09173       0.0787808 
        7.25711         1.08937       0.0783393 
        7.27282         1.08559       0.0779012 
        7.28852         1.08152       0.0774669 
        7.30423         1.07916       0.0770354 
        7.31995         1.07596       0.0766073 
        7.33565         1.07342       0.0761827 
        7.35135         1.07009       0.0757613 
        7.36706         1.06621       0.0753431 
        7.38277         1.06364       0.0749278 
        7.39847         1.06024       0.0745158 
        7.41419         1.05708       0.0741067 
         7.4299         1.05571       0.0737008 
        7.44561         1.05158       0.0732979 
        7.46132         1.04956       0.0728981 
        7.47701         1.04635       0.0725017 
        7.49272         1.04375       0.0721078 
        7.50842         1.04209        0.071717 
         7.5241         1.03622       0.0713297 
        7.53981         1.03654       0.0709446 
        7.55552         1.03173       0.0705622 
        7.57125          1.0307       0.0701822 
        7.58698          1.0269        0.069805 
        7.60268         1.02453       0.0694313 
         7.6184         1.02015       0.0690599 
        7.63411         1.01766       0.0686913 
        7.64981         1.01653       0.0683257 
        7.66552         1.01394       0.0679628 
        7.68123         1.01105       0.0676022 
        7.69695         1.00706       0.0672441 
        7.71264         1.00627       0.0668892 
        7.72834         1.00416       0.0665368 
        7.74407         1.00043       0.0661862 
        7.75978        0.999001       0.0658384 
        7.77546        0.996712       0.0654939 
        7.79116        0.994028       0.0651515 
         7.8069        0.991848       0.0648108 
         7.8226        0.988423        0.064473 
        7.83828        0.985379       0.0641383 
        7.85399        0.982795       0.0638055 
        7.86972        0.980342       0.0634744 
        7.88543        0.979265       0.0631462 
        7.90111        0.978439       0.0628208 
        7.91681        0.975502       0.0624973 
        7.93255        0.971911       0.0621755 
        7.94828         0.96971        0.061856 
        7.96397        0.967983       0.0615393 
        7.97967         0.96571       0.0612249 
        7.99538        0.965031       0.0609125 
         8.0111        0.962118       0.0606022 
         8.0268        0.960054       0.0602942 
        8.04248        0.956506       0.0599888 
         8.0582        0.954541       0.0596849 
        8.07393        0.952082       0.0593828 
        8.08963        0.950941       0.0590833 
        8.10533        0.947503        0.058786 
        8.12104          0.9471       0.0584905 
        8.13675        0.944739        0.058197 
        8.15245        0.942198       0.0579057 
        8.16815        0.941538       0.0576165 
        8.18387        0.939799       0.0573288 
        8.19959        0.936368       0.0570431 
         8.2153        0.935078       0.0567595 
        8.23101        0.932661       0.0564779 
        8.24672        0.931723       0.0561982 
        8.26241         0.92966       0.0559207 
         8.2781         0.92791       0.0556451 
        8.29381        0.926556        0.055371 
        8.30952        0.923531       0.0550988 
        8.32524        0.922919       0.0548282 
        8.34095        0.920828       0.0545596 
        8.35666        0.918232       0.0542928 
        8.37237        0.915998       0.0540278 
        8.38808        0.914489       0.0537645 
        8.40379        0.911644       0.0535031 
         8.4195        0.911146       0.0532434 
         8.4352        0.908655       0.0529855 
        8.45091        0.909037       0.0527293 
        8.46662        0.906106       0.0524747 
        8.48232        0.904376       0.0522219 
        8.49802        0.904088       0.0519708 
        8.51374        0.900258       0.0517211 
        8.52945         0.89901       0.0514731 
        8.54515         0.89881        0.051227 
        8.56086        0.895681       0.0509821 
        8.57658        0.895236        0.050739 
        8.59228        0.892937       0.0504976 
        8.60799        0.892018       0.0502575 
        8.62371        0.891539       0.0500191 
        8.63942        0.888338       0.0497822 
        8.65512        0.886721        0.049547 
        8.67082        0.886209       0.0493134 
        8.68653        0.884281       0.0490811 
        8.70224        0.883784       0.0488502 
        8.71795        0.880419        0.048621 
        8.73365        0.880563       0.0483932 
        8.74936        0.876967       0.0481669 
        8.76506        0.876828       0.0479422 
        8.78076        0.875785       0.0477188 
        8.79646        0.874606       0.0474969 
        8.81218        0.872448       0.0472762 
        8.82791        0.871133       0.0470566 
         8.8436        0.869808        0.046839 
         8.8593        0.868695       0.0466227 
        8.87503        0.867019       0.0464073 
        8.89076        0.866084       0.0461933 
        8.90644        0.863977       0.0459813 
        8.92214        0.861951       0.0457704 
        8.93786          0.8623       0.0455605 
        8.95357        0.859134       0.0453521 
        8.96928        0.858806        0.045145 
        8.98498        0.857728       0.0449393 
        9.00069        0.855797       0.0447348 
        9.01639        0.854958       0.0445316 
        9.03208        0.853139       0.0443299 
        9.04778        0.852022       0.0441292 
        9.06351        0.850868       0.0439295 
        9.07923        0.849682       0.0437311 
        9.09493        0.847275       0.0435342 
        9.11062         0.84669       0.0433386 
        9.12635        0.846747       0.0431438 
        9.14207        0.845267       0.0429503 
        9.15777        0.843828       0.0427581 
        9.17346         0.84307       0.0425673 
        9.18917        0.841995       0.0423774 
         9.2049         0.84016       0.0421884 
        9.22061        0.839591       0.0420008 
        9.23631        0.839385       0.0418145 
        9.25201        0.837783       0.0416293 
        9.26773        0.836047       0.0414451 
        9.28343        0.835298        0.041262 
        9.29913        0.834232       0.0410802 
        9.31484        0.833759       0.0408993 
        9.33057        0.831786       0.0407193 
        9.34627        0.830641       0.0405406 
        9.36197        0.829317       0.0403632 
        9.37768         0.82864       0.0401866 
        9.39338        0.827447       0.0400111 
        9.40909        0.827284       0.0398368 
        9.42479        0.826265       0.0396634 
         9.4405        0.824213       0.0394911 
        9.45621        0.825105       0.0393197 
        9.47193        0.822777       0.0391494 
        9.48763        0.821362       0.0389802 
        9.50334        0.821395       0.0388119 
        9.51906        0.820265       0.0386446 
        9.53476        0.818821       0.0384784 
        9.55045        0.819201       0.0383133 
        9.56616        0.817059       0.0381489 
        9.58188        0.816469       0.0379854 
        9.59759        0.815695       0.0378229 
         9.6133        0.814793       0.0376613 
        9.62901        0.813266       0.0375006 
        9.64471        0.813457       0.0373409 
        9.66041        0.812338       0.0371821 
        9.67612        0.811678        0.037024 
        9.69184        0.809598       0.0368668 
        9.70754         0.81058       0.0367106 
        9.72324        0.808935       0.0365555 
        9.73895        0.808675       0.0364012 
        9.75467         0.80746       0.0362479 
        9.77038        0.807706       0.0360956 
        9.78607        0.807476       0.0359445 
        9.80177        0.805805       0.0357944 
        9.81749        0.805322       0.0356451 
         9.8332        0.803997        0.035497 
         9.8489         0.80336       0.0353499 
        9.86463        0.801747       0.0352035 
        9.88035        0.802411       0.0350579 
        9.89606        0.800599       0.0349132 
        9.91175        0.800852       0.0347692 
        9.92745        0.800383       0.0346256 
        9.94317        0.799038       0.0344824 
        9.95888        0.798563       0.0343395 
        9.97458        0.797972       0.0341969 
        9.99029        0.797235       0.0340544 
         10.006        0.796609       0.0339663 
        10.0217        0.795845       0.0339663 
        10.0374        0.795394       0.0339663 
        10.0531        0.795311       0.0339663 
        10.0688        0.795112       0.0339663 
        10.0845        0.795118       0.0339663 
        10.1002        0.793542       0.0339663 
        10.1159        0.793705       0.0339663 
        10.1317        0.792618       0.0339663 
        10.1474        0.792364       0.0339663 
        10.1631        0.791843       0.0339663 
        10.1788        0.791768       0.0339663 
        10.1945        0.790263       0.0339663 
        10.2102        0.790725       0.0339663 
        10.2259         0.78988       0.0339663 
        10.2416        0.788481       0.0339663 
        10.2573        0.787752       0.0339663 
         10.273        0.788558       0.0339663 
        10.2887        0.787483       0.0339663 
        10.3044        0.788168       0.0339663 
        10.3201        0.786753       0.0339663 
        10.3359         0.78665       0.0339663 
        10.3516        0.787204       0.0339663 
        10.3673        0.786088       0.0339663 
         10.383        0.785281       0.0339663 
        10.3987        0.785066       0.0339663 
        10.4144        0.784778       0.0339663 
        10.4301        0.786515       0.0339663 
        10.4458        0.784294       0.0339663 
        10.4615        0.784479       0.0339663 
        10.4772        0.784549       0.0339663 
        10.4929        0.783516       0.0339663 
        10.5086        0.783714       0.0339663 
        10.5244        0.783274       0.0339663 
        10.5401        0.783356       0.0339663 
        10.5558        0.783055       0.0339663 
        10.5715        0.782837       0.0339663 
        10.5872        0.782361       0.0339663 
        10.6029        0.781998       0.0339663 
        10.6186        0.782372       0.0339663 
        10.6343        0.782013       0.0339663 
          10.65        0.781003       0.0339663 
        10.6657        0.782172       0.0339663 
        10.6814        0.781234       0.0339663 
        10.6971        0.781211       0.0339663 
        10.7129        0.780749       0.0339663 
        10.7286        0.780328       0.0339663 
        10.7443        0.781915       0.0339663 
          10.76        0.780947       0.0339663 
        10.7757        0.781342       0.0339663 
        10.7914        0.781305       0.0339663 
        10.8071        0.780987       0.0339663 
        10.8228        0.780988       0.0339663 
        10.8385        0.779981       0.0339663 
        10.8542        0.780475       0.0339663 
        10.8699        0.781182       0.0339663 
        10.8856        0.781053       0.0339663 
        10.9014          0.7812       0.0339663 
        10.9171        0.781262       0.0339663 
        10.9328        0.780855       0.0339663 
        10.9485        0.781139       0.0339663 
        10.9642        0.781131       0.0339663 
        10.9799        0.781157       0.0339663 
        10.9956        0.781862       0.0339663 
        11.0113        0.781851       0.0339663 
         11.027        0.781464       0.0339663 
        11.0427        0.781703       0.0339663 
        11.0584        0.781787       0.0339663 
        11.0741         0.78249       0.0339663 
        11.0898        0.783184       0.0339663 
        11.1055         0.78167       0.0339663 
        11.1212        0.782874       0.0339663 
         11.137        0.783566       0.0339663 
        11.1527        0.783175       0.0339663 
        11.1684         0.78375       0.0339663 
        11.1841         0.78445       0.0339663 
        11.1998        0.783497       0.0339663 
        11.2155          0.7845       0.0339663 
        11.2312        0.785334       0.0339663 
        11.2469        0.785687       0.0339663 
        11.2626        0.785619       0.0339663 
        11.2783         0.78619       0.0339663 
         11.294        0.786779       0.0339663 
        11.3097        0.787974       0.0339663 
        11.3254          0.7875       0.0339663 
        11.3412        0.788198       0.0339663 
        11.3569        0.788086       0.0339663 
        11.3726        0.789104       0.0339663 
        11.3883        0.789494       0.0339663 
         11.404        0.790365       0.0339663 
        11.4197         0.79097       0.0339663 
        11.4354        0.791393       0.0339663 
        11.4511        0.790756       0.0339663 
        11.4668        0.793332       0.0339663 
        11.4825        0.792572       0.0339663 
        11.4982        0.792724       0.0339663 
         11.514        0.794421       0.0339663 
        11.5297        0.794384       0.0339663 
        11.5454        0.795557       0.0339663 
        11.5611        0.796046       0.0339663 
        11.5768         0.79713       0.0339663 
        11.5925         0.79878       0.0339663 
        11.6082        0.798396       0.0339663 
        11.6239        0.798774       0.0339663 
        11.6396        0.799351       0.0339663 
        11.6553        0.800344       0.0339663 
         11.671        0.801649       0.0339663 
        11.6867        0.802867       0.0339663 
        11.7024        0.802818       0.0339663 
        11.7182        0.804027       0.0339663 
        11.7339        0.805024       0.0339663 
        11.7496         0.80626       0.0339663 
        11.7653        0.806694       0.0339663 
         11.781        0.808326       0.0339663 
        11.7967        0.808382       0.0339663 
        11.8124          0.8097       0.0339663 
        11.8281        0.810907       0.0339663 
        11.8438        0.811459       0.0339663 
        11.8595        0.813234       0.0339663 
        11.8752        0.813944       0.0339663 
         11.891        0.816063       0.0339663 
        11.9067          0.8165       0.0339663 
        11.9224        0.817338       0.0339663 
        11.9381         0.81788       0.0339663 
        11.9538        0.819799       0.0339663 
        11.9695        0.820932       0.0339663 
        11.9852        0.822244       0.0339663 
        12.0009        0.823219       0.0339663 
        12.0166        0.824414       0.0339663 
        12.0323        0.826509       0.0339663 
         12.048        0.827954       0.0339663 
        12.0637        0.828209       0.0339663 
