# k  (h/Mpc)    Pcb(k)  (Mpc/h)^3    Pcb_linear(k) (Mpc/h)^3   ShotnoiseSubtracted = true
      0.0200456         4009.18         4061.45 
      0.0350414         2710.77         2648.84 
      0.0492313         1795.03         1789.16 
      0.0637834         1451.45          1473.6 
      0.0800726         1143.58          1171.1 
       0.096163         832.848         808.407 
       0.111083         646.254         619.787 
       0.126058          554.43         556.139 
       0.142273         475.545         477.698 
       0.158546         376.214         366.362 
        0.17375          314.71         299.304 
       0.188953         285.751         272.578 
       0.204907         246.192         245.143 
       0.220756         215.444         204.979 
        0.23588         185.534         174.176 
         0.2514         166.482         157.707 
       0.267535         156.511         144.366 
       0.283568         136.597         127.041 
       0.299022         124.835         111.581 
       0.314451         117.956         101.308 
       0.330372         104.512         93.4053 
       0.346141          95.719         84.9051 
       0.361624         88.1454          76.627 
       0.377134         80.2119         70.0629 
       0.392932         77.4748         64.8508 
       0.408854         71.5679         59.8689 
       0.424564         67.9326          55.025 
       0.440253         61.7351         50.7886 
       0.455999         56.3664         47.2462 
       0.471626         53.7677         44.0763 
        0.48727         51.9952         41.0428 
       0.502856         48.1774         38.2692 
       0.518488          45.558         35.8254 
       0.534347         42.8368         33.5965 
       0.550082         41.2231         31.5384 
       0.565732         39.6649         29.6322 
       0.581496         36.8675         27.8891 
       0.597222         35.1627         26.3066 
       0.612804         33.5138          24.857 
       0.628434         32.8899         23.5013 
       0.644267         31.0273           22.23 
       0.660051          29.576         21.0638 
       0.675724         28.2572         19.9902 
       0.691403         27.6947         18.9902 
       0.707174         26.5308         18.0526 
       0.722871         25.6786         17.1818 
        0.73838         24.3781         16.3774 
       0.754018         23.0155         15.6183 
       0.769845         22.5979         14.8989 
        0.78569         21.8126         14.2241 
       0.801365         21.0391         13.5977 
       0.817031         20.1644         13.0096 
       0.832809         19.6756         12.4527 
       0.848511         19.0018          11.931 
       0.864097         18.4246          11.443 
       0.879701         18.1006         10.9819 
       0.895507         17.3849          10.541 
       0.911279          16.696         10.1253 
        0.92691         16.4004         9.73552 
       0.942635         15.9809         9.36423 
       0.958396         15.4846          9.0116 
       0.974128         15.0631         8.67785 
       0.989692         14.3729         8.36435 
        1.00528         14.2573         8.06594 
        1.02113         13.7898         7.77747 
        1.03692         13.4908         7.50421 
        1.05264         13.1927         7.24537 
        1.06832          12.913         6.99918 
        1.08405         12.5292         6.76381 
        1.09979         12.2531         6.53916 
        1.11537         11.8851         6.32696 
        1.13105         11.7131         6.12295 
        1.14679         11.4138         5.92717 
        1.16256         11.1885         5.73959 
        1.17828         10.9498         5.56077 
        1.19395         10.7552          5.3902 
         1.2097         10.4508         5.22593 
        1.22537         10.2565         5.06932 
          1.241         9.98195         4.91962 
        1.25666         9.88504         4.77561 
        1.27241         9.70227          4.6367 
        1.28819         9.29902          4.5031 
        1.30392         9.33443         4.37517 
        1.31957         9.04612          4.2528 
        1.33529         8.92905         4.13466 
        1.35108         8.76254         4.02056 
        1.36674         8.55066          3.9116 
         1.3824         8.40469         3.80678 
        1.39811         8.27353         3.70546 
        1.41389         8.12234         3.60745 
        1.42964         7.98199         3.51317 
        1.44531          7.8412         3.42272 
        1.46101         7.74946         3.33526 
        1.47667         7.58994         3.25114 
        1.49229         7.38599         3.17014 
        1.50793         7.31975         3.09182 
        1.52367          7.2049         3.01565 
        1.53953         7.08089         2.94153 
        1.55526         6.94599         2.87051 
        1.57092          6.8771         2.80213 
        1.58662         6.74443         2.73581 
        1.60235         6.67501         2.67152 
        1.61809         6.56413         2.60927 
        1.63369         6.44209         2.54955 
        1.64941         6.32925         2.49128 
        1.66519         6.26618         2.43463 
        1.68085         6.13881         2.38014 
        1.69652         6.09275         2.32731 
        1.71228         6.02133         2.27578 
        1.72806         5.91442         2.22577 
        1.74368         5.83424         2.17778 
        1.75933         5.74629          2.1311 
        1.77505         5.64953         2.08557 
        1.79081         5.58704          2.0413 
         1.8065         5.54527          1.9985 
        1.82218         5.46916         1.95697 
        1.83797         5.36094         1.91634 
        1.85367         5.30168         1.87708 
        1.86928         5.22873         1.83916 
        1.88497         5.17674         1.80209 
        1.90073         5.09081          1.7659 
        1.91647         4.97973         1.73074 
        1.93218          4.9608         1.69661 
        1.94787         4.89118         1.66345 
        1.96363         4.84019         1.63105 
        1.97935         4.80341         1.59958 
        1.99499         4.73323         1.56912 
        2.01064         4.66583          1.5394 
         2.0264         4.62702         1.51028 
        2.04216         4.57772         1.48192 
        2.05781         4.51956         1.45447 
        2.07353          4.4557         1.42761 
        2.08928         4.39704         1.40138 
        2.10499         4.34999         1.37588 
        2.12065         4.33813         1.35108 
        2.13633         4.27494         1.32688 
        2.15211         4.21954         1.30312 
        2.16785         4.15865            1.28 
        2.18349         4.14512         1.25759 
        2.19916         4.08662         1.23567 
        2.21489         4.05251          1.2142 
        2.23063         3.99713         1.19323 
         2.2463         3.94572         1.17285 
        2.26194         3.89734         1.15299 
        2.27765         3.85126         1.13349 
        2.29341         3.80625         1.11439 
        2.30914         3.78726         1.09578 
        2.32486         3.73819          1.0776 
        2.34061          3.7181          1.0598 
        2.35635         3.67016         1.04241 
        2.37203         3.64611         1.02548 
        2.38768         3.61346         1.00896 
        2.40339         3.55533        0.992748 
        2.41914         3.53698        0.976852 
        2.43483         3.49795        0.961359 
         2.4505         3.44888        0.946229 
        2.46622         3.42648        0.931373 
        2.48195         3.41187        0.916835 
        2.49759          3.3532        0.902684 
        2.51328         3.33248        0.888796 
        2.52906         3.29261        0.875112 
        2.54479         3.26968        0.861767 
        2.56049         3.23748        0.848727 
        2.57618         3.20979        0.835968 
        2.59189         3.20381        0.823452 
        2.60758          3.1631        0.811212 
        2.62325         3.10337        0.799235 
        2.63898         3.10657        0.787459 
        2.65468         3.06704        0.775945 
        2.67044         3.05164        0.764611 
        2.68618          3.0217        0.753531 
        2.70184         3.00023        0.742714 
        2.71755         2.96243        0.732082 
        2.73329         2.93783        0.721643 
        2.74897         2.91498        0.711441 
        2.76462         2.89189        0.701459 
        2.78034         2.86931        0.691627 
        2.79607         2.84194        0.681973 
        2.81179          2.8209        0.672514 
        2.82749         2.78634        0.663246 
        2.84321          2.7752        0.654142 
        2.85893         2.74147        0.645212 
        2.87462         2.73157        0.636463 
        2.89033          2.7137        0.627869 
        2.90605          2.6843        0.619426 
        2.92176         2.65184        0.611142 
        2.93747          2.6438        0.603014 
        2.95318         2.61919        0.595033 
        2.96891         2.60095        0.587192 
        2.98456         2.57817        0.579527 
        3.00023         2.56433        0.571987 
        3.01596         2.53516        0.564559 
        3.03164         2.51856        0.557283 
        3.04738         2.50529        0.550115 
         3.0631         2.48775        0.543075 
        3.07883          2.4652        0.536157 
        3.09456         2.43691        0.529362 
        3.11026          2.4286        0.522694 
        3.12596         2.41276        0.516142 
        3.14163         2.38946        0.509718 
        3.15734         2.37078        0.503388 
        3.17308         2.35625         0.49715 
        3.18879         2.34412        0.491035 
        3.20447         2.32935        0.485031 
         3.2202         2.30314         0.47911 
         3.2359         2.29415        0.473297 
        3.25157         2.27782        0.467595 
        3.26729         2.25621         0.46197 
        3.28304         2.23753        0.456426 
        3.29877         2.22496         0.45098 
        3.31446         2.20978        0.445635 
        3.33014         2.19627        0.440381 
        3.34585         2.18545        0.435204 
        3.36158         2.16045        0.430102 
        3.37727         2.15234        0.425099 
        3.39294         2.13872        0.420179 
        3.40867          2.1243        0.415319 
        3.42439         2.10534        0.410539 
        3.44008         2.09136        0.405843 
        3.45578         2.07874        0.401218 
        3.47153         2.06729        0.396654 
        3.48724         2.05356        0.392169 
        3.50292         2.04025        0.387764 
        3.51859         2.02407        0.383429 
        3.53431         2.01001        0.379146 
        3.55007         1.99949        0.374919 
        3.56577         1.98693        0.370772 
        3.58146         1.97551         0.36669 
        3.59719         1.96715         0.36266 
        3.61292         1.94855        0.358692 
        3.62859         1.93938        0.354798 
        3.64429         1.92478        0.350955 
        3.66003         1.91409        0.347156 
        3.67578         1.90564        0.343415 
        3.69146         1.88475        0.339744 
        3.70712         1.88259        0.336133 
        3.72284         1.86384        0.332561 
        3.73853         1.85304        0.329047 
        3.75422          1.8386        0.325582 
        3.76993          1.8274        0.322164 
        3.78564         1.81391        0.318797 
        3.80137         1.80345        0.315472 
        3.81707         1.79516        0.312202 
        3.83279         1.78365        0.308975 
        3.84853         1.77072        0.305789 
        3.86424         1.75922        0.302654 
        3.87992         1.75198        0.299567 
        3.89561         1.74125        0.296524 
        3.91134         1.72726        0.293516 
        3.92704         1.71655        0.290553 
        3.94273         1.70622        0.287635 
        3.95845         1.69673        0.284751 
        3.97418         1.68319        0.281906 
        3.98988         1.67524        0.279104 
        4.00554          1.6674        0.276347 
        4.02125         1.65368         0.27362 
        4.03698         1.64619        0.270925 
        4.05268         1.63521        0.268273 
        4.06839         1.62439        0.265654 
         4.0841         1.61158        0.263071 
        4.09983          1.6008        0.260518 
        4.11555         1.59058        0.258001 
        4.13124         1.58554        0.255523 
        4.14693         1.57231        0.253076 
        4.16266         1.56425        0.250656 
        4.17839          1.5525        0.248269 
        4.19408         1.53784        0.245918 
        4.20977         1.53207        0.243596 
        4.22551         1.52508        0.241299 
        4.24123         1.51579        0.239034 
        4.25691         1.50536        0.236804 
        4.27259         1.49393        0.234601 
        4.28831         1.48449        0.232423 
        4.30404         1.47855         0.23027 
        4.31974         1.47036        0.228148 
        4.33543         1.45674        0.226055 
        4.35116         1.45055        0.223983 
        4.36688          1.4425        0.221938 
        4.38255         1.43878        0.219926 
        4.39825         1.42599        0.217934 
        4.41398         1.41977        0.215963 
         4.4297         1.41049        0.214019 
        4.44541         1.39961        0.212099 
        4.46111         1.39603        0.210203 
        4.47683         1.38716         0.20833 
        4.49251         1.37768        0.206483 
        4.50819          1.3737        0.204659 
         4.5239         1.36532        0.202855 
        4.53962         1.35686         0.20107 
        4.55535          1.3504        0.199305 
        4.57106         1.34223        0.197565 
        4.58678         1.33454        0.195844 
         4.6025         1.32803        0.194144 
        4.61821          1.3247        0.192464 
        4.63391         1.31921        0.190807 
         4.6496         1.30781        0.189169 
        4.66532           1.304        0.187548 
        4.68103         1.29612        0.185947 
        4.69673         1.28947        0.184366 
        4.71241         1.28334        0.182805 
        4.72811         1.28236        0.181259 
        4.74384         1.27568         0.17973 
        4.75955         1.26886         0.17822 
        4.77525         1.26127        0.176728 
        4.79096         1.25459        0.175252 
        4.80669         1.24871        0.173792 
         4.8224         1.24076         0.17235 
        4.83809          1.2404        0.170926 
        4.85379         1.23669        0.169517 
         4.8695          1.2285        0.168123 
        4.88521         1.22222        0.166745 
        4.90093         1.21796        0.165383 
        4.91663         1.21379        0.164037 
        4.93234         1.21044        0.162704 
        4.94807         1.20343        0.161385 
        4.96377         1.19556        0.160084 
        4.97943         1.19522        0.158799 
        4.99514         1.18802        0.157525 
        5.01086         1.18135        0.156264 
        5.02654         1.17735        0.155021 
        5.04227          1.1734        0.153787 
          5.058         1.16886        0.152566 
        5.07371         1.16769         0.15136 
        5.08942         1.16342        0.150168 
        5.10513         1.15698        0.148988 
        5.12084         1.15142         0.14782 
        5.13656         1.14764        0.146665 
        5.15225         1.14512        0.145524 
        5.16796         1.14026        0.144394 
        5.18369         1.13624        0.143274 
         5.1994         1.13353        0.142169 
        5.21509         1.12604        0.141076 
        5.23079         1.12382        0.139993 
        5.24649         1.12189        0.138922 
        5.26217         1.11375        0.137864 
        5.27788         1.10942        0.136815 
        5.29359          1.1081        0.135776 
        5.30933         1.10429        0.134747 
        5.32504          1.1002        0.133731 
        5.34073         1.09567        0.132725 
        5.35646         1.09075        0.131729 
        5.37218         1.09089        0.130742 
        5.38789         1.08607        0.129767 
        5.40357          1.0818        0.128803 
        5.41929         1.07818        0.127846 
        5.43502         1.07713          0.1269 
         5.4507         1.07106        0.125965 
        5.46639         1.06837        0.125039 
        5.48212         1.06561         0.12412 
        5.49786         1.06061         0.12321 
        5.51353          1.0589        0.122313 
        5.52921         1.05578        0.121425 
        5.54495         1.05479        0.120542 
        5.56066         1.05081        0.119669 
        5.57637         1.04665        0.118805 
        5.59207         1.04224         0.11795 
        5.60778         1.04177        0.117104 
        5.62346         1.03705        0.116266 
        5.63916         1.03617        0.115437 
        5.65487         1.03161        0.114614 
         5.6706         1.02835        0.113799 
        5.68633         1.02467        0.112992 
        5.70203         1.02133        0.112194 
        5.71773         1.02162        0.111404 
        5.73344         1.01863        0.110621 
        5.74916         1.01525        0.109845 
        5.76486         1.01169        0.109077 
        5.78054         1.01028        0.108318 
        5.79626         1.00807        0.107564 
          5.812         1.00335        0.106816 
         5.8277          1.0031        0.106078 
        5.84339        0.998866        0.105346 
        5.85911        0.996477         0.10462 
        5.87484         0.99229        0.103901 
        5.89053        0.991105        0.103191 
        5.90623        0.989879        0.102486 
        5.92195        0.987332        0.101787 
        5.93767        0.981789        0.101095 
        5.95336        0.982637         0.10041 
        5.96905        0.977015       0.0997321 
        5.98476        0.975905       0.0990593 
        6.00048        0.973495       0.0983926 
        6.01617        0.970579       0.0977328 
        6.03185            0.97       0.0970799 
        6.04756        0.966999       0.0964314 
        6.06331        0.965512       0.0957875 
        6.07903        0.961734       0.0951508 
        6.09473        0.961834       0.0945204 
        6.11044        0.957836       0.0938952 
        6.12616        0.953113       0.0932757 
        6.14186        0.953865       0.0926624 
        6.15755        0.950755       0.0920547 
        6.17326        0.947844        0.091452 
        6.18898        0.949839       0.0908543 
        6.20467        0.943625       0.0902631 
        6.22036        0.942434       0.0896772 
         6.2361        0.939147       0.0890949 
         6.2518        0.938454       0.0885187 
        6.26748         0.93382       0.0879488 
        6.28319        0.933677       0.0873824 
        6.29893        0.933339       0.0868205 
        6.31463        0.928921       0.0862645 
        6.33033        0.925744       0.0857135 
        6.34604        0.924322        0.085167 
        6.36177        0.922386       0.0846247 
        6.37747        0.920377       0.0840881 
        6.39316        0.918454       0.0835565 
        6.40888         0.91729       0.0830284 
         6.4246          0.9172       0.0825049 
        6.44031        0.914764       0.0819862 
        6.45601        0.912305       0.0814725 
        6.47172        0.909174       0.0809626 
        6.48744        0.907265        0.080457 
        6.50313        0.907029       0.0799565 
        6.51882         0.90327       0.0794604 
        6.53452        0.900184        0.078968 
        6.55025        0.898389        0.078479 
        6.56597        0.898636       0.0779947 
        6.58166        0.895303       0.0775152 
        6.59736        0.895747       0.0770394 
        6.61307          0.8932       0.0765671 
         6.6288        0.891707       0.0760986 
         6.6445        0.888531       0.0756345 
         6.6602        0.887311       0.0751745 
        6.67592        0.885037       0.0747177 
        6.69164        0.884778       0.0742649 
        6.70735        0.882687       0.0738159 
        6.72304        0.881497       0.0733712 
        6.73874        0.879362         0.07293 
        6.75446        0.877764       0.0724918 
        6.77016        0.873615       0.0720579 
        6.78585        0.872115       0.0716275 
        6.80156         0.87262       0.0712006 
        6.81729        0.870397       0.0707763 
        6.83301        0.867381       0.0703556 
         6.8487        0.867746       0.0699393 
         6.8644        0.863681        0.069526 
        6.88012        0.864925       0.0691157 
        6.89583        0.861322       0.0687091 
        6.91151        0.859237       0.0683063 
        6.92723        0.859071       0.0679057 
        6.94296        0.857685       0.0675082 
        6.95866        0.856007       0.0671145 
        6.97436        0.855094        0.066724 
        6.99007        0.852425       0.0663364 
        7.00578        0.851209        0.065952 
        7.02147        0.848403       0.0655709 
        7.03718        0.847812       0.0651925 
         7.0529        0.846596       0.0648168 
        7.06863        0.846601       0.0644438 
        7.08433        0.843888       0.0640744 
        7.10004        0.841855       0.0637078 
        7.11575         0.84211       0.0633441 
        7.13145        0.839868       0.0629833 
        7.14715        0.838558       0.0626254 
        7.16284         0.83705       0.0622706 
        7.17855        0.834326       0.0619179 
        7.19428         0.83442       0.0615676 
        7.20998        0.832846       0.0612206 
        7.22568        0.831855       0.0608764 
        7.24139        0.829063       0.0605346 
        7.25711        0.826428       0.0601953 
        7.27282        0.827045       0.0598587 
        7.28852        0.824786        0.059525 
        7.30423        0.823544       0.0591934 
        7.31995        0.821969       0.0588645 
        7.33565        0.821743       0.0585382 
        7.35135        0.820933       0.0582144 
        7.36706        0.819114       0.0578931 
        7.38277        0.818669       0.0575739 
        7.39847        0.815813       0.0572574 
        7.41419        0.816378       0.0569431 
         7.4299          0.8151       0.0566311 
        7.44561        0.812378       0.0563215 
        7.46132        0.811579       0.0560143 
        7.47701        0.809528       0.0557098 
        7.49272        0.808514       0.0554071 
        7.50842        0.806159       0.0551068 
         7.5241         0.80729       0.0548092 
        7.53981         0.80521       0.0545133 
        7.55552        0.803457       0.0542194 
        7.57125        0.801798       0.0539275 
        7.58698        0.800585       0.0536376 
        7.60268        0.800029       0.0533505 
         7.6184        0.798738       0.0530651 
        7.63411        0.797232       0.0527819 
        7.64981        0.796336        0.052501 
        7.66552        0.795562       0.0522221 
        7.68123        0.794233        0.051945 
        7.69695        0.792201       0.0516699 
        7.71264        0.792919       0.0513972 
        7.72834        0.790218       0.0511263 
        7.74407        0.790451        0.050857 
        7.75978        0.788348       0.0505897 
        7.77546        0.787745        0.050325 
        7.79116        0.787779       0.0500619 
         7.8069        0.785044       0.0498001 
         7.8226        0.784431       0.0495406 
        7.83828        0.784729       0.0492834 
        7.85399        0.782337       0.0490277 
        7.86972        0.782186       0.0487732 
        7.88543        0.781176        0.048521 
        7.90111        0.779778        0.048271 
        7.91681        0.777604       0.0480225 
        7.93255        0.777473       0.0477751 
        7.94828        0.775947       0.0475297 
        7.96397        0.775538       0.0472864 
        7.97967        0.774197       0.0470448 
        7.99538        0.773052       0.0468047 
         8.0111        0.772951       0.0465663 
         8.0268        0.770735       0.0463296 
        8.04248        0.769511       0.0460949 
         8.0582        0.769636       0.0458614 
        8.07393         0.76812       0.0456293 
        8.08963        0.768302       0.0453992 
        8.10533        0.767663       0.0451707 
        8.12104         0.76541       0.0449436 
        8.13675        0.765002       0.0447181 
        8.15245        0.764701       0.0444943 
        8.16815         0.76449       0.0442721 
        8.18387        0.763726        0.044051 
        8.19959        0.762628       0.0438315 
         8.2153        0.762443       0.0436136 
        8.23101        0.760553       0.0433972 
        8.24672         0.75955       0.0431822 
        8.26241         0.75888       0.0429691 
         8.2781        0.758467       0.0427573 
        8.29381         0.75888       0.0425467 
        8.30952        0.757304       0.0423375 
        8.32524        0.756545       0.0421295 
        8.34095        0.755675       0.0419231 
        8.35666        0.755315       0.0417182 
        8.37237        0.755784       0.0415145 
        8.38808        0.754019       0.0413122 
        8.40379        0.753231       0.0411114 
         8.4195        0.753412       0.0409118 
         8.4352        0.753185       0.0407137 
        8.45091        0.752297       0.0405168 
        8.46662        0.751021       0.0403211 
        8.48232        0.749629       0.0401269 
        8.49802        0.748387        0.039934 
        8.51374        0.749062       0.0397421 
        8.52945        0.748312       0.0395515 
        8.54515        0.747503       0.0393624 
        8.56086        0.747754       0.0391743 
        8.57658        0.746524       0.0389874 
        8.59228        0.746293       0.0388019 
        8.60799        0.745445       0.0386175 
        8.62371        0.744871       0.0384343 
        8.63942        0.743389       0.0382523 
        8.65512        0.744105       0.0380716 
        8.67082        0.743246        0.037892 
        8.68653        0.742263       0.0377135 
        8.70224        0.741813       0.0375362 
        8.71795        0.740616         0.03736 
        8.73365        0.739608        0.037185 
        8.74936         0.73957       0.0370111 
        8.76506        0.739303       0.0368384 
        8.78076        0.738925       0.0366668 
        8.79646        0.737616       0.0364962 
        8.81218         0.73717       0.0363266 
        8.82791        0.737199       0.0361579 
         8.8436        0.736875       0.0359907 
         8.8593        0.736457       0.0358245 
        8.87503        0.735366        0.035659 
        8.89076        0.735658       0.0354946 
        8.90644        0.735066       0.0353317 
        8.92214        0.734195       0.0351696 
        8.93786        0.734149       0.0350084 
        8.95357        0.733042       0.0348482 
        8.96928        0.734119       0.0346891 
        8.98498        0.732012        0.034531 
        9.00069        0.731943       0.0343739 
        9.01639        0.732084       0.0342177 
        9.03208        0.731219       0.0340627 
        9.04778        0.731899       0.0339085 
        9.06351        0.730103       0.0337551 
        9.07923        0.730517       0.0336027 
        9.09493        0.729479       0.0334513 
        9.11062        0.729188        0.033301 
        9.12635        0.729214       0.0331514 
        9.14207        0.727095       0.0330026 
        9.15777        0.728325        0.032855 
        9.17346        0.727011       0.0327084 
        9.18917        0.726877       0.0325624 
         9.2049        0.726635       0.0324173 
        9.22061        0.726288       0.0322731 
        9.23631        0.726366       0.0321299 
        9.25201        0.725609       0.0319876 
        9.26773         0.72544       0.0318461 
        9.28343        0.725291       0.0317054 
        9.29913        0.724556       0.0315657 
        9.31484        0.724365       0.0314267 
        9.33057        0.724817       0.0312884 
        9.34627        0.723709       0.0311511 
        9.36197        0.723248       0.0310148 
        9.37768        0.721579        0.030879 
        9.39338        0.723253       0.0307443 
        9.40909        0.722209       0.0306103 
        9.42479        0.720679       0.0304771 
         9.4405        0.721226       0.0303447 
        9.45621        0.720987        0.030213 
        9.47193        0.721382       0.0300821 
        9.48763        0.720644       0.0299521 
        9.50334        0.720578       0.0298228 
        9.51906        0.720181       0.0296942 
        9.53476        0.720543       0.0295665 
        9.55045        0.720358       0.0294396 
        9.56616        0.718593       0.0293134 
        9.58188        0.719166       0.0291877 
        9.59759        0.719885       0.0290628 
         9.6133        0.718718       0.0289387 
        9.62901        0.718364       0.0288152 
        9.64471        0.718506       0.0286924 
        9.66041        0.717114       0.0285704 
        9.67612        0.718321       0.0284489 
        9.69184        0.718478       0.0283281 
        9.70754         0.71782       0.0282082 
        9.72324        0.717962        0.028089 
        9.73895        0.717564       0.0279704 
        9.75467        0.716224       0.0278526 
        9.77038        0.716908       0.0277356 
        9.78607        0.716249       0.0276195 
        9.80177        0.716738       0.0275041 
        9.81749        0.715551       0.0273894 
         9.8332        0.715824       0.0272756 
         9.8489        0.715504       0.0271626 
        9.86463        0.715547       0.0270501 
        9.88035         0.71547       0.0269382 
        9.89606        0.715031        0.026827 
        9.91175        0.714939       0.0267164 
        9.92745        0.715511       0.0266061 
        9.94317        0.714732        0.026496 
        9.95888        0.715403       0.0263862 
        9.97458        0.714502       0.0262766 
        9.99029        0.715633       0.0261671 
         10.006        0.714152       0.0260995 
        10.0217        0.714374       0.0260995 
        10.0374        0.714865       0.0260995 
        10.0531        0.714551       0.0260995 
        10.0688        0.713957       0.0260995 
        10.0845        0.714918       0.0260995 
        10.1002        0.713941       0.0260995 
        10.1159        0.715035       0.0260995 
        10.1317        0.714761       0.0260995 
        10.1474        0.715307       0.0260995 
        10.1631        0.715037       0.0260995 
        10.1788        0.713817       0.0260995 
        10.1945        0.714009       0.0260995 
        10.2102        0.713267       0.0260995 
        10.2259        0.714384       0.0260995 
        10.2416        0.714502       0.0260995 
        10.2573        0.714257       0.0260995 
         10.273        0.713653       0.0260995 
        10.2887         0.71431       0.0260995 
        10.3044        0.714695       0.0260995 
        10.3201        0.714373       0.0260995 
        10.3359        0.714249       0.0260995 
        10.3516        0.714148       0.0260995 
        10.3673        0.714429       0.0260995 
         10.383        0.714287       0.0260995 
        10.3987        0.714372       0.0260995 
        10.4144        0.715143       0.0260995 
        10.4301         0.71513       0.0260995 
        10.4458        0.715327       0.0260995 
        10.4615        0.714738       0.0260995 
        10.4772        0.714934       0.0260995 
        10.4929        0.714814       0.0260995 
        10.5086        0.714897       0.0260995 
        10.5244        0.715373       0.0260995 
        10.5401        0.715792       0.0260995 
        10.5558        0.715021       0.0260995 
        10.5715        0.715986       0.0260995 
        10.5872        0.715929       0.0260995 
        10.6029        0.715703       0.0260995 
        10.6186          0.7162       0.0260995 
        10.6343        0.716907       0.0260995 
          10.65        0.716942       0.0260995 
        10.6657        0.716291       0.0260995 
        10.6814        0.718376       0.0260995 
        10.6971        0.717065       0.0260995 
        10.7129        0.717465       0.0260995 
        10.7286        0.717533       0.0260995 
        10.7443        0.719169       0.0260995 
          10.76        0.718828       0.0260995 
        10.7757        0.719423       0.0260995 
        10.7914        0.719224       0.0260995 
        10.8071         0.71954       0.0260995 
        10.8228        0.719895       0.0260995 
        10.8385        0.719866       0.0260995 
        10.8542        0.720837       0.0260995 
        10.8699        0.720757       0.0260995 
        10.8856         0.72157       0.0260995 
        10.9014         0.72057       0.0260995 
        10.9171        0.721996       0.0260995 
        10.9328        0.722257       0.0260995 
        10.9485        0.722247       0.0260995 
        10.9642        0.722795       0.0260995 
        10.9799        0.723396       0.0260995 
        10.9956        0.723657       0.0260995 
        11.0113        0.724443       0.0260995 
         11.027        0.724309       0.0260995 
        11.0427        0.724424       0.0260995 
        11.0584        0.726286       0.0260995 
        11.0741        0.725596       0.0260995 
        11.0898        0.726521       0.0260995 
        11.1055        0.727178       0.0260995 
        11.1212        0.727896       0.0260995 
         11.137        0.728546       0.0260995 
        11.1527        0.728196       0.0260995 
        11.1684         0.72901       0.0260995 
        11.1841        0.729912       0.0260995 
        11.1998        0.729657       0.0260995 
        11.2155         0.73036       0.0260995 
        11.2312        0.731168       0.0260995 
        11.2469        0.731951       0.0260995 
        11.2626        0.732148       0.0260995 
        11.2783         0.73286       0.0260995 
         11.294        0.733887       0.0260995 
        11.3097        0.734199       0.0260995 
        11.3254        0.735422       0.0260995 
        11.3412        0.735361       0.0260995 
        11.3569        0.736494       0.0260995 
        11.3726        0.737239       0.0260995 
        11.3883        0.738007       0.0260995 
         11.404        0.738606       0.0260995 
        11.4197        0.740799       0.0260995 
        11.4354        0.740601       0.0260995 
        11.4511        0.740357       0.0260995 
        11.4668        0.741849       0.0260995 
        11.4825        0.742483       0.0260995 
        11.4982         0.74345       0.0260995 
         11.514        0.744176       0.0260995 
        11.5297        0.745236       0.0260995 
        11.5454        0.746033       0.0260995 
        11.5611        0.747211       0.0260995 
        11.5768        0.746913       0.0260995 
        11.5925        0.748778       0.0260995 
        11.6082        0.749657       0.0260995 
        11.6239        0.750931       0.0260995 
        11.6396        0.751566       0.0260995 
        11.6553        0.751819       0.0260995 
         11.671         0.75311       0.0260995 
        11.6867        0.754915       0.0260995 
        11.7024        0.755217       0.0260995 
        11.7182        0.755811       0.0260995 
        11.7339        0.757459       0.0260995 
        11.7496         0.75838       0.0260995 
        11.7653        0.759568       0.0260995 
         11.781        0.760694       0.0260995 
        11.7967        0.762194       0.0260995 
        11.8124        0.763242       0.0260995 
        11.8281        0.763732       0.0260995 
        11.8438        0.765227       0.0260995 
        11.8595        0.766837       0.0260995 
        11.8752        0.767824       0.0260995 
         11.891         0.76899       0.0260995 
        11.9067        0.770304       0.0260995 
        11.9224        0.771289       0.0260995 
        11.9381        0.773529       0.0260995 
        11.9538        0.773856       0.0260995 
        11.9695        0.775006       0.0260995 
        11.9852          0.7773       0.0260995 
        12.0009        0.778387       0.0260995 
        12.0166        0.780173       0.0260995 
        12.0323        0.780951       0.0260995 
         12.048         0.78283       0.0260995 
        12.0637        0.784168       0.0260995 
