# k  (h/Mpc)    Pcb(k)  (Mpc/h)^3    Pcb_linear(k) (Mpc/h)^3   ShotnoiseSubtracted = true
      0.0200456         471.949         478.696 
      0.0350414         394.836         392.473 
      0.0492313          309.66         308.998 
      0.0637834         264.936         266.954 
      0.0800726         216.033          218.03 
       0.096163          167.31         165.696 
       0.111083         139.528         137.592 
       0.126058         122.703          123.48 
       0.142273         104.324          105.07 
       0.158546         85.6329         85.3315 
        0.17375         74.9501         74.1593 
       0.188953         67.8167          67.647 
       0.204907         58.8475          59.789 
       0.220756         51.5719         51.3852 
        0.23588         45.8919         45.7425 
         0.2514         42.0824         41.9575 
       0.267535         38.3153         37.9362 
       0.283568         34.0469         33.7444 
       0.299022         30.9527          30.558 
       0.314451         28.9835         28.1961 
       0.330372         26.3548         25.9122 
       0.346141         24.0978         23.6372 
       0.361624         22.1008         21.7127 
       0.377134         20.4212         20.1519 
       0.392932         19.5338         18.7166 
       0.408854         17.7289         17.3222 
       0.424564         16.8278         16.0794 
       0.440253          15.529         15.0132 
       0.455999         14.3439         14.0513 
       0.471626         13.4794         13.1525 
        0.48727         12.9355         12.3248 
       0.502856         12.1567         11.5863 
       0.518488         11.2756         10.9142 
       0.534347         10.5806         10.2808 
       0.550082         10.1644         9.69745 
       0.565732         9.73375         9.16639 
       0.581496         9.16892         8.67531 
       0.597222         8.66754         8.22059 
       0.612804         8.21271         7.80095 
       0.628434         7.88176         7.41011 
       0.644267         7.53072         7.04338 
       0.660051         7.17116         6.70317 
       0.675724         6.78182         6.38773 
       0.691403         6.52043         6.09267 
       0.707174         6.22853         5.81489 
       0.722871         6.09478         5.55581 
        0.73838         5.69755         5.31555 
       0.754018         5.46935          5.0879 
       0.769845         5.19298          4.8713 
        0.78569         5.06201         4.66731 
       0.801365         4.86287         4.47722 
       0.817031         4.70797         4.29805 
       0.832809         4.46945         4.12774 
       0.848511         4.34511          3.9676 
       0.864097         4.20208         3.81722 
       0.879701         4.08396         3.67465 
       0.895507         3.89925         3.53782 
       0.911279         3.78389         3.40837 
        0.92691         3.68545          3.2866 
       0.942635         3.51275         3.17023 
       0.958396         3.40395         3.05934 
       0.974128         3.31198         2.95407 
       0.989692         3.19131         2.85489 
        1.00528         3.09782          2.7602 
        1.02113         3.02987          2.6684 
        1.03692         2.94016         2.58119 
        1.05264         2.81843         2.49835 
        1.06832         2.75227         2.41935 
        1.08405         2.66239         2.34362 
        1.09979         2.60529         2.27114 
        1.11537         2.52068          2.2025 
        1.13105         2.43256         2.13634 
        1.14679         2.37902          2.0727 
        1.16256         2.30857         2.01156 
        1.17828         2.27194         1.95314 
        1.19395         2.19588         1.89728 
         1.2097         2.13574         1.84336 
        1.22537         2.06911         1.79183 
          1.241          2.0259         1.74247 
        1.25666         1.99373         1.69487 
        1.27241         1.93745         1.64886 
        1.28819         1.87406         1.60451 
        1.30392         1.83411         1.56194 
        1.31957         1.79837         1.52114 
        1.33529         1.73671         1.48167 
        1.35108         1.70205         1.44347 
        1.36674         1.65545         1.40692 
         1.3824         1.63573         1.37168 
        1.39811         1.58965         1.33756 
        1.41389         1.55556         1.30448 
        1.42964         1.51944          1.2726 
        1.44531         1.49209         1.24196 
        1.46101         1.44735         1.21228 
        1.47667         1.42616         1.18368 
        1.49229         1.38005         1.15609 
        1.50793          1.3578         1.12936 
        1.52367         1.32091         1.10332 
        1.53953         1.29712         1.07794 
        1.55526         1.28062         1.05357 
        1.57092         1.26235         1.03007 
        1.58662         1.23868         1.00724 
        1.60235         1.20287        0.985075 
        1.61809         1.17926        0.963573 
        1.63369         1.14957        0.942915 
        1.64941         1.13399        0.922725 
        1.66519         1.11625        0.903063 
        1.68085         1.08829        0.884123 
        1.69652         1.06849        0.865729 
        1.71228         1.04683        0.847762 
        1.72806         1.02759        0.830299 
        1.74368         1.01234        0.813511 
        1.75933        0.994131        0.797162 
        1.77505         0.97943        0.781192 
        1.79081        0.951533        0.765638 
         1.8065        0.943127        0.750581 
        1.82218        0.919784        0.735949 
        1.83797        0.900366        0.721612 
        1.85367        0.891809        0.707743 
        1.86928         0.87563        0.694327 
        1.88497        0.855104        0.681191 
        1.90073        0.846369        0.668351 
        1.91647        0.828955        0.655859 
        1.93218        0.816898        0.643718 
        1.94787        0.801809        0.631907 
        1.96363        0.791231         0.62035 
        1.97935        0.775955         0.60911 
        1.99499        0.763564        0.598216 
        2.01064        0.753664        0.587578 
         2.0264        0.734927        0.577134 
        2.04216        0.725631        0.566954 
        2.05781        0.717542        0.557087 
        2.07353        0.705141        0.547424 
        2.08928        0.694483        0.537972 
        2.10499        0.681335        0.528772 
        2.12065         0.67219        0.519817 
        2.13633        0.663773        0.511066 
        2.15211        0.651043        0.502463 
        2.16785        0.642427        0.494084 
        2.18349        0.635123        0.485952 
        2.19916        0.622838        0.477989 
        2.21489        0.612874         0.47018 
        2.23063        0.602925        0.462543 
         2.2463        0.596747        0.455113 
        2.26194        0.589546        0.447867 
        2.27765         0.57798        0.440743 
        2.29341        0.571273        0.433758 
        2.30914        0.560493        0.426942 
        2.32486        0.553451        0.420277 
        2.34061        0.545641        0.413746 
        2.35635        0.538353        0.407362 
        2.37203        0.535454        0.401136 
        2.38768         0.52432        0.395055 
        2.40339        0.517703         0.38908 
        2.41914        0.511178        0.383217 
        2.43483        0.503488        0.377497 
         2.4505        0.496729        0.371904 
        2.46622        0.491357        0.366408 
        2.48195        0.482281        0.361024 
        2.49759        0.481967        0.355778 
        2.51328        0.470601        0.350624 
        2.52906         0.46348        0.345541 
        2.54479        0.458742         0.34058 
        2.56049        0.451385        0.335727 
        2.57618         0.44935        0.330973 
        2.59189        0.440529        0.326307 
        2.60758         0.43793        0.321738 
        2.62325        0.431523        0.317264 
        2.63898        0.428079        0.312861 
        2.65468        0.418893        0.308551 
        2.67044        0.415113        0.304306 
        2.68618        0.410385        0.300151 
        2.70184        0.405456        0.296091 
        2.71755        0.398957        0.292098 
        2.73329        0.398049        0.288173 
        2.74897         0.39035        0.284334 
        2.76462        0.386744        0.280574 
        2.78034        0.380909        0.276868 
        2.79607        0.378016        0.273225 
        2.81179        0.371069        0.269654 
        2.82749        0.368977        0.266151 
        2.84321        0.365471        0.262707 
        2.85893        0.359846        0.259326 
        2.87462        0.355584        0.256011 
        2.89033        0.351185        0.252752 
        2.90605        0.348526        0.249547 
        2.92176        0.345949        0.246401 
        2.93747        0.340127        0.243311 
        2.95318        0.336944        0.240274 
        2.96891        0.333563        0.237288 
        2.98456        0.331001        0.234367 
        3.00023        0.326293        0.231491 
        3.01596        0.322319        0.228656 
        3.03164        0.319564        0.225877 
        3.04738        0.316875        0.223136 
         3.0631        0.313436        0.220442 
        3.07883        0.310101        0.217794 
        3.09456        0.306554        0.215189 
        3.11026        0.302311        0.212632 
        3.12596        0.298972        0.210118 
        3.14163         0.29732         0.20765 
        3.15734        0.294653        0.205217 
        3.17308        0.290668        0.202818 
        3.18879        0.288125        0.200464 
        3.20447        0.285051        0.198151 
         3.2202        0.282486        0.195868 
         3.2359        0.279422        0.193625 
        3.25157        0.276477        0.191424 
        3.26729        0.274069         0.18925 
        3.28304        0.271623        0.187107 
        3.29877        0.268763        0.184999 
        3.31446        0.266673         0.18293 
        3.33014        0.263847        0.180894 
        3.34585        0.260699        0.178886 
        3.36158        0.258851        0.176907 
        3.37727        0.257505        0.174964 
        3.39294        0.254963        0.173052 
        3.40867        0.251973        0.171162 
        3.42439        0.250381        0.169302 
        3.44008        0.248446        0.167474 
        3.45578        0.245062        0.165671 
        3.47153        0.243733        0.163892 
        3.48724        0.241516        0.162142 
        3.50292        0.239724        0.160422 
        3.51859        0.237121        0.158728 
        3.53431        0.235254        0.157054 
        3.55007        0.232838          0.1554 
        3.56577        0.231801        0.153777 
        3.58146        0.229609        0.152178 
        3.59719        0.227425        0.150598 
        3.61292        0.225867        0.149041 
        3.62859        0.223948        0.147513 
        3.64429        0.221511        0.146003 
        3.66003        0.220447         0.14451 
        3.67578        0.218667        0.143039 
        3.69146         0.21696        0.141595 
        3.70712        0.215133        0.140173 
        3.72284        0.214121        0.138765 
        3.73853        0.212167         0.13738 
        3.75422        0.210319        0.136013 
        3.76993        0.208675        0.134664 
        3.78564        0.207244        0.133334 
        3.80137        0.205772         0.13202 
        3.81707        0.203102        0.130726 
        3.83279        0.202021        0.129449 
        3.84853        0.200709        0.128188 
        3.86424        0.199483        0.126946 
        3.87992         0.19788        0.125722 
        3.89561        0.196655        0.124515 
        3.91134         0.19481        0.123321 
        3.92704        0.193128        0.122144 
        3.94273        0.191806        0.120984 
        3.95845        0.189904        0.119838 
        3.97418        0.188875        0.118706 
        3.98988        0.186461         0.11759 
        4.00554         0.18572        0.116492 
        4.02125        0.184205        0.115405 
        4.03698        0.181556        0.114331 
        4.05268        0.180477        0.113273 
        4.06839        0.178129        0.112227 
         4.0841        0.176182        0.111195 
        4.09983        0.174522        0.110175 
        4.11555        0.172698        0.109169 
        4.13124        0.170863        0.108177 
        4.14693        0.169036        0.107198 
        4.16266        0.167238        0.106228 
        4.17839        0.165563        0.105271 
        4.19408         0.16446        0.104328 
        4.20977        0.162332        0.103397 
        4.22551        0.161409        0.102475 
        4.24123        0.159467        0.101565 
        4.25691        0.158278        0.100669 
        4.27259         0.15684       0.0997832 
        4.28831        0.156102       0.0989067 
        4.30404        0.153653         0.09804 
        4.31974        0.153287       0.0971857 
        4.33543        0.152027       0.0963422 
        4.35116        0.151023       0.0955068 
        4.36688        0.149496       0.0946818 
        4.38255        0.148924       0.0938697 
        4.39825        0.148028       0.0930655 
        4.41398        0.146929       0.0922692 
         4.4297        0.145962       0.0914832 
        4.44541        0.145142       0.0907067 
        4.46111        0.144014       0.0899398 
        4.47683        0.143302       0.0891814 
        4.49251        0.142748       0.0884333 
        4.50819           0.142       0.0876942 
         4.5239        0.141163       0.0869625 
        4.53962        0.140697       0.0862384 
        4.55535        0.140645       0.0855223 
        4.57106         0.13932       0.0848154 
        4.58678        0.139105       0.0841165 
         4.6025        0.138342       0.0834254 
        4.61821         0.13794       0.0827423 
        4.63391        0.137576       0.0820678 
         4.6496        0.137408       0.0814012 
        4.66532        0.137032        0.080741 
        4.68103        0.136802       0.0800886 
        4.69673        0.136332        0.079444 
        4.71241        0.136718       0.0788073 
        4.72811        0.136169       0.0781767 
        4.74384        0.135614       0.0775522 
        4.75955        0.135562       0.0769355 
        4.77525        0.135767        0.076326 
        4.79096        0.135823       0.0757224 
        4.80669        0.135298       0.0751252 
         4.8224        0.135747       0.0745351 
        4.83809        0.135402       0.0739521 
        4.85379        0.135875       0.0733751 
         4.8695        0.135897       0.0728038 
        4.88521        0.135767       0.0722389 
        4.90093        0.136217         0.07168 
        4.91663        0.136591       0.0711276 
        4.93234        0.136311       0.0705805 
        4.94807        0.136858       0.0700388 
        4.96377        0.137153       0.0695039 
        4.97943        0.137903       0.0689759 
        4.99514        0.138192        0.068452 
        5.01086        0.138188       0.0679332 
        5.02654        0.139162       0.0674211 
        5.04227        0.139471       0.0669129 
          5.058        0.139726       0.0664098 
        5.07371        0.140449       0.0659129 
        5.08942        0.141178       0.0654211 
        5.10513        0.141729       0.0649343 
        5.12084        0.142556       0.0644523 
        5.13656        0.143434       0.0639753 
        5.15225        0.144189       0.0635041 
        5.16796        0.144794       0.0630368 
        5.18369        0.145418       0.0625739 
         5.1994        0.146661       0.0621166 
        5.21509        0.147567       0.0616643 
        5.23079        0.148207        0.061216 
        5.24649        0.149347       0.0607726 
        5.26217        0.150203       0.0603339 
        5.27788        0.151821        0.059899 
        5.29359        0.152328       0.0594684 
        5.30933        0.153675       0.0590414 
        5.32504        0.154965       0.0586194 
        5.34073        0.155522        0.058202 
        5.35646        0.157348        0.057788 
        5.37218        0.158517       0.0573779 
        5.38789        0.159601       0.0569724 
        5.40357        0.161229       0.0565715 
        5.41929        0.162325       0.0561735 
        5.43502        0.164143       0.0557794 
         5.4507        0.165826         0.05539 
        5.46639        0.166696       0.0550044 
        5.48212        0.168252       0.0546215 
        5.49786        0.170692       0.0542419 
        5.51353         0.17233       0.0538679 
        5.52921        0.173339        0.053497 
        5.54495        0.175874       0.0531286 
        5.56066        0.177003        0.052764 
        5.57637        0.179511        0.052403 
        5.59207        0.180376       0.0520458 
        5.60778        0.182284       0.0516917 
        5.62346        0.184061       0.0513415 
        5.63916         0.18632       0.0509943 
        5.65487        0.188514       0.0506501 
         5.6706        0.189782       0.0503087 
        5.68633        0.192639       0.0499704 
        5.70203        0.194601        0.049636 
        5.71773        0.197102       0.0493047 
        5.73344         0.19903       0.0489763 
        5.74916        0.201837       0.0486506 
        5.76486        0.204527       0.0483283 
        5.78054        0.206116       0.0480095 
        5.79626         0.20911       0.0476927 
          5.812        0.210395       0.0473785 
         5.8277        0.213108       0.0470681 
        5.84339        0.215654       0.0467605 
        5.85911        0.218286       0.0464551 
        5.87484        0.220055       0.0461525 
        5.89053        0.222661       0.0458532 
        5.90623        0.226683       0.0455565 
        5.92195        0.228607       0.0452619 
        5.93767        0.230621       0.0449701 
        5.95336        0.232929       0.0446814 
        5.96905        0.237325       0.0443954 
        5.98476        0.238671       0.0441115 
        6.00048        0.241892         0.04383 
        6.01617        0.245104       0.0435514 
        6.03185        0.247861       0.0432756 
        6.04756        0.249455       0.0430015 
        6.06331        0.254344       0.0427293 
        6.07903        0.257056         0.04246 
        6.09473        0.258567       0.0421933 
        6.11044        0.263828       0.0419287 
        6.12616        0.265574       0.0416665 
        6.14186        0.268696       0.0414067 
        6.15755        0.271157       0.0411492 
        6.17326        0.275372       0.0408938 
        6.18898        0.277697       0.0406404 
        6.20467        0.279986       0.0403896 
        6.22036        0.282911        0.040141 
         6.2361        0.286105       0.0398939 
         6.2518        0.290767       0.0396492 
        6.26748        0.293547       0.0394072 
        6.28319        0.297005       0.0391665 
        6.29893        0.301262       0.0389277 
        6.31463        0.303324       0.0386913 
        6.33033        0.306055        0.038457 
        6.34604        0.310932       0.0382244 
        6.36177        0.311511       0.0379936 
        6.37747        0.317672       0.0377651 
        6.39316        0.318642       0.0375387 
        6.40888        0.321758       0.0373137 
         6.4246        0.326722       0.0370906 
        6.44031         0.32713       0.0368694 
        6.45601        0.330585       0.0366504 
        6.47172        0.335697       0.0364328 
        6.48744        0.339173        0.036217 
        6.50313        0.341556       0.0360033 
        6.51882        0.343242       0.0357915 
        6.53452        0.348807       0.0355811 
        6.55025        0.349378       0.0353721 
        6.56597        0.354158       0.0351651 
        6.58166        0.356386         0.03496 
        6.59736         0.36114       0.0347565 
        6.61307        0.364747       0.0345544 
         6.6288        0.367842       0.0343538 
         6.6445        0.370228       0.0341551 
         6.6602        0.372848        0.033958 
        6.67592        0.376642       0.0337623 
        6.69164        0.378947       0.0335682 
        6.70735          0.3815       0.0333757 
        6.72304        0.385822       0.0331849 
        6.73874        0.388739       0.0329956 
        6.75446        0.390652       0.0328076 
        6.77016        0.395295       0.0326213 
        6.78585        0.396748       0.0324364 
        6.80156        0.400502        0.032253 
        6.81729        0.403152       0.0320707 
        6.83301        0.407734       0.0318898 
         6.8487        0.408297       0.0317108 
         6.8644        0.408864        0.031533 
        6.88012        0.410606       0.0313564 
        6.89583        0.413917       0.0311814 
        6.91151        0.417737        0.031008 
        6.92723        0.419603       0.0308354 
        6.94296        0.424665       0.0306642 
        6.95866        0.426217       0.0304945 
        6.97436        0.429056       0.0303261 
        6.99007        0.428488        0.030159 
        7.00578        0.432815       0.0299931 
        7.02147        0.434726       0.0298287 
        7.03718        0.435778       0.0296654 
         7.0529        0.439755       0.0295031 
        7.06863        0.440854        0.029342 
        7.08433         0.44513       0.0291824 
        7.10004        0.446697        0.029024 
        7.11575        0.447084       0.0288667 
        7.13145        0.448688       0.0287107 
        7.14715        0.451618       0.0285559 
        7.16284         0.45288       0.0284024 
        7.17855        0.456604       0.0282497 
        7.19428        0.457364        0.028098 
        7.20998        0.457983       0.0279477 
        7.22568        0.459995       0.0277986 
        7.24139        0.460164       0.0276504 
        7.25711        0.463349       0.0275034 
        7.27282        0.466038       0.0273574 
        7.28852        0.467187       0.0272126 
        7.30423        0.468989       0.0270688 
        7.31995        0.469522        0.026926 
        7.33565        0.469192       0.0267843 
        7.35135        0.472011       0.0266437 
        7.36706        0.474335       0.0265041 
        7.38277        0.475755       0.0263655 
        7.39847        0.476766       0.0262279 
        7.41419        0.476606       0.0260912 
         7.4299        0.476071       0.0259555 
        7.44561        0.480715       0.0258208 
        7.46132        0.479831       0.0256872 
        7.47701        0.481999       0.0255546 
        7.49272        0.484987       0.0254228 
        7.50842        0.482724        0.025292 
         7.5241        0.484576       0.0251623 
        7.53981        0.483749       0.0250334 
        7.55552        0.484692       0.0249053 
        7.57125        0.489296       0.0247779 
        7.58698        0.487717       0.0246515 
        7.60268        0.490356       0.0245262 
         7.6184        0.489705       0.0244017 
        7.63411        0.492955       0.0242781 
        7.64981        0.491815       0.0241554 
        7.66552        0.492629       0.0240335 
        7.68123        0.492845       0.0239125 
        7.69695        0.493325       0.0237922 
        7.71264        0.495038        0.023673 
        7.72834         0.49393       0.0235546 
        7.74407        0.497305       0.0234368 
        7.75978        0.496391       0.0233198 
        7.77546        0.498412        0.023204 
        7.79116        0.496443       0.0230888 
         7.8069        0.496261       0.0229742 
         7.8226        0.498079       0.0228605 
        7.83828         0.49922       0.0227478 
        7.85399         0.49959       0.0226357 
        7.86972        0.500546       0.0225242 
        7.88543        0.500247       0.0224136 
        7.90111         0.49939       0.0223039 
        7.91681        0.501499       0.0221949 
        7.93255        0.500802       0.0220863 
        7.94828        0.501621       0.0219786 
        7.96397        0.501198       0.0218717 
        7.97967        0.501434       0.0217656 
        7.99538        0.501949       0.0216602 
         8.0111        0.501999       0.0215554 
         8.0268        0.503137       0.0214513 
        8.04248        0.522364       0.0213482 
         8.0582        0.502593       0.0212454 
        8.07393        0.502906       0.0211433 
        8.08963        0.504217       0.0210421 
        8.10533         0.50657       0.0209415 
        8.12104        0.505427       0.0208415 
        8.13675        0.507193       0.0207422 
        8.15245        0.506694       0.0206436 
        8.16815        0.508383       0.0205457 
        8.18387        0.507549       0.0204483 
        8.19959        0.509561       0.0203515 
         8.2153        0.508634       0.0202554 
        8.23101        0.509608       0.0201599 
        8.24672        0.511504       0.0200651 
        8.26241        0.512569        0.019971 
         8.2781        0.511073       0.0198776 
        8.29381        0.513774       0.0197846 
        8.30952        0.512774       0.0196922 
        8.32524        0.514369       0.0196003 
        8.34095        0.514681       0.0195091 
        8.35666        0.514048       0.0194185 
        8.37237        0.515085       0.0193285 
        8.38808        0.515248        0.019239 
        8.40379        0.516364       0.0191502 
         8.4195        0.515378       0.0190619 
         8.4352        0.517331       0.0189742 
        8.45091        0.516681       0.0188871 
        8.46662        0.516482       0.0188004 
        8.48232        0.519792       0.0187144 
        8.49802        0.519363       0.0186289 
        8.51374        0.520008       0.0185439 
        8.52945         0.51959       0.0184594 
        8.54515         0.52102       0.0183756 
        8.56086         0.52324       0.0182922 
        8.57658        0.521552       0.0182093 
        8.59228        0.523268        0.018127 
        8.60799        0.522233       0.0180452 
        8.62371        0.524602       0.0179638 
        8.63942        0.523518        0.017883 
        8.65512         0.52383       0.0178028 
        8.67082        0.525276        0.017723 
        8.68653        0.524563       0.0176437 
        8.70224        0.526116       0.0175649 
        8.71795        0.527203       0.0174866 
        8.73365        0.526232       0.0174088 
        8.74936        0.528631       0.0173314 
        8.76506        0.528592       0.0172546 
        8.78076         0.53023       0.0171782 
        8.79646        0.530462       0.0171023 
        8.81218        0.528753       0.0170268 
        8.82791        0.531675       0.0169517 
         8.8436         0.53119       0.0168772 
         8.8593        0.533541       0.0168032 
        8.87503        0.533389       0.0167295 
        8.89076        0.533665       0.0166562 
        8.90644        0.535122       0.0165836 
        8.92214        0.532882       0.0165113 
        8.93786        0.537583       0.0164394 
        8.95357          0.5357       0.0163679 
        8.96928        0.535598       0.0162969 
        8.98498        0.537734       0.0162264 
        9.00069        0.537304       0.0161562 
        9.01639        0.537665       0.0160865 
        9.03208        0.537704       0.0160173 
        9.04778        0.540347       0.0159484 
        9.06351        0.540185       0.0158798 
        9.07923        0.540477       0.0158117 
        9.09493        0.542522        0.015744 
        9.11062        0.539876       0.0156768 
        9.12635        0.543135       0.0156099 
        9.14207        0.543287       0.0155433 
        9.15777        0.543804       0.0154773 
        9.17346        0.545465       0.0154116 
        9.18917        0.544955       0.0153463 
         9.2049         0.54681       0.0152813 
        9.22061        0.546305       0.0152168 
        9.23631         0.54733       0.0151526 
        9.25201        0.549714       0.0150888 
        9.26773        0.547735       0.0150254 
        9.28343        0.551191       0.0149623 
        9.29913        0.549726       0.0148997 
        9.31484        0.552193       0.0148374 
        9.33057        0.551349       0.0147753 
        9.34627         0.55284       0.0147137 
        9.36197         0.55407       0.0146525 
        9.37768        0.551697       0.0145916 
        9.39338         0.55525       0.0145311 
        9.40909        0.553603       0.0144709 
        9.42479        0.555756       0.0144111 
         9.4405        0.556632       0.0143516 
        9.45621        0.555513       0.0142924 
        9.47193        0.558437       0.0142336 
        9.48763        0.557054       0.0141751 
        9.50334        0.560867        0.014117 
        9.51906        0.560243       0.0140591 
        9.53476        0.559859       0.0140017 
        9.55045        0.562629       0.0139446 
        9.56616        0.561014       0.0138878 
        9.58188        0.563758       0.0138312 
        9.59759         0.56185       0.0137749 
         9.6133        0.564289        0.013719 
        9.62901        0.565726       0.0136634 
        9.64471         0.56412       0.0136081 
        9.66041        0.567185       0.0135531 
        9.67612        0.566416       0.0134984 
        9.69184        0.568449       0.0134439 
        9.70754        0.568698       0.0133898 
        9.72324        0.567489        0.013336 
        9.73895        0.569205       0.0132825 
        9.75467        0.568899       0.0132294 
        9.77038        0.571502       0.0131766 
        9.78607        0.571191       0.0131241 
        9.80177        0.571184        0.013072 
        9.81749        0.572687       0.0130202 
         9.8332        0.571514       0.0129688 
         9.8489        0.575003       0.0129177 
        9.86463        0.573416       0.0128669 
        9.88035        0.575646       0.0128163 
        9.89606        0.576132        0.012766 
        9.91175        0.576174       0.0127159 
        9.92745        0.578907        0.012666 
        9.94317        0.576975       0.0126162 
        9.95888        0.578819       0.0125666 
        9.97458        0.579109        0.012517 
        9.99029        0.579746       0.0124674 
         10.006        0.580953       0.0124368 
        10.0217        0.579344       0.0124368 
        10.0374         0.58257       0.0124368 
        10.0531        0.582315       0.0124368 
        10.0688        0.583012       0.0124368 
        10.0845        0.584474       0.0124368 
        10.1002        0.583574       0.0124368 
        10.1159        0.586218       0.0124368 
        10.1317        0.584549       0.0124368 
        10.1474        0.587228       0.0124368 
        10.1631        0.587281       0.0124368 
        10.1788        0.587606       0.0124368 
        10.1945        0.588911       0.0124368 
        10.2102        0.588352       0.0124368 
        10.2259         0.59078       0.0124368 
        10.2416         0.58974       0.0124368 
        10.2573        0.591294       0.0124368 
         10.273        0.591599       0.0124368 
        10.2887        0.590395       0.0124368 
        10.3044        0.593111       0.0124368 
        10.3201        0.592265       0.0124368 
        10.3359         0.59477       0.0124368 
        10.3516        0.594976       0.0124368 
        10.3673        0.595046       0.0124368 
         10.383        0.595543       0.0124368 
        10.3987        0.596282       0.0124368 
        10.4144        0.597733       0.0124368 
        10.4301        0.598033       0.0124368 
        10.4458        0.598215       0.0124368 
        10.4615        0.599501       0.0124368 
        10.4772        0.598633       0.0124368 
        10.4929         0.60134       0.0124368 
        10.5086        0.601099       0.0124368 
        10.5244         0.60215       0.0124368 
        10.5401        0.601948       0.0124368 
        10.5558        0.602243       0.0124368 
        10.5715        0.605663       0.0124368 
        10.5872        0.603552       0.0124368 
        10.6029        0.604862       0.0124368 
        10.6186        0.605062       0.0124368 
        10.6343        0.606009       0.0124368 
          10.65         0.60823       0.0124368 
        10.6657        0.606648       0.0124368 
        10.6814        0.609131       0.0124368 
        10.6971         0.60835       0.0124368 
        10.7129        0.609835       0.0124368 
        10.7286        0.610261       0.0124368 
        10.7443        0.609745       0.0124368 
          10.76        0.612726       0.0124368 
        10.7757        0.612404       0.0124368 
        10.7914        0.613895       0.0124368 
        10.8071        0.613509       0.0124368 
        10.8228          0.6147       0.0124368 
        10.8385        0.615348       0.0124368 
        10.8542        0.614707       0.0124368 
        10.8699        0.617077       0.0124368 
        10.8856        0.616765       0.0124368 
        10.9014        0.618174       0.0124368 
        10.9171        0.619742       0.0124368 
        10.9328        0.617796       0.0124368 
        10.9485        0.620552       0.0124368 
        10.9642        0.620079       0.0124368 
        10.9799        0.621353       0.0124368 
        10.9956        0.622244       0.0124368 
        11.0113        0.622251       0.0124368 
         11.027        0.624091       0.0124368 
        11.0427        0.622935       0.0124368 
        11.0584        0.625049       0.0124368 
        11.0741        0.625656       0.0124368 
        11.0898        0.626159       0.0124368 
        11.1055         0.62728       0.0124368 
        11.1212        0.627255       0.0124368 
         11.137        0.630791       0.0124368 
        11.1527        0.628659       0.0124368 
        11.1684        0.630087       0.0124368 
        11.1841        0.630952       0.0124368 
        11.1998         0.63043       0.0124368 
        11.2155        0.633717       0.0124368 
        11.2312        0.632535       0.0124368 
        11.2469        0.634731       0.0124368 
        11.2626        0.635943       0.0124368 
        11.2783        0.635275       0.0124368 
         11.294        0.636578       0.0124368 
        11.3097        0.636444       0.0124368 
        11.3254         0.63981       0.0124368 
        11.3412        0.639113       0.0124368 
        11.3569        0.640732       0.0124368 
        11.3726        0.641047       0.0124368 
        11.3883        0.641211       0.0124368 
         11.404        0.643637       0.0124368 
        11.4197        0.643326       0.0124368 
        11.4354        0.644577       0.0124368 
        11.4511        0.645689       0.0124368 
        11.4668        0.646055       0.0124368 
        11.4825        0.647543       0.0124368 
        11.4982        0.647272       0.0124368 
         11.514        0.650054       0.0124368 
        11.5297        0.648969       0.0124368 
        11.5454        0.651475       0.0124368 
        11.5611        0.652892       0.0124368 
        11.5768        0.651802       0.0124368 
        11.5925        0.654599       0.0124368 
        11.6082        0.654721       0.0124368 
        11.6239         0.65665       0.0124368 
        11.6396        0.657701       0.0124368 
        11.6553        0.658235       0.0124368 
         11.671        0.659875       0.0124368 
        11.6867        0.659674       0.0124368 
        11.7024        0.661021       0.0124368 
        11.7182        0.661928       0.0124368 
        11.7339        0.664127       0.0124368 
        11.7496        0.665341       0.0124368 
        11.7653        0.665486       0.0124368 
         11.781        0.666864       0.0124368 
        11.7967        0.668048       0.0124368 
        11.8124        0.669724       0.0124368 
        11.8281        0.669913       0.0124368 
        11.8438        0.671248       0.0124368 
        11.8595        0.672986       0.0124368 
        11.8752        0.673521       0.0124368 
         11.891        0.675011       0.0124368 
        11.9067        0.676852       0.0124368 
        11.9224        0.676991       0.0124368 
        11.9381        0.679107       0.0124368 
        11.9538        0.679956       0.0124368 
        11.9695        0.681101       0.0124368 
        11.9852        0.682429       0.0124368 
        12.0009         0.68286       0.0124368 
        12.0166        0.685604       0.0124368 
        12.0323        0.686294       0.0124368 
         12.048        0.688541       0.0124368 
        12.0637        0.687715       0.0124368 
