# k  (h/Mpc)    Pcb(k)  (Mpc/h)^3    Pcb_linear(k) (Mpc/h)^3   ShotnoiseSubtracted = true
      0.0200456         98.1873         99.3843 
      0.0350414          63.065         62.3094 
      0.0492313         41.9243         41.6467 
      0.0637834         34.2744         34.3458 
      0.0800726         26.5204         26.6771 
       0.096163         18.2628         18.0474 
       0.111083         14.1738         13.9997 
       0.126058         12.6089         12.6638 
       0.142273         10.5515         10.6157 
       0.158546         8.04697         8.00688 
        0.17375         6.70309         6.65278 
       0.188953          6.1057         6.11384 
       0.204907         5.33759         5.39182 
       0.220756          4.4456         4.43991 
        0.23588         3.82106         3.81575 
         0.2514         3.48672         3.49054 
       0.267535         3.15123         3.15825 
       0.283568         2.74423         2.74383 
       0.299022         2.42244         2.42082 
       0.314451          2.2268         2.21607 
       0.330372         2.03232         2.03294 
       0.346141         1.83176         1.83109 
       0.361624         1.65163         1.65253 
       0.377134         1.51419         1.51849 
       0.392932         1.41383         1.40417 
       0.408854         1.28554         1.28894 
       0.424564         1.18836         1.18232 
       0.440253         1.09382         1.09362 
       0.455999          1.0123         1.01754 
       0.471626        0.941758         0.94655 
        0.48727        0.881117        0.879669 
       0.502856        0.822786        0.820364 
       0.518488        0.763321        0.768144 
       0.534347        0.712101        0.719386 
       0.550082        0.673328        0.674269 
       0.565732        0.636011        0.633171 
       0.581496        0.594671        0.595833 
       0.597222        0.559651        0.561615 
       0.612804         0.52776         0.53013 
       0.628434         0.49795         0.50083 
       0.644267        0.472171        0.473543 
       0.660051        0.447539        0.448482 
       0.675724         0.42241        0.425374 
       0.691403        0.400989        0.403857 
       0.707174        0.380953        0.383693 
       0.722871        0.365467        0.364974 
        0.73838        0.344598        0.347695 
       0.754018        0.328043        0.331398 
       0.769845        0.311421        0.315963 
        0.78569         0.29881        0.301495 
       0.801365        0.286087        0.288074 
       0.817031        0.273463        0.275481 
       0.832809        0.260493        0.263564 
       0.848511        0.249747        0.252408 
       0.864097        0.239893        0.241977 
       0.879701        0.231011        0.232128 
       0.895507        0.219346        0.222713 
       0.911279        0.211509        0.213841 
        0.92691        0.204077        0.205527 
       0.942635        0.194658         0.19761 
       0.958396        0.187695        0.190095 
       0.974128        0.180751        0.182984 
       0.989692        0.173846        0.176308 
        1.00528        0.166766        0.169956 
        1.02113        0.161986        0.163817 
        1.03692         0.15633        0.158005 
        1.05264        0.149896        0.152501 
        1.06832        0.145024        0.147268 
        1.08405        0.139616        0.142268 
        1.09979        0.135186        0.137496 
        1.11537        0.130013        0.132991 
        1.13105        0.125539        0.128661 
        1.14679        0.121927        0.124507 
        1.16256        0.118236        0.120529 
        1.17828        0.114504        0.116738 
        1.19395        0.110894        0.113122 
         1.2097        0.107104        0.109642 
        1.22537        0.103578        0.106325 
          1.241        0.100491        0.103155 
        1.25666       0.0978105        0.100107 
        1.27241       0.0946199       0.0971678 
        1.28819       0.0916176       0.0943417 
        1.30392       0.0893377       0.0916364 
        1.31957       0.0864738       0.0890493 
        1.33529       0.0843997       0.0865526 
        1.35108       0.0814802       0.0841419 
        1.36674       0.0795505       0.0818403 
         1.3824       0.0771421       0.0796269 
        1.39811       0.0748319        0.077488 
        1.41389       0.0731325       0.0754196 
        1.42964       0.0710193       0.0734302 
        1.44531       0.0690062       0.0715223 
        1.46101        0.067139       0.0696782 
        1.47667       0.0654887       0.0679046 
        1.49229       0.0638264       0.0661974 
        1.50793        0.062185       0.0645471 
        1.52367       0.0605192       0.0629423 
        1.53953       0.0587601       0.0613814 
        1.55526        0.057372       0.0598859 
        1.57092        0.056267       0.0584463 
        1.58662        0.054746       0.0570507 
        1.60235       0.0533244       0.0556979 
        1.61809        0.051975       0.0543883 
        1.63369       0.0507453       0.0531324 
        1.64941       0.0494595       0.0519071 
        1.66519       0.0484103       0.0507161 
        1.68085       0.0472342       0.0495709 
        1.69652       0.0462255       0.0484607 
        1.71228       0.0449386       0.0473782 
        1.72806       0.0441291       0.0463279 
        1.74368       0.0429979         0.04532 
        1.75933       0.0420798         0.04434 
        1.77505       0.0412324       0.0433844 
        1.79081       0.0401552       0.0424553 
         1.8065       0.0394328       0.0415573 
        1.82218        0.038373       0.0406861 
        1.83797       0.0375716       0.0398339 
        1.85367       0.0367712       0.0390107 
        1.86928       0.0358246       0.0382158 
        1.88497       0.0351326       0.0374386 
        1.90073       0.0343229       0.0366802 
        1.91647       0.0338329       0.0359435 
        1.93218       0.0332029       0.0352286 
        1.94787       0.0322533       0.0345341 
        1.96363       0.0316507       0.0338556 
        1.97935       0.0309897       0.0331967 
        1.99499       0.0304048        0.032559 
        2.01064       0.0297472       0.0319372 
         2.0264       0.0292471       0.0313277 
        2.04216        0.028616       0.0307343 
        2.05781       0.0279783       0.0301601 
        2.07353       0.0274677       0.0295985 
        2.08928       0.0269685       0.0290499 
        2.10499       0.0264677       0.0285167 
        2.12065       0.0259313       0.0279985 
        2.13633       0.0254146       0.0274927 
        2.15211       0.0249985       0.0269961 
        2.16785       0.0243591       0.0265131 
        2.18349       0.0239768        0.026045 
        2.19916       0.0234659       0.0255872 
        2.21489       0.0230361       0.0251388 
        2.23063       0.0227099       0.0247009 
         2.2463       0.0222372       0.0242754 
        2.26194       0.0218402       0.0238609 
        2.27765       0.0214851        0.023454 
        2.29341       0.0210056       0.0230555 
        2.30914       0.0206677       0.0226671 
        2.32486        0.020258       0.0222878 
        2.34061       0.0198845       0.0219166 
        2.35635       0.0195741       0.0215541 
        2.37203        0.019324       0.0212011 
        2.38768       0.0190339       0.0208567 
        2.40339       0.0186344       0.0205187 
        2.41914       0.0182726       0.0201874 
        2.43483       0.0180324       0.0198645 
         2.4505       0.0176578       0.0195493 
        2.46622       0.0173312       0.0192398 
        2.48195        0.017013       0.0189369 
        2.49759       0.0167667       0.0186422 
        2.51328       0.0164416        0.018353 
        2.52906       0.0162101       0.0180681 
        2.54479       0.0159533       0.0177903 
        2.56049       0.0156566       0.0175188 
        2.57618        0.015435       0.0172533 
        2.59189       0.0151205       0.0169928 
        2.60758       0.0149728       0.0167382 
        2.62325       0.0146292        0.016489 
        2.63898       0.0144532        0.016244 
        2.65468       0.0141912       0.0160045 
        2.67044       0.0139596       0.0157689 
        2.68618       0.0137162       0.0155384 
        2.70184       0.0135765       0.0153136 
        2.71755       0.0133465       0.0150925 
        2.73329       0.0131464       0.0148756 
        2.74897       0.0129231       0.0146635 
        2.76462       0.0127302       0.0144561 
        2.78034       0.0125524       0.0142518 
        2.79607       0.0123356       0.0140513 
        2.81179       0.0121459       0.0138548 
        2.82749       0.0119995       0.0136623 
        2.84321       0.0117832       0.0134732 
        2.85893       0.0116294       0.0132878 
        2.87462       0.0114439       0.0131061 
        2.89033       0.0112745       0.0129277 
        2.90605       0.0110815       0.0127524 
        2.92176       0.0109672       0.0125805 
        2.93747       0.0107766       0.0124118 
        2.95318        0.010642       0.0122462 
        2.96891       0.0104602       0.0120835 
        2.98456       0.0103094       0.0119245 
        3.00023       0.0102081       0.0117681 
        3.01596       0.0100118       0.0116141 
        3.03164       0.0098962       0.0114632 
        3.04738      0.00975734       0.0113145 
         3.0631      0.00957236       0.0111686 
        3.07883       0.0094874       0.0110252 
        3.09456      0.00934493       0.0108843 
        3.11026      0.00918899       0.0107461 
        3.12596      0.00911407       0.0106103 
        3.14163      0.00898827       0.0104772 
        3.15734      0.00886885        0.010346 
        3.17308      0.00873501       0.0102168 
        3.18879      0.00860168       0.0100901 
        3.20447      0.00850037      0.00996575 
         3.2202      0.00837704       0.0098431 
         3.2359      0.00828659      0.00972274 
        3.25157       0.0081506      0.00960466 
        3.26729      0.00807296      0.00948819 
        3.28304      0.00797525      0.00937341 
        3.29877      0.00786786      0.00926068 
        3.31446      0.00774293      0.00915005 
        3.33014      0.00766455      0.00904131 
        3.34585      0.00758956      0.00893418 
        3.36158      0.00746081      0.00882861 
        3.37727      0.00735985      0.00872508 
        3.39294      0.00728047       0.0086233 
        3.40867      0.00720546      0.00852277 
        3.42439       0.0071067       0.0084239 
        3.44008      0.00702744      0.00832679 
        3.45578      0.00695097      0.00823113 
        3.47153      0.00685624      0.00813676 
        3.48724      0.00676967      0.00804403 
        3.50292      0.00672181      0.00795296 
        3.51859      0.00665703      0.00786333 
        3.53431      0.00654178      0.00777481 
        3.55007      0.00648078      0.00768744 
        3.56577      0.00640539      0.00760174 
        3.58146      0.00632697      0.00751739 
        3.59719      0.00627893      0.00743412 
        3.61292      0.00620562      0.00735214 
        3.62859      0.00611167       0.0072717 
        3.64429      0.00607214       0.0071923 
        3.66003      0.00601519      0.00711385 
        3.67578      0.00593595      0.00703659 
        3.69146      0.00588434      0.00696077 
        3.70712      0.00581604       0.0068862 
        3.72284      0.00576139      0.00681244 
        3.73853      0.00569319      0.00673989 
        3.75422      0.00563933      0.00666837 
        3.76993      0.00559824      0.00659782 
        3.78564      0.00554235      0.00652832 
        3.80137      0.00548055       0.0064597 
        3.81707      0.00542278      0.00639221 
        3.83279      0.00536902      0.00632563 
        3.84853      0.00533549      0.00625989 
        3.86424      0.00527584       0.0061952 
        3.87992      0.00523928      0.00613153 
        3.89561      0.00518874      0.00606874 
        3.91134      0.00514033      0.00600671 
        3.92704      0.00509246      0.00594561 
        3.94273      0.00506061      0.00588542 
        3.95845      0.00501028      0.00582595 
        3.97418      0.00497052      0.00576729 
        3.98988      0.00491142      0.00570951 
        4.00554      0.00485975      0.00565268 
        4.02125      0.00479571      0.00559646 
        4.03698      0.00472201      0.00554091 
        4.05268      0.00465632      0.00548625 
        4.06839      0.00459867      0.00543227 
         4.0841      0.00452091      0.00537904 
        4.09983      0.00446503      0.00532645 
        4.11555      0.00439547      0.00527458 
        4.13124      0.00434417      0.00522354 
        4.14693       0.0042924      0.00517313 
        4.16266      0.00423283      0.00512327 
        4.17839      0.00417747      0.00507409 
        4.19408      0.00411532      0.00502567 
        4.20977      0.00406731      0.00497786 
        4.22551      0.00402945      0.00493055 
        4.24123      0.00398031      0.00488391 
        4.25691      0.00395187        0.004838 
        4.27259      0.00390312      0.00479265 
        4.28831      0.00387179       0.0047478 
        4.30404      0.00382876      0.00470348 
        4.31974      0.00381143      0.00465982 
        4.33543      0.00377654      0.00461674 
        4.35116      0.00373657      0.00457409 
        4.36688      0.00371573        0.004532 
        4.38255      0.00370244       0.0044906 
        4.39825      0.00367933      0.00444962 
        4.41398      0.00365547      0.00440907 
         4.4297      0.00363978      0.00436907 
        4.44541      0.00361853      0.00432957 
        4.46111      0.00360189      0.00429058 
        4.47683      0.00359503      0.00425205 
        4.49251      0.00357792      0.00421407 
        4.50819        0.003573      0.00417656 
         4.5239      0.00355944      0.00413945 
        4.53962      0.00356188      0.00410275 
        4.55535      0.00354894      0.00406647 
        4.57106      0.00355894      0.00403068 
        4.58678       0.0035494      0.00399532 
         4.6025      0.00355517      0.00396036 
        4.61821      0.00356031      0.00392584 
        4.63391      0.00356795      0.00389176 
         4.6496      0.00355965      0.00385811 
        4.66532      0.00357427       0.0038248 
        4.68103      0.00358599      0.00379189 
        4.69673      0.00358542      0.00375941 
        4.71241      0.00362757      0.00372733 
        4.72811      0.00363707      0.00369558 
        4.74384       0.0036472      0.00366415 
        4.75955      0.00365987      0.00363314 
        4.77525      0.00368788       0.0036025 
        4.79096      0.00371927      0.00357218 
        4.80669      0.00373929      0.00354219 
         4.8224      0.00377647      0.00351258 
        4.83809      0.00379599      0.00348334 
        4.85379      0.00383825      0.00345441 
         4.8695      0.00384998      0.00342578 
        4.88521       0.0038964      0.00339749 
        4.90093        0.003917      0.00336952 
        4.91663      0.00397987      0.00334189 
        4.93234      0.00399873      0.00331453 
        4.94807      0.00404706      0.00328746 
        4.96377      0.00409966      0.00326075 
        4.97943      0.00416938      0.00323438 
        4.99514      0.00418377      0.00320824 
        5.01086      0.00423896      0.00318237 
        5.02654      0.00428415      0.00315685 
        5.04227      0.00433995      0.00313153 
          5.058      0.00441478      0.00310648 
        5.07371      0.00445641      0.00308175 
        5.08942      0.00455312      0.00305728 
        5.10513      0.00459122      0.00303308 
        5.12084      0.00465142      0.00300913 
        5.13656      0.00471902      0.00298544 
        5.15225      0.00480145      0.00296204 
        5.16796      0.00490095      0.00293886 
        5.18369        0.004961       0.0029159 
         5.1994       0.0050393      0.00289323 
        5.21509       0.0051151      0.00287082 
        5.23079      0.00520988      0.00284862 
        5.24649      0.00529139      0.00282667 
        5.26217      0.00537864      0.00280497 
        5.27788      0.00547284      0.00278347 
        5.29359      0.00557148      0.00276218 
        5.30933      0.00567337      0.00274109 
        5.32504      0.00577247      0.00272025 
        5.34073      0.00586647      0.00269965 
        5.35646      0.00599616      0.00267922 
        5.37218       0.0061348        0.002659 
        5.38789      0.00621013      0.00263902 
        5.40357       0.0063279      0.00261927 
        5.41929      0.00645895      0.00259968 
        5.43502      0.00660028      0.00258028 
         5.4507      0.00672142      0.00256113 
        5.46639      0.00683464      0.00254217 
        5.48212      0.00695189      0.00252335 
        5.49786      0.00717931       0.0025047 
        5.51353      0.00730306      0.00248634 
        5.52921      0.00742489      0.00246814 
        5.54495      0.00759886      0.00245006 
        5.56066      0.00779452      0.00243219 
        5.57637        0.007965       0.0024145 
        5.59207      0.00810945        0.002397 
        5.60778      0.00830656      0.00237966 
        5.62346      0.00848669      0.00236252 
        5.63916      0.00861095      0.00234553 
        5.65487      0.00880423       0.0023287 
         5.6706       0.0090034      0.00231202 
        5.68633        0.009269      0.00229549 
        5.70203      0.00945092      0.00227916 
        5.71773       0.0096941      0.00226298 
        5.73344      0.00983578      0.00224696 
        5.74916       0.0100966      0.00223108 
        5.76486       0.0103911      0.00221537 
        5.78054       0.0105679      0.00219983 
        5.79626       0.0108169      0.00218441 
          5.812       0.0111062      0.00216911 
         5.8277       0.0113179        0.002154 
        5.84339        0.011617      0.00213904 
        5.85911       0.0119617      0.00212419 
        5.87484        0.012247      0.00210949 
        5.89053        0.012521      0.00209495 
        5.90623       0.0128788      0.00208054 
        5.92195       0.0130871      0.00206624 
        5.93767        0.013445      0.00205209 
        5.95336       0.0138568      0.00203809 
        5.96905       0.0141989      0.00202422 
        5.98476       0.0144647      0.00201046 
        6.00048       0.0149583      0.00199683 
        6.01617       0.0152223      0.00198334 
        6.03185       0.0156098         0.00197 
        6.04756       0.0161355      0.00195674 
        6.06331       0.0164709      0.00194357 
        6.07903       0.0169352      0.00193056 
        6.09473       0.0172854      0.00191767 
        6.11044       0.0179153       0.0019049 
        6.12616       0.0182573      0.00189224 
        6.14186       0.0188117       0.0018797 
        6.15755       0.0193062      0.00186728 
        6.17326       0.0197066      0.00185497 
        6.18898       0.0203484      0.00184275 
        6.20467       0.0209167      0.00183067 
        6.22036       0.0215485       0.0018187 
         6.2361       0.0220132      0.00180681 
         6.2518       0.0227108      0.00179503 
        6.26748       0.0231294      0.00178339 
        6.28319       0.0240832      0.00177182 
        6.29893       0.0246902      0.00176035 
        6.31463       0.0254707      0.00174899 
        6.33033       0.0259768      0.00173774 
        6.34604       0.0266795      0.00172657 
        6.36177        0.027339       0.0017155 
        6.37747       0.0283452      0.00170454 
        6.39316       0.0288778      0.00169369 
        6.40888       0.0302224       0.0016829 
         6.4246        0.030989      0.00167221 
        6.44031       0.0319037      0.00166162 
        6.45601       0.0324978      0.00165114 
        6.47172       0.0336261      0.00164073 
        6.48744       0.0347239       0.0016304 
        6.50313       0.0357679      0.00162019 
        6.51882       0.0370642      0.00161006 
        6.53452       0.0379168      0.00160001 
        6.55025       0.0391078      0.00159003 
        6.56597       0.0404525      0.00158015 
        6.58166       0.0412635      0.00157036 
        6.59736       0.0430587      0.00156065 
        6.61307       0.0442279      0.00155101 
         6.6288       0.0456927      0.00154145 
         6.6445       0.0473001      0.00153198 
         6.6602       0.0488982      0.00152259 
        6.67592       0.0506079      0.00151328 
        6.69164       0.0518567      0.00150404 
        6.70735       0.0534673      0.00149488 
        6.72304        0.055956       0.0014858 
        6.73874       0.0576027       0.0014768 
        6.75446       0.0588783      0.00146787 
        6.77016       0.0612157      0.00145902 
        6.78585       0.0629787      0.00145024 
        6.80156       0.0665374      0.00144153 
        6.81729       0.0679827      0.00143288 
        6.83301       0.0703087       0.0014243 
         6.8487        0.073177      0.00141581 
         6.8644        0.074924      0.00140738 
        6.88012       0.0783906      0.00139902 
        6.89583        0.081186      0.00139072 
        6.91151       0.0842552      0.00138251 
        6.92723       0.0873601      0.00137434 
        6.94296       0.0911636      0.00136624 
        6.95866       0.0929311      0.00135821 
        6.97436       0.0974787      0.00135026 
        6.99007        0.101018      0.00134235 
        7.00578        0.104589      0.00133452 
        7.02147        0.109581      0.00132675 
        7.03718         0.11344      0.00131904 
         7.0529        0.117024      0.00131138 
        7.06863        0.123193      0.00130378 
        7.08433        0.127793      0.00129625 
        7.10004        0.132406      0.00128878 
        7.11575        0.140268      0.00128137 
        7.13145        0.143609      0.00127402 
        7.14715        0.150063      0.00126673 
        7.16284        0.157041       0.0012595 
        7.17855        0.163689      0.00125231 
        7.19428        0.169918      0.00124517 
        7.20998        0.178343      0.00123811 
        7.22568         0.18814      0.00123109 
        7.24139        0.194815      0.00122413 
        7.25711        0.207657      0.00121722 
        7.27282        0.214245      0.00121036 
        7.28852         0.22252      0.00120357 
        7.30423        0.235821      0.00119681 
        7.31995        0.243321      0.00119012 
        7.33565        0.258059      0.00118347 
        7.35135        0.268922      0.00117688 
        7.36706        0.285783      0.00117033 
        7.38277        0.295527      0.00116384 
        7.39847        0.318767      0.00115739 
        7.41419        0.326792      0.00115099 
         7.4299        0.345471      0.00114464 
        7.44561        0.357134      0.00113834 
        7.46132        0.382883      0.00113208 
        7.47701        0.399554      0.00112588 
        7.49272        0.420616      0.00111972 
        7.50842        0.450434      0.00111361 
         7.5241         0.47712      0.00110755 
        7.53981        0.498116      0.00110153 
        7.55552        0.529165      0.00109555 
        7.57125        0.577581      0.00108961 
        7.58698        0.587795      0.00108371 
        7.60268        0.633298      0.00107786 
         7.6184        0.675314      0.00107206 
        7.63411        0.703214      0.00106629 
        7.64981        0.749114      0.00106058 
        7.66552        0.792105       0.0010549 
        7.68123        0.844916      0.00104926 
        7.69695        0.906815      0.00104367 
        7.71264        0.956217      0.00103812 
        7.72834         1.04256      0.00103261 
        7.74407         1.09659      0.00102713 
        7.75978         1.12846      0.00102169 
        7.77546         1.23578      0.00101631 
        7.79116         1.29337      0.00101096 
         7.8069         1.39997      0.00100563 
         7.8226         1.43363      0.00100035 
        7.83828         1.59962     0.000995121 
        7.85399          1.7165      0.00098992 
        7.86972         1.77265     0.000984746 
        7.88543         1.87627     0.000979617 
        7.90111         2.03846     0.000974534 
        7.91681         2.19909     0.000969479 
        7.93255         2.20075      0.00096445 
        7.94828         2.35866     0.000959459 
        7.96397         2.41978     0.000954512 
        7.97967         2.65126       0.0009496 
        7.99538         2.88166      0.00094472 
         8.0111         2.89504     0.000939872 
         8.0268         2.83531     0.000935062 
        8.04248         2.88671     0.000930291 
         8.0582         2.92663     0.000925544 
        8.07393         2.86774     0.000920825 
        8.08963         2.61766     0.000916148 
        8.10533         2.47155     0.000911504 
        8.12104         2.39889     0.000906889 
        8.13675         2.30241     0.000902306 
        8.15245         2.19105     0.000897757 
        8.16815          2.0204     0.000893241 
        8.18387         1.84071     0.000888749 
        8.19959         1.77049     0.000884288 
         8.2153         1.73333      0.00087986 
        8.23101         1.64712     0.000875463 
        8.24672         1.48562     0.000871096 
        8.26241         1.40567     0.000866765 
         8.2781         1.33691     0.000862462 
        8.29381         1.29255     0.000858183 
        8.30952         1.21904     0.000853934 
        8.32524         1.15088      0.00084971 
        8.34095         1.07733     0.000845517 
        8.35666          1.0481     0.000841353 
        8.37237        0.993406     0.000837217 
        8.38808        0.915715     0.000833108 
        8.40379        0.895011     0.000829028 
         8.4195        0.847415     0.000824976 
         8.4352        0.827789      0.00082095 
        8.45091        0.767839     0.000816952 
        8.46662        0.739935     0.000812979 
        8.48232        0.702771     0.000809035 
        8.49802        0.676369     0.000805117 
        8.51374        0.654038      0.00080122 
        8.52945        0.610962     0.000797351 
        8.54515        0.592761     0.000793511 
        8.56086        0.559397     0.000789692 
        8.57658          0.5418     0.000785898 
        8.59228        0.514548     0.000782133 
        8.60799        0.503814     0.000778388 
        8.62371         0.47987     0.000774668 
        8.63942        0.458068     0.000770974 
        8.65512        0.444762     0.000767305 
        8.67082        0.426031     0.000763661 
        8.68653        0.411518     0.000760038 
        8.70224        0.395877     0.000756438 
        8.71795        0.384911     0.000752863 
        8.73365        0.371172     0.000749311 
        8.74936        0.356553     0.000745781 
        8.76506        0.345829     0.000742277 
        8.78076        0.333752     0.000738794 
        8.79646          0.3235     0.000735333 
        8.81218        0.314739     0.000731892 
        8.82791        0.307934     0.000728469 
         8.8436        0.294504     0.000725075 
         8.8593        0.284077     0.000721704 
        8.87503        0.277876     0.000718345 
        8.89076        0.271234      0.00071501 
        8.90644        0.264305     0.000711704 
        8.92214        0.253453     0.000708417 
        8.93786        0.248224     0.000705145 
        8.95357        0.240056     0.000701896 
        8.96928        0.233886     0.000698669 
        8.98498         0.22913     0.000695463 
        9.00069        0.221936     0.000692275 
        9.01639        0.216806     0.000689107 
        9.03208        0.211583     0.000685964 
        9.04778         0.20677     0.000682837 
        9.06351        0.203994     0.000679725 
        9.07923        0.198108     0.000676633 
        9.09493        0.194416     0.000673564 
        9.11062        0.189731     0.000670516 
        9.12635        0.184057     0.000667482 
        9.14207        0.182476     0.000664466 
        9.15777        0.177695     0.000661472 
        9.17346        0.173964     0.000658499 
        9.18917        0.172007      0.00065554 
         9.2049         0.16883     0.000652597 
        9.22061        0.165763     0.000649674 
        9.23631        0.162276     0.000646771 
        9.25201        0.159467     0.000643887 
        9.26773        0.155904     0.000641017 
        9.28343        0.154449     0.000638166 
        9.29913        0.151107     0.000635333 
        9.31484        0.150333     0.000632517 
        9.33057        0.147139     0.000629713 
        9.34627        0.145918      0.00062693 
        9.36197        0.143564     0.000624166 
        9.37768        0.141402     0.000621416 
        9.39338        0.140215     0.000618684 
        9.40909        0.137921     0.000615968 
        9.42479        0.137973     0.000613269 
         9.4405        0.135993     0.000610586 
        9.45621        0.133627     0.000607917 
        9.47193        0.133317     0.000605265 
        9.48763        0.132349     0.000602631 
        9.50334        0.132061     0.000600011 
        9.51906        0.130549     0.000597406 
        9.53476        0.130037     0.000594819 
        9.55045        0.129459     0.000592247 
        9.56616        0.128383     0.000589689 
        9.58188        0.129121     0.000587143 
        9.59759        0.127416     0.000584614 
         9.6133        0.127875     0.000582099 
        9.62901        0.127629     0.000579597 
        9.64471        0.126771     0.000577111 
        9.66041        0.127736     0.000574639 
        9.67612        0.126755     0.000572178 
        9.69184        0.128416     0.000569732 
        9.70754        0.128114     0.000567302 
        9.72324        0.127607     0.000564887 
        9.73895        0.129084     0.000562487 
        9.75467        0.128487       0.0005601 
        9.77038        0.131119     0.000557731 
        9.78607        0.129858      0.00055538 
        9.80177        0.130942     0.000553044 
        9.81749        0.133065     0.000550722 
         9.8332        0.132268     0.000548417 
         9.8489        0.136992     0.000546129 
        9.86463        0.134981     0.000543851 
        9.88035        0.138406     0.000541586 
        9.89606        0.139345     0.000539334 
        9.91175        0.139354     0.000537094 
        9.92745        0.144375     0.000534861 
        9.94317        0.142623     0.000532632 
        9.95888        0.148522      0.00053041 
        9.97458        0.148176     0.000528191 
        9.99029        0.149531     0.000525974 
         10.006        0.154717     0.000524605 
        10.0217        0.152974     0.000524605 
        10.0374        0.162213     0.000524605 
        10.0531        0.160245     0.000524605 
        10.0688        0.165172     0.000524605 
        10.0845        0.168365     0.000524605 
        10.1002        0.167488     0.000524605 
        10.1159        0.178916     0.000524605 
        10.1317        0.174703     0.000524605 
        10.1474        0.185004     0.000524605 
        10.1631        0.186399     0.000524605 
        10.1788        0.189112     0.000524605 
        10.1945        0.198369     0.000524605 
        10.2102        0.194303     0.000524605 
        10.2259        0.211307     0.000524605 
        10.2416        0.207543     0.000524605 
        10.2573        0.215996     0.000524605 
         10.273         0.22513     0.000524605 
        10.2887        0.219624     0.000524605 
        10.3044        0.244313     0.000524605 
        10.3201        0.233221     0.000524605 
        10.3359        0.251328     0.000524605 
        10.3516        0.254455     0.000524605 
        10.3673        0.255546     0.000524605 
         10.383        0.277991     0.000524605 
        10.3987        0.266009     0.000524605 
        10.4144        0.297632     0.000524605 
        10.4301        0.289709     0.000524605 
        10.4458        0.303913     0.000524605 
        10.4615        0.320589     0.000524605 
        10.4772        0.305816     0.000524605 
        10.4929        0.358366     0.000524605 
        10.5086        0.334496     0.000524605 
        10.5244        0.363809     0.000524605 
        10.5401        0.371719     0.000524605 
        10.5558        0.366322     0.000524605 
        10.5715        0.418212     0.000524605 
        10.5872        0.388677     0.000524605 
        10.6029        0.445284     0.000524605 
        10.6186        0.430398     0.000524605 
        10.6343        0.446882     0.000524605 
          10.65        0.485262     0.000524605 
        10.6657        0.453106     0.000524605 
        10.6814        0.542475     0.000524605 
        10.6971        0.499417     0.000524605 
        10.7129        0.554532     0.000524605 
        10.7286        0.560573     0.000524605 
        10.7443        0.540065     0.000524605 
          10.76         0.65431     0.000524605 
        10.7757        0.584712     0.000524605 
        10.7914        0.687273     0.000524605 
        10.8071        0.653504     0.000524605 
        10.8228        0.688438     0.000524605 
        10.8385        0.760238     0.000524605 
        10.8542        0.665641     0.000524605 
        10.8699        0.879221     0.000524605 
        10.8856        0.751281     0.000524605 
        10.9014         0.86051     0.000524605 
        10.9171        0.876905     0.000524605 
        10.9328        0.785503     0.000524605 
        10.9485         1.05736     0.000524605 
        10.9642        0.871477     0.000524605 
        10.9799         1.08396     0.000524605 
        10.9956         0.98648     0.000524605 
        11.0113         1.01694     0.000524605 
         11.027         1.17735     0.000524605 
        11.0427        0.975825     0.000524605 
        11.0584         1.32892     0.000524605 
        11.0741         1.10367     0.000524605 
        11.0898         1.29617     0.000524605 
        11.1055         1.28042     0.000524605 
        11.1212          1.0959     0.000524605 
         11.137         1.60239     0.000524605 
        11.1527         1.20379     0.000524605 
        11.1684         1.58383     0.000524605 
        11.1841         1.37589     0.000524605 
        11.1998         1.36074     0.000524605 
        11.2155          1.6791     0.000524605 
        11.2312          1.3026     0.000524605 
        11.2469         1.82724     0.000524605 
        11.2626         1.41926     0.000524605 
        11.2783         1.68715     0.000524605 
         11.294         1.63821     0.000524605 
        11.3097         1.36551     0.000524605 
        11.3254         2.01118     0.000524605 
        11.3412          1.4571     0.000524605 
        11.3569         1.82471     0.000524605 
        11.3726          1.5842     0.000524605 
        11.3883          1.4532     0.000524605 
         11.404         1.92087     0.000524605 
        11.4197         1.41258     0.000524605 
        11.4354         1.86569     0.000524605 
        11.4511         1.45051     0.000524605 
        11.4668         1.58618     0.000524605 
        11.4825         1.62798     0.000524605 
        11.4982         1.29441     0.000524605 
         11.514         1.73539     0.000524605 
        11.5297         1.33408     0.000524605 
        11.5454         1.54444     0.000524605 
        11.5611         1.40966     0.000524605 
        11.5768         1.17118     0.000524605 
        11.5925         1.58853     0.000524605 
        11.6082         1.17404     0.000524605 
        11.6239         1.41901     0.000524605 
        11.6396         1.20859     0.000524605 
        11.6553         1.16386     0.000524605 
         11.671         1.30573     0.000524605 
        11.6867         1.05231     0.000524605 
        11.7024         1.24704     0.000524605 
        11.7182         1.04616     0.000524605 
        11.7339         1.08186     0.000524605 
        11.7496         1.08911     0.000524605 
        11.7653        0.921004     0.000524605 
         11.781         1.11703     0.000524605 
        11.7967        0.916637     0.000524605 
        11.8124        0.984459     0.000524605 
        11.8281        0.916851     0.000524605 
        11.8438         0.83393     0.000524605 
        11.8595        0.961033     0.000524605 
        11.8752        0.800037     0.000524605 
         11.891        0.874183     0.000524605 
        11.9067        0.789288     0.000524605 
        11.9224        0.769558     0.000524605 
        11.9381        0.802249     0.000524605 
        11.9538        0.699673     0.000524605 
        11.9695        0.770054     0.000524605 
        11.9852        0.685041     0.000524605 
        12.0009        0.686326     0.000524605 
        12.0166        0.690432     0.000524605 
        12.0323        0.609388     0.000524605 
         12.048        0.686859     0.000524605 
        12.0637        0.601024     0.000524605 
