# k  (h/Mpc)    Pcb(k)  (Mpc/h)^3    Pcb_linear(k) (Mpc/h)^3   ShotnoiseSubtracted = true
      0.0200456         27660.7         28458.2 
      0.0350414         20650.1         21944.3 
      0.0492313           16081         16702.5 
      0.0637834           14180         14098.7 
      0.0800726           11182         11208.1 
       0.096163         7874.51         8340.05 
       0.111083          6517.4         6858.63 
       0.126058         5995.28         6090.33 
       0.142273         5158.31         5092.72 
       0.158546         4684.38         4085.95 
        0.17375         3817.71         3538.32 
       0.188953         3748.81         3204.64 
       0.204907         3517.02         2796.21 
       0.220756         3088.45         2383.53 
        0.23588         2798.57         2116.84 
         0.2514         2472.25         1931.75 
       0.267535         2489.75         1730.54 
       0.283568         2259.83         1529.11 
       0.299022         2162.46         1381.27 
       0.314451         2057.95         1269.63 
       0.330372         1877.36         1159.06 
       0.346141         1868.06         1051.75 
       0.361624         1797.35         963.311 
       0.377134          1685.5         891.247 
       0.392932         1615.73         823.822 
       0.408854          1589.1         759.092 
       0.424564          1463.1         702.534 
       0.440253         1431.89         654.018 
       0.455999          1422.6         609.901 
       0.471626         1362.46         568.882 
        0.48727         1316.23         531.537 
       0.502856          1255.4         498.346 
       0.518488         1271.19         468.053 
       0.534347         1185.85         439.563 
       0.550082          1176.8         413.511 
       0.565732         1152.12         389.906 
       0.581496         1108.04         368.076 
       0.597222          1073.7         347.888 
       0.612804         1060.54          329.33 
       0.628434         1030.61         312.113 
       0.644267         1004.66         295.988 
       0.660051         985.919         281.058 
       0.675724         974.617         267.248 
       0.691403          949.48          254.36 
       0.707174         914.668         242.254 
       0.722871         888.566         230.989 
        0.73838         876.896         220.564 
       0.754018         860.378         210.707 
       0.769845         845.263         201.348 
        0.78569         833.504         192.553 
       0.801365          807.46         184.373 
       0.817031         794.198         176.678 
       0.832809         779.667         169.378 
       0.848511         764.593         162.526 
       0.864097         739.807         156.105 
       0.879701         725.652         150.027 
       0.895507          722.24         144.204 
       0.911279         711.876         138.704 
        0.92691         692.794          133.54 
       0.942635         672.937         128.613 
       0.958396         663.634         123.925 
       0.974128         653.607         119.482 
       0.989692         643.416         115.303 
        1.00528         620.962         111.319 
        1.02113         620.847         107.462 
        1.03692         606.336         103.804 
        1.05264          595.23         100.334 
        1.06832         582.159         97.0299 
        1.08405           571.8         93.8667 
        1.09979         561.288         90.8438 
        1.11537         553.068          87.985 
        1.13105         544.734         85.2331 
        1.14679         532.665         82.5893 
        1.16256         522.696         80.0533 
        1.17828         516.252         77.6329 
        1.19395         505.936         75.3216 
         1.2097         492.207         73.0933 
        1.22537         485.547         70.9665 
          1.241         476.436         68.9315 
        1.25666         474.089         66.9718 
        1.27241         462.014         65.0796 
        1.28819         449.234         63.2579 
        1.30392         446.282         61.5117 
        1.31957         435.025         59.8397 
        1.33529         430.038         58.2242 
        1.35108         421.185         56.6623 
        1.36674         413.544         55.1694 
         1.3824         408.531         53.7319 
        1.39811         398.678         52.3413 
        1.41389         395.526         50.9949 
        1.42964         390.135         49.6984 
        1.44531         385.419         48.4537 
        1.46101         376.812         47.2492 
        1.47667          367.83         46.0896 
        1.49229         365.127         44.9722 
        1.50793         354.128         43.8909 
        1.52367         353.446         42.8384 
        1.53953         343.137         41.8135 
        1.55526         341.782         40.8306 
        1.57092         338.131         39.8836 
        1.58662         330.422         38.9645 
        1.60235         325.666         38.0728 
        1.61809         320.842         37.2087 
        1.63369         314.028         36.3793 
        1.64941         308.386         35.5694 
        1.66519         305.076         34.7813 
        1.68085          301.12         34.0229 
        1.69652         297.543         33.2871 
        1.71228         290.321         32.5689 
        1.72806         287.113         31.8715 
        1.74368         281.278         31.2016 
        1.75933         278.393         30.5498 
        1.77505         273.507         29.9136 
        1.79081         269.308         29.2945 
         1.8065         264.672         28.6957 
        1.82218         261.733         28.1143 
        1.83797         258.424         27.5451 
        1.85367         253.565         26.9948 
        1.86928          249.16          26.463 
        1.88497          246.75         25.9427 
        1.90073         242.302         25.4345 
        1.91647         238.819         24.9405 
        1.93218         234.992         24.4607 
        1.94787         231.726         23.9943 
        1.96363         228.915         23.5383 
        1.97935         224.304         23.0951 
        1.99499         221.454          22.666 
        2.01064         218.533         22.2471 
         2.0264         214.922         21.8363 
        2.04216          213.51         21.4361 
        2.05781         210.343         21.0485 
        2.07353         206.383         20.6691 
        2.08928         203.311         20.2983 
        2.10499         200.441         19.9377 
        2.12065         197.695         19.5869 
        2.13633         195.573         19.2444 
        2.15211         192.907         18.9078 
        2.16785         190.785         18.5803 
        2.18349         187.764         18.2626 
        2.19916         184.064         17.9517 
        2.21489         183.734         17.6471 
        2.23063         180.185         17.3493 
         2.2463         177.375         17.0599 
        2.26194         174.793         16.7777 
        2.27765         171.806         16.5005 
        2.29341         169.907         16.2289 
        2.30914         167.432          15.964 
        2.32486         166.388         15.7052 
        2.34061         162.751         15.4517 
        2.35635         162.497         15.2041 
        2.37203         158.693         14.9628 
        2.38768         156.321         14.7272 
        2.40339         155.383         14.4959 
        2.41914         153.248          14.269 
        2.43483         151.025         14.0478 
         2.4505         149.012         13.8317 
        2.46622         147.718         13.6194 
        2.48195         145.481         13.4116 
        2.49759         144.157         13.2093 
        2.51328         141.673         13.0106 
        2.52906          140.14         12.8147 
        2.54479          138.82         12.6237 
        2.56049         137.059         12.4369 
        2.57618          135.34         12.2541 
        2.59189         133.535         12.0747 
        2.60758         131.443         11.8991 
        2.62325         130.083         11.7273 
        2.63898         128.485         11.5583 
        2.65468         127.252          11.393 
        2.67044         126.227         11.2303 
        2.68618         124.388         11.0711 
        2.70184         122.615         10.9157 
        2.71755         121.122         10.7628 
        2.73329         119.293         10.6127 
        2.74897         118.473         10.4659 
        2.76462         117.153         10.3222 
        2.78034         115.436         10.1807 
        2.79607         114.265         10.0417 
        2.81179         113.105         9.90539 
        2.82749         111.657         9.77181 
        2.84321         109.905         9.64056 
        2.85893          108.59         9.51177 
        2.87462         107.582         9.38556 
        2.89033          106.06         9.26154 
        2.90605         105.509         9.13965 
        2.92176         103.618         9.02003 
        2.93747         103.022         8.90263 
        2.95318         101.818         8.78729 
        2.96891         100.517         8.67395 
        2.98456         99.1663         8.56313 
        3.00023          98.513         8.45408 
        3.01596         97.2587          8.3466 
        3.03164         96.3088          8.2413 
        3.04738         95.0063         8.13752 
         3.0631         93.9257         8.03557 
        3.07883         92.9673         7.93537 
        3.09456         91.6366          7.8369 
        3.11026         91.3574         7.74025 
        3.12596         89.7855         7.64525 
        3.14163         88.9316         7.55208 
        3.15734         88.2234         7.46024 
        3.17308         87.1777         7.36971 
        3.18879         86.0317         7.28095 
        3.20447         85.1639         7.19377 
         3.2202         84.1946         7.10776 
         3.2359         83.4264         7.02331 
        3.25157          82.433         6.94045 
        3.26729         81.6552         6.85867 
        3.28304          80.789         6.77805 
        3.29877         80.0832         6.69884 
        3.31446         78.9212         6.62108 
        3.33014         78.4792         6.54462 
        3.34585         77.3242         6.46925 
        3.36158         76.5185         6.39497 
        3.37727         75.6845         6.32208 
        3.39294         74.9122         6.25041 
        3.40867         74.1078         6.17959 
        3.42439         73.3702         6.10991 
        3.44008         72.4668         6.04144 
        3.45578         71.9412         5.97398 
        3.47153         71.2641          5.9074 
        3.48724         70.3722         5.84196 
        3.50292         69.8483         5.77766 
        3.51859         69.0677         5.71437 
        3.53431         68.3159         5.65183 
        3.55007         67.7925         5.59007 
        3.56577         67.1139         5.52949 
        3.58146         66.6474         5.46983 
        3.59719         65.6752         5.41092 
        3.61292         64.9995          5.3529 
        3.62859         64.4189         5.29595 
        3.64429          63.796         5.23972 
        3.66003         63.0063         5.18414 
        3.67578         62.4687         5.12939 
        3.69146         62.0038         5.07564 
        3.70712         61.3734         5.02276 
        3.72284         60.7559         4.97044 
        3.73853         60.1332         4.91896 
        3.75422         59.5413         4.86819 
        3.76993         59.0971          4.8181 
        3.78564          58.325         4.76873 
        3.80137         57.8375         4.71998 
        3.81707         57.3835         4.67201 
        3.83279         56.7221         4.62467 
        3.84853         56.3126         4.57792 
        3.86424         55.7953          4.5319 
        3.87992         55.2877         4.48659 
        3.89561         54.7491          4.4419 
        3.91134          54.049         4.39772 
        3.92704         53.6857          4.3542 
        3.94273         53.1998         4.31132 
        3.95845          52.629         4.26893 
        3.97418         51.9243         4.22711 
        3.98988         51.6667          4.1859 
        4.00554         51.2258         4.14536 
        4.02125         50.6967         4.10524 
        4.03698         50.3366          4.0656 
        4.05268         49.7759         4.02656 
        4.06839         49.4182         3.98802 
         4.0841         48.8822         3.94999 
        4.09983         48.4127          3.9124 
        4.11555         47.9321         3.87532 
        4.13124         47.5985         3.83883 
        4.14693         47.1927         3.80277 
        4.16266         46.6705          3.7671 
        4.17839         46.3428         3.73191 
        4.19408         45.8616         3.69724 
        4.20977         45.4329         3.66301 
        4.22551         45.0622         3.62912 
        4.24123         44.6334         3.59571 
        4.25691         44.2106          3.5628 
        4.27259         43.8366          3.5303 
        4.28831         43.5248         3.49814 
        4.30404         42.9964         3.46635 
        4.31974         42.8072         3.43502 
        4.33543         42.2786          3.4041 
        4.35116         41.9387         3.37349 
        4.36688          41.635         3.34327 
        4.38255         41.2503         3.31353 
        4.39825         40.8707         3.28409 
        4.41398         40.4672         3.25495 
         4.4297         40.2116          3.2262 
        4.44541         39.7626          3.1978 
        4.46111         39.4216         3.16977 
        4.47683         38.9554         3.14205 
        4.49251         38.8658         3.11472 
        4.50819         38.3735         3.08772 
         4.5239         38.0874         3.06101 
        4.53962         37.7344         3.03458 
        4.55535          37.524         3.00845 
        4.57106         37.3058         2.98266 
        4.58678         36.8922         2.95717 
         4.6025         36.4988         2.93198 
        4.61821         36.1833         2.90709 
        4.63391         35.9525         2.88251 
         4.6496         35.4877         2.85823 
        4.66532         35.2835          2.8342 
        4.68103         35.0441         2.81045 
        4.69673         34.7205           2.787 
        4.71241          34.437         2.76384 
        4.72811         34.1331          2.7409 
        4.74384         33.8725          2.7182 
        4.75955         33.6302         2.69579 
        4.77525         33.3525         2.67365 
        4.79096         33.0919         2.65172 
        4.80669         32.8632         2.63004 
         4.8224          32.524         2.60862 
        4.83809         32.2812         2.58746 
        4.85379         31.9694         2.56653 
         4.8695         31.7122         2.54581 
        4.88521         31.4351         2.52533 
        4.90093         31.1218         2.50507 
        4.91663         30.9638         2.48506 
        4.93234         30.6572         2.46524 
        4.94807         30.3854         2.44562 
        4.96377          30.133         2.42626 
        4.97943         29.8886         2.40715 
        4.99514         29.6651         2.38819 
        5.01086         29.5211         2.36943 
        5.02654         29.2554         2.35091 
        5.04227         29.0629         2.33254 
          5.058         28.7308         2.31436 
        5.07371         28.5393          2.2964 
        5.08942         28.3446         2.27864 
        5.10513         28.0618         2.26106 
        5.12084         27.8942         2.24366 
        5.13656          27.719         2.22645 
        5.15225         27.4802         2.20944 
        5.16796         27.2129         2.19259 
        5.18369         26.9872          2.1759 
         5.1994         26.8633         2.15941 
        5.21509         26.5966         2.14311 
        5.23079         26.3787         2.12696 
        5.24649         26.1442         2.11099 
        5.26217         25.9794         2.09519 
        5.27788          25.786         2.07954 
        5.29359         25.5817         2.06404 
        5.30933         25.4091         2.04868 
        5.32504         25.1369          2.0335 
        5.34073         24.9884         2.01849 
        5.35646         24.8184          2.0036 
        5.37218         24.5447         1.98886 
        5.38789         24.4091         1.97429 
        5.40357         24.2266         1.95989 
        5.41929         24.0469          1.9456 
        5.43502          23.857         1.93145 
         5.4507         23.7026         1.91747 
        5.46639         23.5096         1.90363 
        5.48212         23.3417          1.8899 
        5.49786         23.1619         1.87628 
        5.51353         23.0064         1.86287 
        5.52921         22.7564         1.84957 
        5.54495         22.6675         1.83637 
        5.56066         22.4899         1.82331 
        5.57637          22.323         1.81038 
        5.59207         22.1538         1.79759 
        5.60778         21.9522         1.78491 
        5.62346         21.8071         1.77238 
        5.63916         21.6767         1.75995 
        5.65487         21.4667         1.74764 
         5.6706         21.2542         1.73543 
        5.68633         21.1407         1.72333 
        5.70203         20.9775         1.71138 
        5.71773         20.8686         1.69954 
        5.73344         20.7404          1.6878 
        5.74916         20.5704         1.67617 
        5.76486         20.4296         1.66466 
        5.78054         20.2606         1.65328 
        5.79626         20.0901         1.64197 
          5.812         19.9382         1.63076 
         5.8277         19.7757         1.61969 
        5.84339         19.6858         1.60872 
        5.85911         19.5253         1.59782 
        5.87484          19.406         1.58704 
        5.89053         19.2772         1.57637 
        5.90623         19.1422          1.5658 
        5.92195         18.9631          1.5553 
        5.93767         18.8508         1.54491 
        5.95336         18.7042         1.53463 
        5.96905         18.5589         1.52445 
        5.98476          18.455         1.51435 
        6.00048         18.3368         1.50433 
        6.01617         18.2027         1.49442 
        6.03185          18.075         1.48461 
        6.04756         17.9164         1.47487 
        6.06331         17.8081         1.46519 
        6.07903         17.6445         1.45562 
        6.09473         17.5461         1.44615 
        6.11044         17.3886         1.43675 
        6.12616         17.3052         1.42743 
        6.14186         17.1667         1.41821 
        6.15755         17.0454         1.40907 
        6.17326         16.9291             1.4 
        6.18898         16.8244         1.39101 
        6.20467         16.7108         1.38212 
        6.22036         16.5779          1.3733 
         6.2361          16.463         1.36454 
         6.2518         16.3425         1.35587 
        6.26748         16.2299         1.34729 
        6.28319         16.1115         1.33876 
        6.29893         16.0254          1.3303 
        6.31463         15.8848         1.32193 
        6.33033         15.7896         1.31363 
        6.34604         15.7042          1.3054 
        6.36177         15.5877         1.29723 
        6.37747         15.4886         1.28915 
        6.39316         15.3682         1.28114 
        6.40888         15.2341         1.27318 
         6.4246         15.1488         1.26529 
        6.44031         15.0391         1.25747 
        6.45601         14.9822         1.24973 
        6.47172         14.8478         1.24204 
        6.48744          14.739         1.23442 
        6.50313         14.6558         1.22687 
        6.51882         14.5548         1.21939 
        6.53452         14.4637         1.21196 
        6.55025          14.369         1.20459 
        6.56597         14.2449         1.19728 
        6.58166         14.1536         1.19004 
        6.59736         14.0415         1.18286 
        6.61307         13.9786         1.17574 
         6.6288         13.9066         1.16866 
         6.6445          13.799         1.16166 
         6.6602         13.6889         1.15471 
        6.67592         13.6117         1.14782 
        6.69164         13.4977         1.14098 
        6.70735         13.4343          1.1342 
        6.72304         13.3342         1.12748 
        6.73874         13.2424         1.12082 
        6.75446         13.1678          1.1142 
        6.77016         13.0667         1.10764 
        6.78585         12.9919         1.10114 
        6.80156         12.8954         1.09468 
        6.81729         12.8138         1.08827 
        6.83301         12.7372         1.08191 
         6.8487         12.6667         1.07562 
         6.8644         12.5679         1.06937 
        6.88012         12.4917         1.06317 
        6.89583         12.4087         1.05702 
        6.91151         12.3426         1.05092 
        6.92723         12.2523         1.04486 
        6.94296         12.1826         1.03885 
        6.95866         12.1078          1.0329 
        6.97436         12.0315         1.02699 
        6.99007         11.9547         1.02112 
        7.00578         11.8761          1.0153 
        7.02147         11.7983         1.00954 
        7.03718          11.718         1.00381 
         7.0529         11.6429         0.99812 
        7.06863         11.5631        0.992473 
        7.08433         11.4861        0.986878 
        7.10004         11.4348        0.981327 
        7.11575         11.3557        0.975818 
        7.13145         11.2816        0.970353 
        7.14715         11.2116        0.964931 
        7.16284         11.1447        0.959556 
        7.17855         11.0766        0.954212 
        7.19428         11.0047        0.948903 
        7.20998         10.9327        0.943645 
        7.22568         10.8588        0.938427 
        7.24139         10.8033        0.933246 
        7.25711         10.7517        0.928103 
        7.27282         10.6593        0.922998 
        7.28852         10.5963        0.917939 
        7.30423         10.5169        0.912911 
        7.31995         10.4716        0.907922 
        7.33565         10.4065        0.902973 
        7.35135         10.3261        0.898061 
        7.36706         10.2856        0.893186 
        7.38277          10.207        0.888344 
        7.39847         10.1586        0.883541 
        7.41419         10.0887        0.878771 
         7.4299         10.0195        0.874036 
        7.44561         9.95171        0.869338 
        7.46132         9.90179        0.864674 
        7.47701         9.83675         0.86005 
        7.49272         9.75656        0.855455 
        7.50842         9.72175        0.850895 
         7.5241         9.64231        0.846375 
        7.53981         9.59355        0.841881 
        7.55552         9.54783        0.837418 
        7.57125          9.4869        0.832983 
        7.58698         9.42566        0.828579 
        7.60268         9.36063        0.824216 
         7.6184         9.30502        0.819881 
        7.63411         9.24647        0.815577 
        7.64981         9.19757        0.811307 
        7.66552         9.14447        0.807068 
        7.68123         9.09102        0.802857 
        7.69695         9.02587        0.798674 
        7.71264         8.97306        0.794528 
        7.72834         8.92986         0.79041 
        7.74407         8.86371        0.786314 
        7.75978         8.81068        0.782249 
        7.77546         8.78194        0.778223 
        7.79116         8.72769        0.774221 
         7.8069         8.67494        0.770238 
         7.8226         8.62355         0.76629 
        7.83828          8.5668        0.762377 
        7.85399         8.51417        0.758485 
        7.86972         8.46346        0.754613 
        7.88543         8.41278        0.750775 
        7.90111         8.35993         0.74697 
        7.91681         8.31024        0.743186 
        7.93255          8.2725        0.739421 
        7.94828         8.22601        0.735683 
        7.96397          8.1638        0.731979 
        7.97967         8.11551          0.7283 
        7.99538          8.0863        0.724644 
         8.0111         8.02671        0.721012 
         8.0268         7.98072        0.717408 
        8.04248         7.93651        0.713833 
         8.0582         7.89297        0.710275 
        8.07393         7.83346        0.706738 
        8.08963         7.80869        0.703232 
        8.10533         7.75741         0.69975 
        8.12104          7.7147         0.69629 
        8.13675         7.66168        0.692852 
        8.15245         7.61745        0.689441 
        8.16815         7.56953        0.686053 
        8.18387         7.53632        0.682683 
        8.19959         7.49693        0.679336 
         8.2153         7.44708        0.676013 
        8.23101         7.40826        0.672713 
        8.24672         7.36485        0.669435 
        8.26241         7.32344        0.666184 
         8.2781         7.28137        0.662954 
        8.29381         7.23647        0.659741 
        8.30952         7.20588         0.65655 
        8.32524         7.16256        0.653377 
        8.34095         7.11248        0.650228 
        8.35666         7.08713          0.6471 
        8.37237           7.043        0.643992 
        8.38808         7.00753        0.640905 
        8.40379         6.96086        0.637838 
         8.4195         6.92405        0.634793 
         8.4352         6.88582        0.631767 
        8.45091         6.84228        0.628761 
        8.46662         6.81384        0.625774 
        8.48232         6.76793        0.622808 
        8.49802         6.74265        0.619862 
        8.51374         6.69217        0.616931 
        8.52945         6.66966        0.614021 
        8.54515         6.62586        0.611132 
        8.56086         6.58381        0.608258 
        8.57658         6.55007        0.605403 
        8.59228         6.51361        0.602569 
        8.60799         6.48214        0.599751 
        8.62371         6.44655        0.596951 
        8.63942         6.41374         0.59417 
        8.65512         6.37471        0.591408 
        8.67082          6.3358        0.588663 
        8.68653         6.30628        0.585935 
        8.70224         6.27785        0.583223 
        8.71795         6.24955        0.580531 
        8.73365          6.2127        0.577855 
        8.74936         6.18301        0.575195 
        8.76506         6.13912        0.572555 
        8.78076         6.10821         0.56993 
        8.79646         6.07642        0.567322 
        8.81218         6.03453        0.564728 
        8.82791         6.01208        0.562147 
         8.8436         5.98447        0.559588 
         8.8593         5.95099        0.557046 
        8.87503           5.915        0.554513 
        8.89076         5.88622        0.551998 
        8.90644         5.85539        0.549504 
        8.92214         5.82385        0.547025 
        8.93786         5.79178        0.544557 
        8.95357         5.76203        0.542105 
        8.96928         5.72992        0.539669 
        8.98498         5.70265         0.53725 
        9.00069         5.66877        0.534844 
        9.01639         5.64596        0.532453 
        9.03208         5.62315        0.530079 
        9.04778         5.58372        0.527718 
        9.06351         5.55553        0.525368 
        9.07923         5.53264        0.523034 
        9.09493         5.49773        0.520716 
        9.11062         5.47425        0.518413 
        9.12635         5.44553        0.516121 
        9.14207         5.41728        0.513842 
        9.15777         5.39088         0.51158 
        9.17346         5.36268        0.509333 
        9.18917          5.3336        0.507097 
         9.2049         5.30731        0.504872 
        9.22061         5.28055        0.502663 
        9.23631         5.25455        0.500469 
        9.25201         5.22479        0.498287 
        9.26773         5.20411        0.496117 
        9.28343         5.17845        0.493961 
        9.29913         5.14961        0.491819 
        9.31484         5.12675        0.489688 
        9.33057         5.09408        0.487567 
        9.34627         5.07556        0.485461 
        9.36197         5.04614         0.48337 
        9.37768         5.02904        0.481289 
        9.39338           4.997        0.479221 
        9.40909          4.9743        0.477166 
        9.42479         4.94828        0.475123 
         9.4405          4.9279        0.473091 
        9.45621         4.90186        0.471071 
        9.47193         4.87992        0.469063 
        9.48763         4.85642        0.467068 
        9.50334          4.8352        0.465083 
        9.51906         4.80592         0.46311 
        9.53476         4.77953        0.461151 
        9.55045         4.76192        0.459202 
        9.56616         4.73924        0.457264 
        9.58188         4.71647        0.455335 
        9.59759         4.69143        0.453418 
         9.6133         4.66627        0.451512 
        9.62901         4.65112        0.449616 
        9.64471         4.62737        0.447731 
        9.66041         4.60339        0.445857 
        9.67612           4.587        0.443991 
        9.69184         4.57004        0.442136 
        9.70754         4.53675        0.440293 
        9.72324         4.52396        0.438462 
        9.73895         4.49995        0.436641 
        9.75467         4.47706        0.434831 
        9.77038         4.46054        0.433033 
        9.78607         4.43653        0.431249 
        9.80177         4.41909        0.429476 
        9.81749         4.39216        0.427713 
         9.8332          4.3788        0.425964 
         9.8489         4.35546        0.424227 
        9.86463         4.33673        0.422498 
        9.88035         4.31981        0.420778 
        9.89606         4.29626        0.419068 
        9.91175         4.28274        0.417366 
        9.92745         4.25648         0.41567 
        9.94317         4.24262        0.413978 
        9.95888         4.22223        0.412289 
        9.97458         4.20358        0.410604 
        9.99029         4.18208         0.40892 
         10.006         4.16703         0.40788 
        10.0217         4.14733         0.40788 
        10.0374         4.12637         0.40788 
        10.0531         4.11409         0.40788 
        10.0688         4.09391         0.40788 
        10.0845         4.07479         0.40788 
        10.1002         4.05805         0.40788 
        10.1159         4.03687         0.40788 
        10.1317         4.02271         0.40788 
        10.1474         4.00452         0.40788 
        10.1631          3.9871         0.40788 
        10.1788          3.9708         0.40788 
        10.1945         3.95761         0.40788 
        10.2102         3.93582         0.40788 
        10.2259         3.92182         0.40788 
        10.2416         3.90015         0.40788 
        10.2573         3.88632         0.40788 
         10.273         3.87256         0.40788 
        10.2887         3.85799         0.40788 
        10.3044         3.83807         0.40788 
        10.3201         3.82283         0.40788 
        10.3359         3.80845         0.40788 
        10.3516         3.79554         0.40788 
        10.3673         3.77758         0.40788 
         10.383         3.76589         0.40788 
        10.3987         3.74874         0.40788 
        10.4144         3.73144         0.40788 
        10.4301         3.71593         0.40788 
        10.4458         3.70088         0.40788 
        10.4615         3.68606         0.40788 
        10.4772         3.67377         0.40788 
        10.4929         3.66011         0.40788 
        10.5086         3.64598         0.40788 
        10.5244         3.63265         0.40788 
        10.5401         3.62009         0.40788 
        10.5558         3.60422         0.40788 
        10.5715         3.59009         0.40788 
        10.5872         3.57166         0.40788 
        10.6029         3.56199         0.40788 
        10.6186          3.5493         0.40788 
        10.6343         3.53587         0.40788 
          10.65         3.51966         0.40788 
        10.6657         3.51237         0.40788 
        10.6814         3.49492         0.40788 
        10.6971          3.4847         0.40788 
        10.7129         3.46992         0.40788 
        10.7286         3.45827         0.40788 
        10.7443         3.44545         0.40788 
          10.76         3.43109         0.40788 
        10.7757         3.41876         0.40788 
        10.7914         3.40808         0.40788 
        10.8071          3.3972         0.40788 
        10.8228         3.38563         0.40788 
        10.8385         3.37239         0.40788 
        10.8542         3.36078         0.40788 
        10.8699         3.34707         0.40788 
        10.8856         3.33965         0.40788 
        10.9014         3.32779         0.40788 
        10.9171         3.31516         0.40788 
        10.9328         3.30455         0.40788 
        10.9485          3.2954         0.40788 
        10.9642         3.28326         0.40788 
        10.9799         3.27279         0.40788 
        10.9956         3.25927         0.40788 
        11.0113         3.25366         0.40788 
         11.027         3.24135         0.40788 
        11.0427         3.23062         0.40788 
        11.0584         3.21851         0.40788 
        11.0741         3.20954         0.40788 
        11.0898          3.2019         0.40788 
        11.1055         3.19064         0.40788 
        11.1212         3.18083         0.40788 
         11.137         3.17502         0.40788 
        11.1527         3.16452         0.40788 
        11.1684         3.15355         0.40788 
        11.1841         3.14486         0.40788 
        11.1998         3.13558         0.40788 
        11.2155          3.1283         0.40788 
        11.2312         3.11645         0.40788 
        11.2469         3.11053         0.40788 
        11.2626         3.10096         0.40788 
        11.2783         3.09561         0.40788 
         11.294         3.08332         0.40788 
        11.3097         3.07505         0.40788 
        11.3254         3.06765         0.40788 
        11.3412         3.06034         0.40788 
        11.3569         3.04952         0.40788 
        11.3726          3.0433         0.40788 
        11.3883         3.03232         0.40788 
         11.404         3.02899         0.40788 
        11.4197         3.01959         0.40788 
        11.4354         3.01317         0.40788 
        11.4511         3.00433         0.40788 
        11.4668          2.9986         0.40788 
        11.4825         2.99386         0.40788 
        11.4982         2.98518         0.40788 
         11.514         2.97617         0.40788 
        11.5297         2.97252         0.40788 
        11.5454          2.9652         0.40788 
        11.5611         2.95915         0.40788 
        11.5768         2.95215         0.40788 
        11.5925          2.9466         0.40788 
        11.6082         2.94005         0.40788 
        11.6239         2.93371         0.40788 
        11.6396         2.92813         0.40788 
        11.6553         2.92532         0.40788 
         11.671         2.91883         0.40788 
        11.6867         2.91287         0.40788 
        11.7024         2.90819         0.40788 
        11.7182         2.90217         0.40788 
        11.7339         2.89804         0.40788 
        11.7496         2.89229         0.40788 
        11.7653         2.88641         0.40788 
         11.781         2.88151         0.40788 
        11.7967         2.87636         0.40788 
        11.8124         2.87141         0.40788 
        11.8281         2.86614         0.40788 
        11.8438         2.86315         0.40788 
        11.8595         2.86064         0.40788 
        11.8752          2.8551         0.40788 
         11.891         2.85157         0.40788 
        11.9067         2.84591         0.40788 
        11.9224         2.84532         0.40788 
        11.9381         2.83869         0.40788 
        11.9538         2.83562         0.40788 
        11.9695         2.83425         0.40788 
        11.9852         2.83194         0.40788 
        12.0009         2.82718         0.40788 
        12.0166         2.82621         0.40788 
        12.0323         2.82219         0.40788 
         12.048         2.82122         0.40788 
        12.0637         2.81668         0.40788 
