# k  (h/Mpc)    Pcb(k)  (Mpc/h)^3    Pcb_linear(k) (Mpc/h)^3   ShotnoiseSubtracted = true
      0.0200456         157.151         159.218 
      0.0350414         103.189         101.992 
      0.0492313         68.6375         68.1727 
      0.0637834         56.5202         56.6553 
      0.0800726         44.8095         45.1795 
       0.096163         31.2072         30.8478 
       0.111083         23.8792         23.5345 
       0.126058         21.2425         21.3183 
       0.142273         18.2547         18.4044 
       0.158546          14.066         14.0114 
        0.17375         11.5165          11.405 
       0.188953         10.4554         10.4499 
       0.204907          9.3281         9.44497 
       0.220756         7.87641         7.87261 
        0.23588         6.68457         6.66813 
         0.2514         6.05979         6.05382 
       0.267535         5.55692         5.56436 
       0.283568         4.89495         4.89442 
       0.299022         4.29992         4.29037 
       0.314451         3.93448         3.89924 
       0.330372         3.61037         3.60388 
       0.346141         3.28459         3.27846 
       0.361624         2.96074         2.95677 
       0.377134         2.70225          2.7038 
       0.392932         2.53596         2.50636 
       0.408854          2.3146         2.31612 
       0.424564         2.14924         2.12888 
       0.440253         1.97284         1.96526 
       0.455999         1.82522         1.82961 
       0.471626         1.70316          1.7083 
        0.48727         1.60145         1.59137 
       0.502856         1.49668         1.48429 
       0.518488         1.38599         1.39016 
       0.534347         1.29496         1.30454 
       0.550082           1.229         1.22524 
       0.565732         1.16403         1.15165 
       0.581496          1.0878         1.08436 
       0.597222         1.02561         1.02337 
       0.612804        0.968121        0.967438 
       0.628434        0.915491        0.915079 
       0.644267        0.869321        0.865918 
       0.660051        0.824385        0.820835 
       0.675724        0.778501        0.779353 
       0.691403        0.740132        0.740693 
       0.707174        0.703847        0.704426 
       0.722871        0.678002        0.670721 
        0.73838        0.637771        0.639576 
       0.754018        0.607939        0.610169 
       0.769845        0.577156         0.58229 
        0.78569        0.555503        0.556128 
       0.801365        0.532302        0.531834 
       0.817031        0.509558        0.509016 
       0.832809        0.485577        0.487401 
       0.848511        0.466024         0.46715 
       0.864097        0.448712        0.448199 
       0.879701        0.432506         0.43029 
       0.895507        0.410465        0.413157 
       0.911279        0.396663           0.397 
        0.92691         0.38365        0.381847 
       0.942635        0.365348        0.367408 
       0.958396        0.352913        0.353691 
       0.974128        0.340052        0.340704 
       0.989692        0.327594        0.328502 
        1.00528        0.314094        0.316883 
        1.02113        0.305794        0.305648 
        1.03692        0.295594        0.295002 
        1.05264        0.283572        0.284915 
        1.06832        0.274419        0.275319 
        1.08405        0.264153        0.266141 
        1.09979        0.256303        0.257378 
        1.11537        0.246441        0.249099 
        1.13105        0.237895        0.241137 
        1.14679        0.231576        0.233495 
        1.16256        0.224964         0.22617 
        1.17828        0.217992        0.219186 
        1.19395        0.211295        0.212522 
         1.2097        0.204141        0.206102 
        1.22537        0.197303         0.19998 
          1.241         0.19177        0.194127 
        1.25666        0.187021        0.188495 
        1.27241        0.180848        0.183061 
        1.28819        0.175237        0.177833 
        1.30392        0.171084        0.172827 
        1.31957         0.16561        0.168036 
        1.33529        0.161674         0.16341 
        1.35108        0.156313        0.158941 
        1.36674        0.152714        0.154672 
         1.3824        0.148353        0.150565 
        1.39811        0.143628        0.146594 
        1.41389          0.1407        0.142751 
        1.42964        0.136733        0.139054 
        1.44531        0.132877        0.135507 
        1.46101        0.129226        0.132076 
        1.47667        0.126284        0.128775 
        1.49229        0.123061        0.125596 
        1.50793        0.120055        0.122521 
        1.52367        0.116829         0.11953 
        1.53953        0.113606        0.116619 
        1.55526        0.110971        0.113829 
        1.57092        0.108915        0.111142 
        1.58662        0.106055        0.108536 
        1.60235        0.103443        0.106009 
        1.61809        0.100711        0.103561 
        1.63369       0.0983467        0.101213 
        1.64941       0.0961507       0.0989212 
        1.66519       0.0941377       0.0966923 
        1.68085       0.0916396       0.0945483 
        1.69652       0.0897663       0.0924688 
        1.71228       0.0874194       0.0904405 
        1.72806       0.0859243       0.0884716 
        1.74368       0.0837917       0.0865814 
        1.75933       0.0820923       0.0847428 
        1.77505       0.0804314       0.0829492 
        1.79081       0.0783853       0.0812047 
         1.8065       0.0769527       0.0795179 
        1.82218       0.0749032       0.0778808 
        1.83797       0.0733243       0.0762787 
        1.85367       0.0718547       0.0747308 
        1.86928       0.0700578       0.0732352 
        1.88497       0.0687674       0.0717726 
        1.90073       0.0671827       0.0703448 
        1.91647       0.0662706       0.0689572 
        1.93218       0.0651669       0.0676101 
        1.94787       0.0632222       0.0663011 
        1.96363       0.0621114       0.0650218 
        1.97935       0.0608322       0.0637789 
        1.99499       0.0596653       0.0625757 
        2.01064       0.0584115        0.061402 
         2.0264       0.0575191       0.0602511 
        2.04216       0.0562372       0.0591303 
        2.05781       0.0550539       0.0580453 
        2.07353        0.054101       0.0569837 
        2.08928       0.0531634       0.0559465 
        2.10499       0.0520851       0.0549379 
        2.12065       0.0511081       0.0539573 
        2.13633       0.0501629       0.0529999 
        2.15211       0.0493556       0.0520597 
        2.16785       0.0480741       0.0511449 
        2.18349       0.0473905        0.050258 
        2.19916        0.046402       0.0493903 
        2.21489       0.0455504       0.0485403 
        2.23063       0.0449061       0.0477098 
         2.2463       0.0440482       0.0469025 
        2.26194        0.043279        0.046116 
        2.27765        0.042606       0.0453435 
        2.29341        0.041604       0.0445868 
        2.30914        0.040987        0.043849 
        2.32486        0.040205       0.0431284 
        2.34061       0.0395019       0.0424228 
        2.35635       0.0388959       0.0417336 
        2.37203       0.0384706       0.0410622 
        2.38768       0.0378113       0.0404071 
        2.40339       0.0370551       0.0397639 
        2.41914       0.0363601       0.0391332 
        2.43483       0.0358877       0.0385185 
         2.4505       0.0351848       0.0379181 
        2.46622       0.0345688       0.0373284 
        2.48195       0.0339917       0.0367513 
        2.49759       0.0334523       0.0361895 
        2.51328       0.0327687        0.035638 
        2.52906       0.0323875       0.0350946 
        2.54479       0.0318737       0.0345645 
        2.56049       0.0312998       0.0340465 
        2.57618       0.0309088       0.0335396 
        2.59189       0.0302346       0.0330422 
        2.60758       0.0299307       0.0325558 
        2.62325       0.0293169       0.0320797 
        2.63898       0.0289925       0.0316116 
        2.65468       0.0284257       0.0311538 
        2.67044       0.0280112       0.0307031 
        2.68618       0.0275661       0.0302625 
        2.70184       0.0273001       0.0298322 
        2.71755        0.026807       0.0294093 
        2.73329       0.0264245       0.0289939 
        2.74897       0.0260108        0.028588 
        2.76462       0.0255805       0.0281907 
        2.78034       0.0252429       0.0277994 
        2.79607       0.0248754       0.0274151 
        2.81179       0.0244331       0.0270385 
        2.82749       0.0241985       0.0266695 
        2.84321       0.0237777       0.0263069 
        2.85893       0.0234454       0.0259512 
        2.87462       0.0230817       0.0256028 
        2.89033       0.0227761       0.0252604 
        2.90605       0.0224268        0.024924 
        2.92176       0.0221946       0.0245939 
        2.93747       0.0217928         0.02427 
        2.95318       0.0215579       0.0239518 
        2.96891       0.0211935       0.0236392 
        2.98456       0.0208794       0.0233336 
        3.00023       0.0207225        0.023033 
        3.01596       0.0203281       0.0227368 
        3.03164       0.0200907       0.0224466 
        3.04738       0.0198106       0.0221607 
         3.0631       0.0194344       0.0218798 
        3.07883       0.0192927       0.0216038 
        3.09456       0.0190241       0.0213327 
        3.11026       0.0187068       0.0210666 
        3.12596        0.018562       0.0208051 
        3.14163       0.0182863       0.0205486 
        3.15734       0.0180768       0.0202959 
        3.17308       0.0178458       0.0200468 
        3.18879       0.0175814       0.0198026 
        3.20447       0.0173527       0.0195629 
         3.2202       0.0171271       0.0193264 
         3.2359       0.0169408       0.0190942 
        3.25157       0.0166921       0.0188664 
        3.26729       0.0165225       0.0186416 
        3.28304       0.0163469       0.0184201 
        3.29877       0.0161348       0.0182025 
        3.31446       0.0158685       0.0179888 
        3.33014       0.0157546       0.0177788 
        3.34585       0.0155355       0.0175718 
        3.36158       0.0153173       0.0173679 
        3.37727       0.0151205       0.0171678 
        3.39294       0.0149537        0.016971 
        3.40867       0.0148419       0.0167767 
        3.42439       0.0146367       0.0165854 
        3.44008       0.0144877       0.0163976 
        3.45578       0.0143026       0.0162125 
        3.47153       0.0141532       0.0160299 
        3.48724       0.0139812       0.0158504 
        3.50292        0.013883       0.0156741 
        3.51859       0.0137147       0.0155006 
        3.53431       0.0134982       0.0153292 
        3.55007        0.013377       0.0151599 
        3.56577       0.0132438       0.0149939 
        3.58146       0.0131019       0.0148304 
        3.59719       0.0130052        0.014669 
        3.61292       0.0128353       0.0145101 
        3.62859        0.012668       0.0143541 
        3.64429       0.0125615       0.0142002 
        3.66003       0.0124623        0.014048 
        3.67578       0.0123167       0.0138981 
        3.69146       0.0122144       0.0137509 
        3.70712       0.0120741       0.0136062 
        3.72284       0.0119782        0.013463 
        3.73853       0.0118399       0.0133222 
        3.75422       0.0117142       0.0131833 
        3.76993       0.0116285       0.0130462 
        3.78564       0.0115091       0.0129112 
        3.80137       0.0114037       0.0127779 
        3.81707       0.0112798       0.0126467 
        3.83279       0.0111687       0.0125173 
        3.84853       0.0110966       0.0123895 
        3.86424       0.0109931       0.0122637 
        3.87992       0.0109171       0.0121399 
        3.89561        0.010796       0.0120177 
        3.91134       0.0107086        0.011897 
        3.92704       0.0105859       0.0117781 
        3.94273       0.0104945        0.011661 
        3.95845       0.0104019       0.0115452 
        3.97418       0.0103356        0.011431 
        3.98988       0.0101854       0.0113185 
        4.00554       0.0101025       0.0112078 
        4.02125       0.0100024       0.0110983 
        4.03698      0.00985827         0.01099 
        4.05268      0.00973201       0.0108835 
        4.06839      0.00961885       0.0107783 
         4.0841      0.00946413       0.0106745 
        4.09983      0.00934347        0.010572 
        4.11555      0.00922279       0.0104708 
        4.13124      0.00910724       0.0103713 
        4.14693      0.00899113       0.0102729 
        4.16266      0.00889122       0.0101757 
        4.17839      0.00878304       0.0100797 
        4.19408      0.00865352      0.00998519 
        4.20977      0.00855947      0.00989185 
        4.22551      0.00848027      0.00979949 
        4.24123      0.00838563       0.0097084 
        4.25691      0.00832399      0.00961872 
        4.27259      0.00821863      0.00953015 
        4.28831       0.0081563      0.00944252 
        4.30404      0.00806636      0.00935591 
        4.31974      0.00802644      0.00927058 
        4.33543      0.00795545      0.00918636 
        4.35116       0.0078693      0.00910299 
        4.36688       0.0078409      0.00902068 
        4.38255      0.00779845      0.00893971 
        4.39825      0.00775306      0.00885955 
        4.41398      0.00769739      0.00878022 
         4.4297      0.00764467      0.00870195 
        4.44541       0.0075964      0.00862465 
        4.46111      0.00754263      0.00854834 
        4.47683      0.00756346      0.00847291 
        4.49251      0.00751306      0.00839854 
        4.50819      0.00751824      0.00832509 
         4.5239      0.00746867      0.00825241 
        4.53962      0.00746687      0.00818052 
        4.55535       0.0074393      0.00810944 
        4.57106       0.0074473      0.00803931 
        4.58678      0.00743276         0.00797 
         4.6025      0.00743968       0.0079015 
        4.61821      0.00742768      0.00783381 
        4.63391       0.0074394        0.007767 
         4.6496      0.00742757        0.007701 
        4.66532      0.00744118      0.00763567 
        4.68103      0.00746609      0.00757113 
        4.69673      0.00747075      0.00750739 
        4.71241      0.00753353      0.00744445 
        4.72811      0.00752517      0.00738214 
        4.74384      0.00755993      0.00732045 
        4.75955      0.00757436      0.00725957 
        4.77525       0.0076308      0.00719942 
        4.79096       0.0076743      0.00713987 
        4.80669      0.00771916      0.00708098 
         4.8224      0.00773606      0.00702281 
        4.83809       0.0078203      0.00696536 
        4.85379      0.00789412      0.00690852 
         4.8695      0.00792139      0.00685227 
        4.88521      0.00796691      0.00679667 
        4.90093      0.00802382      0.00674169 
        4.91663      0.00813177      0.00668736 
        4.93234      0.00820531      0.00663357 
        4.94807      0.00823783      0.00658034 
        4.96377      0.00835662      0.00652779 
        4.97943      0.00848347      0.00647593 
        4.99514      0.00852231       0.0064245 
        5.01086      0.00863993      0.00637359 
        5.02654      0.00871404      0.00632337 
        5.04227      0.00879502      0.00627354 
          5.058      0.00895602      0.00622422 
        5.07371      0.00900527      0.00617553 
        5.08942      0.00918725      0.00612736 
        5.10513      0.00923855      0.00607969 
        5.12084      0.00935256      0.00603252 
        5.13656      0.00949715      0.00598585 
        5.15225      0.00965347      0.00593975 
        5.16796      0.00982183      0.00589407 
        5.18369      0.00992779      0.00584883 
         5.1994       0.0101014      0.00580415 
        5.21509       0.0102253      0.00575997 
        5.23079       0.0104007       0.0057162 
        5.24649       0.0105756      0.00567293 
        5.26217       0.0106926      0.00563013 
        5.27788       0.0108906      0.00558771 
        5.29359       0.0110648      0.00554573 
        5.30933       0.0112706      0.00550411 
        5.32504       0.0114636      0.00546299 
        5.34073       0.0116627      0.00542234 
        5.35646       0.0119006      0.00538203 
        5.37218       0.0120599      0.00534211 
        5.38789       0.0122416      0.00530267 
        5.40357       0.0124933      0.00526367 
        5.41929       0.0127425      0.00522497 
        5.43502       0.0129791      0.00518666 
         5.4507       0.0132119      0.00514883 
        5.46639       0.0134189      0.00511137 
        5.48212       0.0136777       0.0050742 
        5.49786       0.0140521      0.00503735 
        5.51353       0.0143326      0.00500106 
        5.52921       0.0144955      0.00496508 
        5.54495       0.0148612      0.00492935 
        5.56066        0.015216      0.00489402 
        5.57637       0.0154963      0.00485903 
        5.59207       0.0158505      0.00482442 
        5.60778       0.0161393      0.00479014 
        5.62346       0.0164184      0.00475623 
        5.63916       0.0167878      0.00472263 
        5.65487       0.0171111      0.00468933 
         5.6706       0.0175244      0.00465631 
        5.68633        0.018016       0.0046236 
        5.70203       0.0183494      0.00459127 
        5.71773        0.018726      0.00455926 
        5.73344       0.0190248      0.00452754 
        5.74916        0.019437      0.00449608 
        5.76486       0.0200275      0.00446498 
        5.78054       0.0204179      0.00443421 
        5.79626       0.0207965      0.00440365 
          5.812       0.0213898      0.00437335 
         5.8277       0.0217593      0.00434342 
        5.84339       0.0223383      0.00431377 
        5.85911       0.0229324      0.00428434 
        5.87484       0.0234371      0.00425519 
        5.89053       0.0240281      0.00422638 
        5.90623        0.024623      0.00419781 
        5.92195       0.0251165      0.00416946 
        5.93767       0.0257655      0.00414139 
        5.95336       0.0262799      0.00411363 
        5.96905          0.0271      0.00408613 
        5.98476       0.0273583      0.00405884 
        6.00048       0.0284536      0.00403179 
        6.01617       0.0289489      0.00400503 
        6.03185       0.0295956      0.00397854 
        6.04756       0.0304493      0.00395223 
        6.06331        0.031318       0.0039261 
        6.07903       0.0319694      0.00390027 
        6.09473       0.0330289      0.00387469 
        6.11044       0.0338684      0.00384931 
        6.12616       0.0346243      0.00382417 
        6.14186        0.035332      0.00379928 
        6.15755       0.0361717      0.00377461 
        6.17326       0.0373432      0.00375015 
        6.18898       0.0383117      0.00372588 
        6.20467       0.0394377      0.00370188 
        6.22036       0.0404905      0.00367809 
         6.2361       0.0414116      0.00365445 
         6.2518       0.0426169      0.00363105 
        6.26748       0.0433216      0.00360791 
        6.28319       0.0450438      0.00358491 
        6.29893        0.046184      0.00356209 
        6.31463       0.0475255       0.0035395 
        6.33033       0.0482689      0.00351712 
        6.34604         0.04989      0.00349492 
        6.36177       0.0510872      0.00347289 
        6.37747        0.052755      0.00345109 
        6.39316       0.0540214      0.00342949 
        6.40888       0.0558944      0.00340803 
         6.4246       0.0572547      0.00338676 
        6.44031       0.0586523      0.00336568 
        6.45601        0.060293       0.0033448 
        6.47172         0.06234      0.00332408 
        6.48744        0.064058      0.00330353 
        6.50313       0.0658822      0.00328319 
        6.51882       0.0683464      0.00326302 
        6.53452       0.0702669        0.003243 
        6.55025        0.072049      0.00322312 
        6.56597        0.074053      0.00320343 
        6.58166       0.0761241      0.00318393 
        6.59736       0.0786718      0.00316459 
        6.61307       0.0811585      0.00314538 
         6.6288       0.0834329      0.00312633 
         6.6445       0.0859826      0.00310746 
         6.6602       0.0881194      0.00308874 
        6.67592       0.0913876      0.00307016 
        6.69164       0.0948056      0.00305175 
        6.70735       0.0975571      0.00303348 
        6.72304        0.100458      0.00301539 
        6.73874        0.103664      0.00299744 
        6.75446        0.105992      0.00297961 
        6.77016        0.110354      0.00296195 
        6.78585         0.11364      0.00294444 
        6.80156        0.118582      0.00292707 
        6.81729        0.121768       0.0029098 
        6.83301        0.126391      0.00289268 
         6.8487        0.131322      0.00287573 
         6.8644        0.134186      0.00285891 
        6.88012         0.13915      0.00284221 
        6.89583        0.143712      0.00282565 
        6.91151        0.148157      0.00280925 
        6.92723        0.154085      0.00279295 
        6.94296        0.158229      0.00277676 
        6.95866        0.163936      0.00276073 
        6.97436        0.170726      0.00274483 
        6.99007        0.177599      0.00272905 
        7.00578        0.181381      0.00271339 
        7.02147        0.190417      0.00269787 
        7.03718        0.194669      0.00268246 
         7.0529        0.201624      0.00266715 
        7.06863        0.212313      0.00265196 
        7.08433        0.218022      0.00263691 
        7.10004         0.22604      0.00262198 
        7.11575        0.238786      0.00260716 
        7.13145        0.244727      0.00259246 
        7.14715        0.253204      0.00257787 
        7.16284        0.261986      0.00256342 
        7.17855        0.272626      0.00254904 
        7.19428        0.283697      0.00253476 
        7.20998        0.295542      0.00252062 
        7.22568        0.309236      0.00250659 
        7.24139        0.319599      0.00249266 
        7.25711        0.336809      0.00247883 
        7.27282        0.344926      0.00246511 
        7.28852        0.358044      0.00245151 
        7.30423        0.374941      0.00243799 
        7.31995        0.385216      0.00242458 
        7.33565         0.40272      0.00241127 
        7.35135         0.41465      0.00239807 
        7.36706        0.441679      0.00238496 
        7.38277        0.458981      0.00237195 
        7.39847         0.47994      0.00235904 
        7.41419        0.486455      0.00234622 
         7.4299        0.502743       0.0023335 
        7.44561        0.529602      0.00232087 
        7.46132        0.545873      0.00230834 
        7.47701        0.576985      0.00229591 
        7.49272        0.595206      0.00228357 
        7.50842        0.627459      0.00227131 
         7.5241        0.651044      0.00225917 
        7.53981        0.677876       0.0022471 
        7.55552        0.712763      0.00223511 
        7.57125        0.761937      0.00222319 
        7.58698          0.7521      0.00221136 
        7.60268        0.812073      0.00219964 
         7.6184        0.849474        0.002188 
        7.63411        0.849461      0.00217644 
        7.64981        0.894023      0.00216497 
        7.66552        0.930577      0.00215358 
        7.68123        0.976143      0.00214228 
        7.69695         1.02493      0.00213104 
        7.71264         1.04342      0.00211991 
        7.72834         1.09897      0.00210885 
        7.74407         1.13885      0.00209785 
        7.75978         1.16128      0.00208694 
        7.77546         1.22183      0.00207613 
        7.79116         1.23337      0.00206539 
         7.8069         1.28102      0.00205469 
         7.8226         1.31536      0.00204409 
        7.83828         1.36087      0.00203359 
        7.85399         1.43482      0.00202314 
        7.86972          1.4374      0.00201275 
        7.88543         1.47408      0.00200245 
        7.90111         1.54785      0.00199223 
        7.91681         1.55053      0.00198208 
        7.93255         1.57023      0.00197197 
        7.94828         1.58286      0.00196194 
        7.96397         1.61467        0.001952 
        7.97967          1.6943      0.00194213 
        7.99538         1.69652      0.00193232 
         8.0111         1.69962      0.00192257 
         8.0268         1.66041       0.0019129 
        8.04248         1.63926      0.00190331 
         8.0582         1.63388      0.00189377 
        8.07393         1.65961      0.00188428 
        8.08963         1.59618      0.00187487 
        8.10533         1.55597      0.00186553 
        8.12104         1.54732      0.00185625 
        8.13675          1.5181      0.00184703 
        8.15245         1.47298      0.00183788 
        8.16815         1.45213      0.00182879 
        8.18387         1.39546      0.00181975 
        8.19959         1.34607      0.00181077 
         8.2153         1.34947      0.00180186 
        8.23101         1.31031      0.00179301 
        8.24672         1.27167      0.00178422 
        8.26241         1.20588       0.0017755 
         8.2781         1.17624      0.00176684 
        8.29381          1.1434      0.00175822 
        8.30952         1.12354      0.00174967 
        8.32524         1.09435      0.00174116 
        8.34095         1.05223      0.00173272 
        8.35666         1.02045      0.00172433 
        8.37237        0.996787        0.001716 
        8.38808         0.95049      0.00170772 
        8.40379        0.932318       0.0016995 
         8.4195        0.918271      0.00169134 
         8.4352        0.882002      0.00168323 
        8.45091        0.851608      0.00167517 
        8.46662        0.828637      0.00166716 
        8.48232        0.813954      0.00165921 
        8.49802        0.776488      0.00165132 
        8.51374         0.75439      0.00164346 
        8.52945        0.738617      0.00163566 
        8.54515        0.711907      0.00162792 
        8.56086        0.695506      0.00162022 
        8.57658        0.677734      0.00161257 
        8.59228        0.653682      0.00160497 
        8.60799        0.635479      0.00159742 
        8.62371        0.615558      0.00158992 
        8.63942          0.6045      0.00158247 
        8.65512        0.590436      0.00157507 
        8.67082        0.568648      0.00156771 
        8.68653        0.551606       0.0015604 
        8.70224        0.537757      0.00155314 
        8.71795        0.533782      0.00154593 
        8.73365        0.516158      0.00153876 
        8.74936        0.501418      0.00153163 
        8.76506        0.494213      0.00152456 
        8.78076        0.474823      0.00151753 
        8.79646        0.465405      0.00151054 
        8.81218        0.457907      0.00150359 
        8.82791        0.447298      0.00149668 
         8.8436        0.433931      0.00148983 
         8.8593        0.424257      0.00148302 
        8.87503        0.422718      0.00147624 
        8.89076        0.408739       0.0014695 
        8.90644        0.404162      0.00146282 
        8.92214         0.38978      0.00145618 
        8.93786        0.385883      0.00144957 
        8.95357         0.37564      0.00144301 
        8.96928        0.368875      0.00143649 
        8.98498        0.363778      0.00143001 
        9.00069        0.352694      0.00142357 
        9.01639        0.348011      0.00141716 
        9.03208        0.345143      0.00141081 
        9.04778        0.332416      0.00140449 
        9.06351         0.33326       0.0013982 
        9.07923         0.32635      0.00139195 
        9.09493        0.321855      0.00138574 
        9.11062        0.316313      0.00137958 
        9.12635        0.309009      0.00137344 
        9.14207         0.30672      0.00136734 
        9.15777        0.301494      0.00136129 
        9.17346        0.297698      0.00135527 
        9.18917        0.291637      0.00134929 
         9.2049        0.289572      0.00134333 
        9.22061        0.285933      0.00133742 
        9.23631        0.282175      0.00133155 
        9.25201        0.278103      0.00132571 
        9.26773         0.27391       0.0013199 
        9.28343        0.272455      0.00131413 
        9.29913        0.267711       0.0013084 
        9.31484         0.26613       0.0013027 
        9.33057        0.263659      0.00129702 
        9.34627        0.261343      0.00129139 
        9.36197        0.260653      0.00128579 
        9.37768        0.256034      0.00128022 
        9.39338        0.255904      0.00127469 
        9.40909        0.252026      0.00126919 
        9.42479        0.252292      0.00126373 
         9.4405        0.250149      0.00125829 
        9.45621        0.247306      0.00125289 
        9.47193        0.247088      0.00124751 
        9.48763        0.244983      0.00124218 
        9.50334         0.24674      0.00123687 
        9.51906        0.243471      0.00123159 
        9.53476        0.242914      0.00122635 
        9.55045        0.243514      0.00122114 
        9.56616        0.240587      0.00121595 
        9.58188        0.242527      0.00121079 
        9.59759        0.241625      0.00120567 
         9.6133        0.241306      0.00120057 
        9.62901        0.242574       0.0011955 
        9.64471        0.240368      0.00119046 
        9.66041         0.24318      0.00118544 
        9.67612        0.240828      0.00118045 
        9.69184        0.243707      0.00117549 
        9.70754        0.244527      0.00117057 
        9.72324        0.242852      0.00116567 
        9.73895        0.247399       0.0011608 
        9.75467        0.244567      0.00115596 
        9.77038        0.250415      0.00115115 
        9.78607        0.248214      0.00114638 
        9.80177        0.251291      0.00114164 
        9.81749        0.254268      0.00113693 
         9.8332        0.251891      0.00113225 
         9.8489        0.260861      0.00112761 
        9.86463        0.256591      0.00112299 
        9.88035        0.263909      0.00111839 
        9.89606        0.264803      0.00111382 
        9.91175        0.263339      0.00110927 
        9.92745        0.272073      0.00110474 
        9.94317        0.268905      0.00110021 
        9.95888        0.278858       0.0010957 
        9.97458        0.277243       0.0010912 
        9.99029        0.280021       0.0010867 
         10.006        0.288442      0.00108392 
        10.0217        0.284183      0.00108392 
        10.0374        0.299338      0.00108392 
        10.0531        0.295047      0.00108392 
        10.0688        0.302629      0.00108392 
        10.0845        0.307557      0.00108392 
        10.1002        0.305361      0.00108392 
        10.1159        0.321547      0.00108392 
        10.1317        0.315004      0.00108392 
        10.1474        0.330326      0.00108392 
        10.1631         0.33196      0.00108392 
        10.1788        0.333592      0.00108392 
        10.1945        0.347438      0.00108392 
        10.2102        0.340383      0.00108392 
        10.2259        0.364539      0.00108392 
        10.2416        0.357417      0.00108392 
        10.2573        0.369632      0.00108392 
         10.273        0.381736      0.00108392 
        10.2887        0.370075      0.00108392 
        10.3044        0.405074      0.00108392 
        10.3201         0.38736      0.00108392 
        10.3359        0.409843      0.00108392 
        10.3516         0.41476      0.00108392 
        10.3673           0.414      0.00108392 
         10.383        0.445186      0.00108392 
        10.3987        0.423885      0.00108392 
        10.4144        0.464467      0.00108392 
        10.4301         0.45027      0.00108392 
        10.4458        0.464935      0.00108392 
        10.4615        0.487168      0.00108392 
        10.4772        0.463627      0.00108392 
        10.4929        0.526584      0.00108392 
        10.5086        0.494929      0.00108392 
        10.5244        0.525501      0.00108392 
        10.5401        0.530547      0.00108392 
        10.5558        0.527745      0.00108392 
        10.5715        0.575561      0.00108392 
        10.5872        0.542544      0.00108392 
        10.6029        0.594571      0.00108392 
        10.6186        0.583684      0.00108392 
        10.6343         0.58956      0.00108392 
          10.65        0.630195      0.00108392 
        10.6657        0.593531      0.00108392 
        10.6814        0.672821      0.00108392 
        10.6971        0.633142      0.00108392 
        10.7129        0.673563      0.00108392 
        10.7286        0.682225      0.00108392 
        10.7443        0.657311      0.00108392 
          10.76        0.750007      0.00108392 
        10.7757        0.687743      0.00108392 
        10.7914        0.765154      0.00108392 
        10.8071        0.739413      0.00108392 
        10.8228        0.743132      0.00108392 
        10.8385        0.810628      0.00108392 
        10.8542        0.733497      0.00108392 
        10.8699        0.862439      0.00108392 
        10.8856        0.789347      0.00108392 
        10.9014        0.837546      0.00108392 
        10.9171        0.857296      0.00108392 
        10.9328        0.783684      0.00108392 
        10.9485        0.953875      0.00108392 
        10.9642        0.833904      0.00108392 
        10.9799         0.93355      0.00108392 
        10.9956         0.89716      0.00108392 
        11.0113        0.882463      0.00108392 
         11.027        0.991269      0.00108392 
        11.0427        0.883635      0.00108392 
        11.0584         1.01566      0.00108392 
        11.0741        0.933912      0.00108392 
        11.0898        0.977448      0.00108392 
        11.1055         1.01771      0.00108392 
        11.1212        0.910933      0.00108392 
         11.137         1.10205      0.00108392 
        11.1527        0.963621      0.00108392 
        11.1684         1.06334      0.00108392 
        11.1841         1.03229      0.00108392 
        11.1998        0.973173      0.00108392 
        11.2155          1.1185      0.00108392 
        11.2312        0.969246      0.00108392 
        11.2469         1.12765      0.00108392 
        11.2626         1.02197      0.00108392 
        11.2783         1.04277      0.00108392 
         11.294         1.10117      0.00108392 
        11.3097        0.977604      0.00108392 
        11.3254         1.16475      0.00108392 
        11.3412         1.01644      0.00108392 
        11.3569         1.08635      0.00108392 
        11.3726         1.06398      0.00108392 
        11.3883         0.97782      0.00108392 
         11.404         1.15964      0.00108392 
        11.4197        0.996593      0.00108392 
        11.4354          1.1112      0.00108392 
        11.4511         1.02476      0.00108392 
        11.4668         1.01119      0.00108392 
        11.4825         1.08533      0.00108392 
        11.4982        0.964622      0.00108392 
         11.514         1.09381      0.00108392 
        11.5297        0.980474      0.00108392 
        11.5454         1.01629      0.00108392 
        11.5611         1.02725      0.00108392 
        11.5768         0.92405      0.00108392 
        11.5925         1.06675      0.00108392 
        11.6082        0.935991      0.00108392 
        11.6239         0.99576      0.00108392 
        11.6396        0.958345      0.00108392 
        11.6553        0.914451      0.00108392 
         11.671        0.994366      0.00108392 
        11.6867        0.886984      0.00108392 
        11.7024         0.96645      0.00108392 
        11.7182        0.898079      0.00108392 
        11.7339        0.892025      0.00108392 
        11.7496        0.923051      0.00108392 
        11.7653        0.838872      0.00108392 
         11.781        0.930712      0.00108392 
        11.7967         0.84703      0.00108392 
        11.8124        0.864462      0.00108392 
        11.8281        0.858161      0.00108392 
        11.8438         0.80232      0.00108392 
        11.8595         0.87637      0.00108392 
        11.8752        0.791877      0.00108392 
         11.891        0.835029      0.00108392 
        11.9067         0.79127      0.00108392 
        11.9224        0.782824      0.00108392 
        11.9381        0.801991      0.00108392 
        11.9538        0.742675      0.00108392 
        11.9695        0.792681      0.00108392 
        11.9852        0.743661      0.00108392 
        12.0009        0.743095      0.00108392 
        12.0166        0.749854      0.00108392 
        12.0323        0.699337      0.00108392 
         12.048        0.753505      0.00108392 
        12.0637        0.697405      0.00108392 
