# k  (h/Mpc)    Pcb(k)  (Mpc/h)^3    Pcb_linear(k) (Mpc/h)^3   ShotnoiseSubtracted = true
      0.0200456         7237.66          7325.6 
      0.0350414         4779.86         4640.22 
      0.0492313         3154.79         3152.61 
      0.0637834          2521.2         2582.33 
      0.0800726         1908.12         1958.95 
       0.096163          1396.2         1337.31 
       0.111083         1116.04         1058.91 
       0.126058         945.563         946.975 
       0.142273         782.729         773.494 
       0.158546         618.777         587.614 
        0.17375         535.074         498.831 
       0.188953         490.179         454.893 
       0.204907         408.501         391.887 
       0.220756         357.117         323.071 
        0.23588         314.643         282.499 
         0.2514         281.721         258.096 
       0.267535         265.059         229.511 
       0.283568         228.249         198.816 
       0.299022         213.536          177.29 
       0.314451         206.433          162.55 
       0.330372         178.443         147.607 
       0.346141         163.388         132.337 
       0.361624         152.551         120.015 
       0.377134         139.444         110.522 
       0.392932         134.416         101.683 
       0.408854         125.992         92.9652 
       0.424564         119.396         85.3866 
       0.440253         108.064         79.0844 
       0.455999         99.7444         73.4186 
       0.471626         96.5925         68.0976 
        0.48727         92.5732         63.2548 
       0.502856         84.5679         59.0249 
       0.518488         82.3408         55.2023 
       0.534347         76.9677         51.6069 
       0.550082         74.6731         48.3182 
       0.565732         72.4556         45.3664 
       0.581496         66.3245         42.6579 
       0.597222         64.3669         40.1635 
       0.612804         61.6255         37.8723 
       0.628434         60.2196         35.7583 
       0.644267         56.7483           33.79 
       0.660051         54.8019         31.9746 
       0.675724         53.0039         30.3013 
       0.691403         51.8041         28.7453 
       0.707174         49.7205         27.2889 
       0.722871         48.4954         25.9384 
        0.73838         46.5689          24.693 
       0.754018         43.7962         23.5194 
       0.769845         43.3007         22.4089 
        0.78569         41.8122         21.3687 
       0.801365         40.3878         20.4046 
       0.817031         38.8589         19.5005 
       0.832809         38.0158         18.6454 
       0.848511         37.0124         17.8452 
       0.864097         36.1602         17.0974 
       0.879701         35.2679         16.3917 
       0.895507            33.9         15.7174 
       0.911279         33.0815         15.0823 
        0.92691         32.4167         14.4875 
       0.942635         31.5585         13.9214 
       0.958396         31.1828         13.3842 
       0.974128          30.323         12.8763 
       0.989692         29.2211         12.3996 
        1.00528         28.6894         11.9463 
        1.02113         27.9354         11.5085 
        1.03692          27.639         11.0941 
        1.05264         26.9604          10.702 
        1.06832         26.3315         10.3294 
        1.08405         25.6815         9.97354 
        1.09979         25.4325         9.63413 
        1.11537         24.6101         9.31383 
        1.13105         24.0784         9.00614 
        1.14679         23.6036         8.71111 
        1.16256         23.2701         8.42869 
        1.17828         22.9267         8.15967 
        1.19395          22.266         7.90326 
         1.2097         22.1589         7.65653 
        1.22537         21.5633         7.42149 
          1.241         21.1967         7.19699 
        1.25666         20.7449         6.98119 
        1.27241          20.556         6.77319 
        1.28819         19.9021         6.57329 
        1.30392         19.7939         6.38201 
        1.31957         19.5036         6.19916 
        1.33529         19.1124         6.02278 
        1.35108         18.7869         5.85254 
        1.36674         18.5054         5.69007 
         1.3824         18.1671         5.53389 
        1.39811         17.7767         5.38304 
        1.41389         17.5399          5.2372 
        1.42964         17.4684           5.097 
        1.44531         17.0648         4.96259 
        1.46101         16.8657         4.83272 
        1.47667         16.6041         4.70787 
        1.49229         16.2144         4.58774 
        1.50793         16.1297         4.47165 
        1.52367         15.7971         4.35881 
        1.53953         15.7165          4.2491 
        1.55526          15.385         4.14402 
        1.57092         15.2462         4.04291 
        1.58662         15.0613         3.94492 
        1.60235         14.8377         3.84997 
        1.61809         14.5962         3.75809 
        1.63369         14.4449         3.67001 
        1.64941         14.2097          3.5841 
        1.66519         14.0992         3.50063 
        1.68085          13.763          3.4204 
        1.69652         13.7092         3.34264 
        1.71228         13.5851         3.26685 
        1.72806         13.3011         3.19334 
        1.74368         13.2017         3.12282 
        1.75933         13.0361         3.05427 
        1.77505         12.8804         2.98745 
        1.79081         12.7187         2.92251 
         1.8065         12.5852         2.85976 
        1.82218         12.4574          2.7989 
        1.83797         12.3688         2.73939 
        1.85367         12.2326         2.68193 
        1.86928         12.0951         2.62645 
        1.88497         11.9133         2.57224 
        1.90073         11.7782         2.51934 
        1.91647         11.5746         2.46797 
        1.93218         11.5789         2.41814 
        1.94787         11.3891         2.36975 
        1.96363         11.2808         2.32248 
        1.97935         11.0854          2.2766 
        1.99499         10.9935          2.2322 
        2.01064         10.8436         2.18893 
         2.0264         10.7448         2.14652 
        2.04216         10.7148         2.10524 
        2.05781         10.5479         2.06531 
        2.07353         10.4616         2.02627 
        2.08928         10.3362         1.98814 
        2.10499           10.19          1.9511 
        2.12065          10.131          1.9151 
        2.13633         10.0339         1.87998 
        2.15211         9.89804          1.8455 
        2.16785         9.85233         1.81198 
        2.18349         9.70803          1.7795 
        2.19916         9.62237         1.74774 
        2.21489         9.48318         1.71665 
        2.23063         9.45068         1.68629 
         2.2463         9.32172          1.6568 
        2.26194         9.24592         1.62808 
        2.27765         9.10525         1.59989 
        2.29341          9.0687         1.57229 
        2.30914         8.96271          1.5454 
        2.32486          8.9174         1.51914 
        2.34061         8.80769         1.49345 
        2.35635         8.73182         1.46838 
        2.37203         8.64702         1.44396 
        2.38768         8.52712         1.42014 
        2.40339         8.53112         1.39677 
        2.41914         8.39163         1.37388 
        2.43483         8.30463         1.35157 
         2.4505         8.23572         1.32979 
        2.46622         8.18756         1.30841 
        2.48195         8.11752          1.2875 
        2.49759         8.01173         1.26716 
        2.51328         7.98042          1.2472 
        2.52906         7.87322         1.22754 
        2.54479         7.81207         1.20838 
        2.56049         7.72027         1.18966 
        2.57618          7.7025         1.17135 
        2.59189         7.63261         1.15339 
        2.60758          7.5303         1.13584 
        2.62325         7.48279         1.11867 
        2.63898         7.44084          1.1018 
        2.65468         7.35543          1.0853 
        2.67044         7.32814         1.06908 
        2.68618         7.22349         1.05322 
        2.70184         7.17708         1.03774 
        2.71755         7.11726         1.02253 
        2.73329          7.0441          1.0076 
        2.74897         6.99497         0.99302 
        2.76462         6.93597        0.978756 
        2.78034           6.866        0.964712 
        2.79607         6.82981        0.950928 
        2.81179         6.77274        0.937426 
        2.82749          6.7132        0.924201 
        2.84321          6.6744        0.911214 
        2.85893         6.60805        0.898479 
        2.87462         6.56305        0.886008 
        2.89033          6.4898        0.873761 
        2.90605         6.45101        0.861733 
        2.92176         6.40891        0.849936 
        2.93747         6.34774        0.838365 
        2.95318         6.30237        0.827005 
        2.96891         6.25887         0.81585 
        2.98456         6.18104        0.804948 
        3.00023         6.14117        0.794229 
        3.01596         6.09916         0.78367 
        3.03164         6.06602        0.773332 
        3.04738         6.01446        0.763149 
         3.0631         5.94292        0.753152 
        3.07883         5.90379        0.743332 
        3.09456         5.84986        0.733688 
        3.11026         5.79501        0.724229 
        3.12596         5.75793        0.714936 
        3.14163         5.74424        0.705827 
        3.15734         5.68719        0.696855 
        3.17308         5.64914        0.688015 
        3.18879         5.60812        0.679353 
        3.20447           5.545        0.670851 
         3.2202         5.50596        0.662467 
         3.2359         5.47523        0.654241 
        3.25157         5.44868        0.646173 
        3.26729         5.40441        0.638216 
        3.28304         5.33963        0.630376 
        3.29877         5.32572        0.622678 
        3.31446         5.28171        0.615124 
        3.33014         5.23009        0.607701 
        3.34585         5.19299        0.600388 
        3.36158         5.16411        0.593185 
        3.37727         5.12679        0.586121 
        3.39294         5.09059        0.579178 
        3.40867         5.04917        0.572321 
        3.42439          5.0172        0.565579 
        3.44008         4.98448        0.558958 
        3.45578          4.9478        0.552437 
        3.47153         4.91367        0.546005 
        3.48724         4.85654        0.539686 
        3.50292          4.8336        0.533482 
        3.51859         4.80638        0.527377 
        3.53431         4.76257        0.521348 
        3.55007         4.72402        0.515398 
        3.56577         4.68602        0.509564 
        3.58146         4.66965        0.503822 
        3.59719         4.62369        0.498154 
        3.61292         4.60173        0.492575 
        3.62859         4.56634        0.487102 
        3.64429          4.5392        0.481702 
        3.66003         4.49636        0.476366 
        3.67578         4.47094        0.471112 
        3.69146         4.45609        0.465957 
        3.70712         4.40732        0.460888 
        3.72284         4.38501        0.455875 
        3.73853         4.36351        0.450944 
        3.75422         4.31591        0.446085 
        3.76993         4.29864        0.441292 
        3.78564         4.26779        0.436571 
        3.80137         4.23413        0.431911 
        3.81707         4.19424        0.427329 
        3.83279         4.17651        0.422808 
        3.84853         4.14275        0.418346 
        3.86424         4.10175        0.413956 
        3.87992         4.08771        0.409635 
        3.89561         4.05387        0.405376 
        3.91134         4.03519        0.401167 
        3.92704         4.01671        0.397023 
        3.94273         3.98475        0.392942 
        3.95845         3.95998        0.388909 
        3.97418         3.92664        0.384933 
        3.98988         3.90397        0.381016 
        4.00554         3.87957        0.377165 
        4.02125         3.84674        0.373355 
        4.03698         3.81402        0.369592 
        4.05268         3.78588        0.365889 
        4.06839          3.7567        0.362233 
         4.0841         3.74709        0.358629 
        4.09983         3.70714        0.355068 
        4.11555         3.69199        0.351556 
        4.13124         3.64667        0.348101 
        4.14693         3.62704         0.34469 
        4.16266         3.60786        0.341316 
        4.17839         3.59098        0.337989 
        4.19408         3.56702        0.334713 
        4.20977         3.54813        0.331479 
        4.22551         3.51851         0.32828 
        4.24123         3.48579        0.325126 
        4.25691         3.47282        0.322022 
        4.27259         3.44167        0.318957 
        4.28831         3.41969        0.315926 
        4.30404         3.39574         0.31293 
        4.31974         3.37892         0.30998 
        4.33543         3.34262         0.30707 
        4.35116         3.32555        0.304189 
        4.36688         3.31692        0.301346 
        4.38255         3.28915         0.29855 
        4.39825         3.26592        0.295784 
        4.41398         3.25257        0.293046 
         4.4297         3.23123        0.290346 
        4.44541          3.2057         0.28768 
        4.46111         3.18235        0.285049 
        4.47683         3.16551         0.28245 
        4.49251         3.14673        0.279887 
        4.50819         3.12833        0.277357 
         4.5239         3.10446        0.274855 
        4.53962         3.08439        0.272379 
        4.55535         3.06226        0.269933 
        4.57106         3.04658        0.267521 
        4.58678         3.03163        0.265137 
         4.6025         3.01151        0.262781 
        4.61821         2.98635        0.260454 
        4.63391         2.96726        0.258159 
         4.6496         2.94998        0.255891 
        4.66532         2.92809        0.253648 
        4.68103         2.91696        0.251431 
        4.69673         2.89399        0.249244 
        4.71241         2.87513        0.247084 
        4.72811          2.8621        0.244946 
        4.74384         2.84655        0.242831 
        4.75955         2.82501        0.240744 
        4.77525         2.80988        0.238682 
        4.79096         2.78961        0.236641 
        4.80669         2.78332        0.234624 
         4.8224         2.75896        0.232632 
        4.83809         2.74376        0.230665 
        4.85379         2.72782        0.228719 
         4.8695         2.70608        0.226794 
        4.88521          2.6991        0.224892 
        4.90093         2.67777        0.223012 
        4.91663         2.66392        0.221154 
        4.93234         2.64578        0.219316 
        4.94807         2.63744        0.217497 
        4.96377         2.61779        0.215702 
        4.97943         2.60253         0.21393 
        4.99514         2.59163        0.212174 
        5.01086         2.57252        0.210437 
        5.02654         2.55989        0.208723 
        5.04227         2.54391        0.207023 
          5.058         2.53094        0.205341 
        5.07371         2.51723         0.20368 
        5.08942         2.50089        0.202038 
        5.10513         2.49144        0.200414 
        5.12084         2.47403        0.198806 
        5.13656         2.45941        0.197217 
        5.15225         2.44152        0.195647 
        5.16796          2.4288        0.194092 
        5.18369         2.42257        0.192552 
         5.1994         2.39959        0.191031 
        5.21509         2.38656        0.189529 
        5.23079          2.3749         0.18804 
        5.24649         2.36412        0.186569 
        5.26217         2.35304        0.185114 
        5.27788         2.33425        0.183673 
        5.29359         2.32411        0.182246 
        5.30933         2.31247        0.180833 
        5.32504         2.30056        0.179436 
        5.34073          2.2851        0.178056 
        5.35646         2.27562        0.176688 
        5.37218         2.26684        0.175334 
        5.38789         2.25349        0.173996 
        5.40357         2.24133        0.172673 
        5.41929         2.22679        0.171361 
        5.43502         2.21273        0.170062 
         5.4507         2.20734         0.16878 
        5.46639         2.19001        0.167511 
        5.48212         2.18189        0.166252 
        5.49786         2.16564        0.165004 
        5.51353         2.15554        0.163775 
        5.52921         2.14734        0.162558 
        5.54495         2.13682        0.161349 
        5.56066         2.12804        0.160153 
        5.57637         2.11078         0.15897 
        5.59207         2.10118          0.1578 
        5.60778         2.09243        0.156641 
        5.62346         2.08338        0.155495 
        5.63916         2.06881        0.154359 
        5.65487         2.06032        0.153234 
         5.6706         2.04881        0.152119 
        5.68633         2.03942        0.151015 
        5.70203         2.02992        0.149923 
        5.71773         2.01877        0.148843 
        5.73344         2.00779        0.147772 
        5.74916         1.99991        0.146712 
        5.76486         1.98946        0.145662 
        5.78054          1.9769        0.144625 
        5.79626         1.97159        0.143595 
          5.812         1.96199        0.142573 
         5.8277         1.95008        0.141565 
        5.84339         1.93857        0.140566 
        5.85911         1.93062        0.139575 
        5.87484         1.92148        0.138594 
        5.89053          1.9105        0.137624 
        5.90623         1.90378        0.136662 
        5.92195         1.89527        0.135708 
        5.93767          1.8839        0.134764 
        5.95336         1.87328         0.13383 
        5.96905         1.86988        0.132906 
        5.98476          1.8597        0.131988 
        6.00048         1.84965        0.131079 
        6.01617         1.84257         0.13018 
        6.03185         1.82736         0.12929 
        6.04756         1.81963        0.128406 
        6.06331         1.80937        0.127529 
        6.07903          1.8019        0.126662 
        6.09473         1.79587        0.125803 
        6.11044         1.78823        0.124952 
        6.12616         1.78008        0.124108 
        6.14186         1.77238        0.123273 
        6.15755         1.76334        0.122446 
        6.17326         1.75713        0.121626 
        6.18898         1.74495        0.120813 
        6.20467         1.74356        0.120008 
        6.22036         1.73248        0.119211 
         6.2361         1.72772        0.118419 
         6.2518         1.71545        0.117635 
        6.26748         1.71119        0.116861 
        6.28319         1.70108        0.116091 
        6.29893         1.69634        0.115327 
        6.31463         1.68735        0.114571 
        6.33033           1.682        0.113822 
        6.34604         1.67054         0.11308 
        6.36177          1.6614        0.112343 
        6.37747         1.65726        0.111614 
        6.39316         1.64946        0.110892 
        6.40888         1.63909        0.110175 
         6.4246         1.63538        0.109464 
        6.44031         1.62583         0.10876 
        6.45601          1.6194        0.108063 
        6.47172         1.61087        0.107371 
        6.48744         1.60796        0.106685 
        6.50313         1.60046        0.106006 
        6.51882          1.5926        0.105333 
        6.53452          1.5869        0.104665 
        6.55025         1.57737        0.104002 
        6.56597         1.57715        0.103345 
        6.58166         1.56572        0.102695 
        6.59736           1.559         0.10205 
        6.61307         1.55335         0.10141 
         6.6288         1.54549        0.100775 
         6.6445         1.53921        0.100147 
         6.6602         1.53303       0.0995234 
        6.67592         1.52874       0.0989047 
        6.69164         1.52199       0.0982914 
        6.70735         1.51551       0.0976835 
        6.72304         1.51018       0.0970813 
        6.73874          1.5033        0.096484 
        6.75446         1.49718        0.095891 
        6.77016         1.49047       0.0953037 
        6.78585          1.4857       0.0947213 
        6.80156         1.47865       0.0941436 
        6.81729         1.47229       0.0935697 
        6.83301         1.46966       0.0930006 
         6.8487          1.4616       0.0924376 
         6.8644         1.45713       0.0918788 
        6.88012         1.45046        0.091324 
        6.89583         1.44381       0.0907743 
        6.91151         1.43848       0.0902298 
        6.92723         1.43704       0.0896885 
        6.94296         1.42674       0.0891513 
        6.95866         1.42549       0.0886194 
        6.97436         1.41624       0.0880919 
        6.99007         1.41302       0.0875684 
        7.00578         1.40665       0.0870491 
        7.02147             1.4       0.0865346 
        7.03718         1.39498       0.0860237 
         7.0529         1.38811       0.0855164 
        7.06863         1.38653        0.085013 
        7.08433         1.37964       0.0845143 
        7.10004         1.37323       0.0840197 
        7.11575         1.36967       0.0835289 
        7.13145         1.36403       0.0830421 
        7.14715         1.35941       0.0825593 
        7.16284         1.35287       0.0820809 
        7.17855         1.34934       0.0816052 
        7.19428         1.34302       0.0811328 
        7.20998         1.34074        0.080665 
        7.22568         1.33356        0.080201 
        7.24139         1.32845       0.0797403 
        7.25711         1.32557       0.0792831 
        7.27282         1.32129       0.0788294 
        7.28852         1.31527       0.0783798 
        7.30423         1.30991       0.0779332 
        7.31995         1.30624       0.0774901 
        7.33565         1.30123       0.0770506 
        7.35135          1.2985       0.0766146 
        7.36706         1.29182       0.0761819 
        7.38277          1.2877       0.0757523 
        7.39847         1.28211       0.0753262 
        7.41419         1.28228       0.0749031 
         7.4299         1.27433       0.0744833 
        7.44561         1.27094       0.0740668 
        7.46132         1.26729       0.0736534 
        7.47701         1.26252       0.0732437 
        7.49272         1.25775       0.0728366 
        7.50842         1.25265       0.0724328 
         7.5241          1.2502       0.0720325 
        7.53981         1.24649       0.0716346 
        7.55552         1.24213       0.0712396 
        7.57125          1.2365       0.0708471 
        7.58698         1.23274       0.0704576 
        7.60268         1.22989       0.0700716 
         7.6184         1.22431       0.0696882 
        7.63411         1.21825       0.0693077 
        7.64981         1.21615       0.0689303 
        7.66552          1.2134       0.0685557 
        7.68123         1.20927       0.0681836 
        7.69695         1.20474       0.0678141 
        7.71264         1.20055       0.0674479 
        7.72834         1.19708       0.0670843 
        7.74407         1.19447       0.0667228 
        7.75978         1.19015        0.066364 
        7.77546         1.18472       0.0660088 
        7.79116         1.18087       0.0656557 
         7.8069         1.17863       0.0653044 
         7.8226         1.17687       0.0649563 
        7.83828         1.17135       0.0646113 
        7.85399         1.16736       0.0642683 
        7.86972         1.16405        0.063927 
        7.88543         1.16103       0.0635889 
        7.90111         1.15798       0.0632537 
        7.91681         1.15518       0.0629204 
        7.93255         1.14972       0.0625889 
        7.94828         1.14669       0.0622599 
        7.96397          1.1429       0.0619339 
        7.97967         1.14064       0.0616102 
        7.99538         1.13676       0.0612885 
         8.0111         1.13485       0.0609691 
         8.0268         1.13136       0.0606521 
        8.04248         1.12778       0.0603378 
         8.0582         1.12453       0.0600251 
        8.07393          1.1212       0.0597142 
        8.08963         1.11918       0.0594061 
        8.10533         1.11349       0.0591003 
        8.12104         1.11318       0.0587964 
        8.13675         1.10771       0.0584945 
        8.15245          1.1054        0.058195 
        8.16815         1.10282       0.0578977 
        8.18387         1.10056       0.0576019 
        8.19959         1.09491       0.0573082 
         8.2153         1.09277       0.0570168 
        8.23101         1.09029       0.0567273 
        8.24672         1.08603       0.0564399 
        8.26241         1.08568       0.0561549 
         8.2781         1.08169       0.0558717 
        8.29381         1.07916       0.0555902 
        8.30952          1.0755       0.0553106 
        8.32524         1.07367       0.0550327 
        8.34095         1.07104       0.0547568 
        8.35666          1.0671        0.054483 
        8.37237         1.06478       0.0542109 
        8.38808          1.0622       0.0539406 
        8.40379         1.05957       0.0536723 
         8.4195         1.05669       0.0534058 
         8.4352         1.05371       0.0531411 
        8.45091         1.05075       0.0528783 
        8.46662         1.04801        0.052617 
        8.48232         1.04571       0.0523577 
        8.49802         1.04415       0.0521002 
        8.51374         1.04192       0.0518441 
        8.52945         1.03785       0.0515898 
        8.54515         1.03611       0.0513374 
        8.56086         1.03465       0.0510864 
        8.57658         1.03158       0.0508371 
        8.59228         1.02804       0.0505897 
        8.60799         1.02633       0.0503437 
        8.62371         1.02465       0.0500993 
        8.63942         1.02251       0.0498566 
        8.65512         1.01745       0.0496157 
        8.67082         1.01706       0.0493763 
        8.68653          1.0159       0.0491383 
        8.70224         1.01219       0.0489019 
        8.71795         1.00871       0.0486672 
        8.73365         1.00803        0.048434 
        8.74936         1.00537       0.0482022 
        8.76506          1.0033       0.0479722 
        8.78076          1.0016       0.0477435 
        8.79646        0.999222       0.0475164 
        8.81218        0.997034       0.0472905 
        8.82791        0.993748       0.0470658 
         8.8436        0.993713       0.0468431 
         8.8593         0.98951       0.0466219 
        8.87503        0.989151       0.0464015 
        8.89076        0.985467       0.0461826 
        8.90644        0.984033       0.0459658 
        8.92214         0.98074       0.0457501 
        8.93786        0.981697       0.0455355 
        8.95357        0.977972       0.0453224 
        8.96928        0.975261       0.0451107 
        8.98498        0.975381       0.0449004 
        9.00069        0.971357       0.0446914 
        9.01639        0.970654       0.0444837 
        9.03208        0.967981       0.0442776 
        9.04778        0.965529       0.0440726 
        9.06351        0.962884       0.0438685 
        9.07923        0.961993       0.0436659 
        9.09493        0.959802       0.0434647 
        9.11062        0.957767       0.0432649 
        9.12635        0.955812        0.043066 
        9.14207        0.954191       0.0428684 
        9.15777        0.952607       0.0426722 
        9.17346        0.950962       0.0424774 
        9.18917        0.949155       0.0422835 
         9.2049        0.946974       0.0420907 
        9.22061        0.945674       0.0418992 
        9.23631        0.943874       0.0417091 
        9.25201        0.941873       0.0415201 
        9.26773        0.939741       0.0413321 
        9.28343        0.938705       0.0411454 
        9.29913        0.936371       0.0409599 
        9.31484        0.936449       0.0407755 
        9.33057        0.933248       0.0405919 
        9.34627        0.931906       0.0404097 
        9.36197        0.931152       0.0402287 
        9.37768        0.930438       0.0400487 
        9.39338        0.927603       0.0398698 
        9.40909         0.92585       0.0396921 
        9.42479        0.924728       0.0395154 
         9.4405        0.921843       0.0393398 
        9.45621        0.921069       0.0391652 
        9.47193        0.919425       0.0389916 
        9.48763        0.918126       0.0388192 
        9.50334        0.917426       0.0386478 
        9.51906         0.91475       0.0384774 
        9.53476         0.91444       0.0383082 
        9.55045         0.91257       0.0381399 
        9.56616        0.910404       0.0379726 
        9.58188        0.908315       0.0378061 
        9.59759        0.908342       0.0376406 
         9.6133        0.906568       0.0374762 
        9.62901        0.904429       0.0373126 
        9.64471        0.903975         0.03715 
        9.66041        0.902484       0.0369884 
        9.67612        0.901053       0.0368275 
        9.69184        0.900121       0.0366675 
        9.70754        0.898403       0.0365087 
        9.72324        0.897527       0.0363509 
        9.73895         0.89626        0.036194 
        9.75467        0.893803        0.036038 
        9.77038        0.892895       0.0358832 
        9.78607        0.891205       0.0357295 
        9.80177        0.892308       0.0355769 
        9.81749        0.889501       0.0354251 
         9.8332         0.88896       0.0352746 
         9.8489        0.886874       0.0351251 
        9.86463        0.885484       0.0349763 
        9.88035        0.885547       0.0348283 
        9.89606        0.883721       0.0346813 
        9.91175        0.882526        0.034535 
        9.92745        0.882469       0.0343891 
        9.94317        0.880405       0.0342436 
        9.95888        0.880308       0.0340984 
        9.97458        0.878302       0.0339536 
        9.99029         0.87728       0.0338088 
         10.006        0.876357       0.0337194 
        10.0217        0.875034       0.0337194 
        10.0374        0.874202       0.0337194 
        10.0531        0.872871       0.0337194 
        10.0688        0.873035       0.0337194 
        10.0845        0.871759       0.0337194 
        10.1002        0.869823       0.0337194 
        10.1159        0.868499       0.0337194 
        10.1317        0.868171       0.0337194 
        10.1474        0.866915       0.0337194 
        10.1631        0.867971       0.0337194 
        10.1788        0.865916       0.0337194 
        10.1945        0.864627       0.0337194 
        10.2102        0.864705       0.0337194 
        10.2259        0.863178       0.0337194 
        10.2416        0.862295       0.0337194 
        10.2573        0.862088       0.0337194 
         10.273        0.859933       0.0337194 
        10.2887        0.859449       0.0337194 
        10.3044        0.858087       0.0337194 
        10.3201        0.858307       0.0337194 
        10.3359        0.857424       0.0337194 
        10.3516         0.85715       0.0337194 
        10.3673        0.855975       0.0337194 
         10.383        0.855931       0.0337194 
        10.3987        0.855184       0.0337194 
        10.4144        0.853875       0.0337194 
        10.4301        0.852948       0.0337194 
        10.4458        0.851612       0.0337194 
        10.4615         0.85136       0.0337194 
        10.4772        0.851576       0.0337194 
        10.4929        0.850515       0.0337194 
        10.5086        0.851155       0.0337194 
        10.5244        0.849495       0.0337194 
        10.5401        0.850631       0.0337194 
        10.5558        0.848486       0.0337194 
        10.5715         0.84765       0.0337194 
        10.5872        0.846745       0.0337194 
        10.6029        0.847019       0.0337194 
        10.6186        0.846764       0.0337194 
        10.6343        0.845933       0.0337194 
          10.65        0.845508       0.0337194 
        10.6657        0.843923       0.0337194 
        10.6814         0.84455       0.0337194 
        10.6971        0.844266       0.0337194 
        10.7129        0.844321       0.0337194 
        10.7286        0.843496       0.0337194 
        10.7443        0.842512       0.0337194 
          10.76        0.842683       0.0337194 
        10.7757        0.842089       0.0337194 
        10.7914        0.841459       0.0337194 
        10.8071        0.841948       0.0337194 
        10.8228        0.840884       0.0337194 
        10.8385        0.840315       0.0337194 
        10.8542        0.840172       0.0337194 
        10.8699        0.841136       0.0337194 
        10.8856        0.839264       0.0337194 
        10.9014        0.839159       0.0337194 
        10.9171        0.839601       0.0337194 
        10.9328        0.839354       0.0337194 
        10.9485        0.839652       0.0337194 
        10.9642        0.839348       0.0337194 
        10.9799        0.839172       0.0337194 
        10.9956        0.839241       0.0337194 
        11.0113        0.837991       0.0337194 
         11.027        0.838294       0.0337194 
        11.0427        0.838003       0.0337194 
        11.0584        0.839607       0.0337194 
        11.0741        0.838776       0.0337194 
        11.0898        0.838305       0.0337194 
        11.1055        0.839027       0.0337194 
        11.1212        0.838835       0.0337194 
         11.137        0.839177       0.0337194 
        11.1527        0.839138       0.0337194 
        11.1684        0.838799       0.0337194 
        11.1841        0.838957       0.0337194 
        11.1998        0.839403       0.0337194 
        11.2155        0.839892       0.0337194 
        11.2312        0.838921       0.0337194 
        11.2469        0.838417       0.0337194 
        11.2626        0.838703       0.0337194 
        11.2783        0.839469       0.0337194 
         11.294        0.839708       0.0337194 
        11.3097        0.840547       0.0337194 
        11.3254        0.839675       0.0337194 
        11.3412        0.840354       0.0337194 
        11.3569        0.840898       0.0337194 
        11.3726        0.840822       0.0337194 
        11.3883        0.840496       0.0337194 
         11.404        0.842357       0.0337194 
        11.4197        0.842409       0.0337194 
        11.4354        0.841631       0.0337194 
        11.4511        0.841662       0.0337194 
        11.4668        0.843007       0.0337194 
        11.4825        0.843898       0.0337194 
        11.4982         0.84476       0.0337194 
         11.514        0.845049       0.0337194 
        11.5297        0.844682       0.0337194 
        11.5454        0.845082       0.0337194 
        11.5611        0.845448       0.0337194 
        11.5768        0.846717       0.0337194 
        11.5925        0.847119       0.0337194 
        11.6082        0.847229       0.0337194 
        11.6239        0.846933       0.0337194 
        11.6396         0.84853       0.0337194 
        11.6553          0.8495       0.0337194 
         11.671        0.849879       0.0337194 
        11.6867        0.850198       0.0337194 
        11.7024          0.8512       0.0337194 
        11.7182        0.852317       0.0337194 
        11.7339        0.852395       0.0337194 
        11.7496        0.853461       0.0337194 
        11.7653        0.854265       0.0337194 
         11.781        0.855017       0.0337194 
        11.7967        0.855382       0.0337194 
        11.8124        0.856789       0.0337194 
        11.8281        0.857494       0.0337194 
        11.8438        0.858826       0.0337194 
        11.8595        0.859858       0.0337194 
        11.8752        0.860929       0.0337194 
         11.891        0.861866       0.0337194 
        11.9067        0.862328       0.0337194 
        11.9224        0.863638       0.0337194 
        11.9381        0.865208       0.0337194 
        11.9538        0.866505       0.0337194 
        11.9695        0.866867       0.0337194 
        11.9852        0.868819       0.0337194 
        12.0009        0.870146       0.0337194 
        12.0166        0.870401       0.0337194 
        12.0323         0.87199       0.0337194 
         12.048        0.873476       0.0337194 
        12.0637        0.874264       0.0337194 
