# k  (h/Mpc)    Pcb(k)  (Mpc/h)^3    Pcb_linear(k) (Mpc/h)^3   ShotnoiseSubtracted = true
      0.0200456         12074.7         12271.8 
      0.0350414         8674.91         8425.98 
      0.0492313         5764.82         5799.86 
      0.0637834         4694.22         4841.89 
      0.0800726         3797.59         3979.49 
       0.096163         2918.71         2811.17 
       0.111083          2280.9         2141.76 
       0.126058          1915.4         1920.21 
       0.142273         1702.14         1699.45 
       0.158546            1389         1331.35 
        0.17375          1183.6         1075.01 
       0.188953         1094.99         972.151 
       0.204907         949.921          893.44 
       0.220756         855.156          763.13 
        0.23588         750.729         645.034 
         0.2514         668.398         578.206 
       0.267535         651.512         535.172 
       0.283568         571.003         479.677 
       0.299022         542.294         421.966 
       0.314451         544.779         380.381 
       0.330372          468.03         351.939 
       0.346141         434.223         323.927 
       0.361624         414.297         293.924 
       0.377134         386.085         268.032 
       0.392932         374.402         248.193 
       0.408854         356.403         230.734 
       0.424564         343.865         213.314 
       0.440253         310.681         197.028 
       0.455999         296.387         183.348 
       0.471626         296.794         171.647 
        0.48727         281.702         160.562 
       0.502856         258.307         150.079 
       0.518488         259.047         140.615 
       0.534347         240.764          132.16 
       0.550082         233.943         124.447 
       0.565732         232.569         117.244 
       0.581496         218.888          110.52 
       0.597222          213.34         104.436 
       0.612804         207.018         98.8978 
       0.628434         200.356         93.7231 
       0.644267         191.096         88.8227 
       0.660051         187.585         84.2995 
       0.675724         184.902         80.1482 
       0.691403         180.563         76.2807 
       0.707174         174.238         72.6468 
       0.722871         171.436         69.2644 
        0.73838         169.447         66.1339 
       0.754018         160.037         63.1738 
       0.769845         160.081         60.3632 
        0.78569         155.768         57.7219 
       0.801365         150.911         55.2656 
       0.817031         147.469         52.9553 
       0.832809         144.882         50.7638 
       0.848511         141.411         48.7079 
       0.864097         138.803         46.7817 
       0.879701         137.275         44.9593 
       0.895507         133.544         43.2139 
       0.911279         129.995         41.5662 
        0.92691         127.767         40.0192 
       0.942635         125.297         38.5435 
       0.958396         123.748         37.1401 
       0.974128          121.25         35.8101 
       0.989692         118.174         34.5593 
        1.00528         116.972         33.3671 
        1.02113         113.894         32.2132 
        1.03692         113.208         31.1188 
        1.05264         111.844         30.0809 
        1.06832         108.915         29.0925 
        1.08405         107.498         28.1464 
        1.09979         106.784         27.2423 
        1.11537         104.065         26.3873 
        1.13105         102.859         25.5644 
        1.14679         101.173         24.7738 
        1.16256         99.2378         24.0154 
        1.17828         98.3778         23.2917 
        1.19395         96.0425         22.6006 
         1.2097         95.4314         21.9343 
        1.22537         93.5089         21.2984 
          1.241         92.9338         20.6899 
        1.25666         90.2366          20.104 
        1.27241          89.192         19.5382 
        1.28819         88.7096         18.9935 
        1.30392         87.1791         18.4715 
        1.31957         86.0561         17.9715 
        1.33529         84.9138         17.4885 
        1.35108         84.4473         17.0215 
        1.36674         82.8074         16.5751 
         1.3824          82.394         16.1453 
        1.39811         80.3894         15.7295 
        1.41389         79.3373         15.3268 
        1.42964         78.1001         14.9392 
        1.44531         77.7484         14.5669 
        1.46101         76.8872         14.2067 
        1.47667         75.8459         13.8599 
        1.49229         75.0127         13.5257 
        1.50793         73.8969         13.2023 
        1.52367         73.4005         12.8875 
        1.53953         72.4001         12.5809 
        1.55526         71.0205         12.2869 
        1.57092         70.9818         12.0035 
        1.58662         70.0214         11.7286 
        1.60235          69.013         11.4618 
        1.61809         67.8563         11.2032 
        1.63369         67.1597          10.955 
        1.64941         67.0057         10.7126 
        1.66519         65.4069         10.4768 
        1.68085         64.8368         10.2498 
        1.69652         63.7471         10.0295 
        1.71228          63.181         9.81456 
        1.72806         62.9133         9.60577 
        1.74368         61.8031         9.40521 
        1.75933         61.3907         9.21004 
        1.77505         60.7424         9.01954 
        1.79081         59.8489         8.83415 
         1.8065         59.5666         8.65481 
        1.82218         58.0666         8.48066 
        1.83797         57.6608         8.31016 
        1.85367         57.1194         8.14533 
        1.86928          56.623           7.986 
        1.88497         55.8405         7.83011 
        1.90073         55.0547         7.67784 
        1.91647         54.8466          7.5298 
        1.93218         54.2211         7.38601 
        1.94787         53.4353         7.24622 
        1.96363         52.7644         7.10953 
        1.97935         52.2289         6.97669 
        1.99499         51.7382         6.84802 
        2.01064         51.0816         6.72244 
         2.0264         50.7823         6.59925 
        2.04216         50.0211         6.47923 
        2.05781         49.4418         6.36299 
        2.07353         48.7603         6.24921 
        2.08928         48.4635         6.13799 
        2.10499         48.0612          6.0298 
        2.12065         47.4575         5.92457 
        2.13633         47.1441         5.82178 
        2.15211         46.4921         5.72079 
        2.16785         45.7395         5.62249 
        2.18349         45.3145         5.52715 
        2.19916         44.9139         5.43383 
        2.21489         44.7002         5.34238 
        2.23063         43.9936           5.253 
         2.2463         43.6138         5.16607 
        2.26194         43.2624         5.08135 
        2.27765         42.6963         4.99812 
        2.29341         42.0234         4.91654 
        2.30914         41.6462         4.83697 
        2.32486         41.2237         4.75923 
        2.34061         40.8929         4.68307 
        2.35635         40.4144         4.60867 
        2.37203         39.9667         4.53615 
        2.38768         39.8094         4.46536 
        2.40339         39.3447         4.39584 
        2.41914         39.0745         4.32765 
        2.43483         38.3176         4.26116 
         2.4505         38.2699         4.19618 
        2.46622          37.764         4.13236 
        2.48195         37.3853         4.06986 
        2.49759         36.9866         4.00901 
        2.51328         36.6339         3.94925 
        2.52906          36.277         3.89034 
        2.54479         36.0553         3.83286 
        2.56049         35.5625         3.77667 
        2.57618         35.2636         3.72166 
        2.59189         34.8756         3.66767 
        2.60758         34.4049         3.61485 
        2.62325          34.423         3.56314 
        2.63898         33.8904         3.51227 
        2.65468         33.4658         3.46251 
        2.67044         33.3616          3.4135 
        2.68618         32.9783         3.36557 
        2.70184         32.6014         3.31876 
        2.71755         32.2763         3.27273 
        2.73329         31.9659          3.2275 
        2.74897         31.6332         3.18329 
        2.76462         31.3092         3.14001 
        2.78034         31.0805         3.09736 
        2.79607         30.7735         3.05547 
        2.81179         30.4787         3.01441 
        2.82749         30.2174         2.97415 
        2.84321         29.8821         2.93459 
        2.85893         29.5789         2.89576 
        2.87462         29.4163         2.85772 
        2.89033         29.0551         2.82032 
        2.90605         28.8281         2.78357 
        2.92176         28.6545         2.74749 
        2.93747         28.3032         2.71208 
        2.95318         28.1182          2.6773 
        2.96891          27.797         2.64311 
        2.98456         27.5494         2.60967 
        3.00023         27.2119         2.57677 
        3.01596          26.936         2.54434 
        3.03164         26.6828         2.51256 
        3.04738          26.557         2.48124 
         3.0631         26.3047         2.45046 
        3.07883         25.9364         2.42021 
        3.09456         25.6917         2.39048 
        3.11026         25.4466          2.3613 
        3.12596         25.2159         2.33262 
        3.14163         24.9942         2.30448 
        3.15734         24.8451         2.27674 
        3.17308         24.4995         2.24939 
        3.18879         24.3978         2.22258 
        3.20447           24.15         2.19624 
         3.2202         23.8532         2.17025 
         3.2359         23.6531         2.14473 
        3.25157         23.4534         2.11969 
        3.26729         23.3428         2.09497 
        3.28304         23.0549         2.07061 
        3.29877         22.8275         2.04666 
        3.31446          22.688         2.02315 
        3.33014         22.4219         2.00003 
        3.34585         22.2729         1.97724 
        3.36158         21.9935         1.95477 
        3.37727         21.8222         1.93273 
        3.39294          21.712         1.91105 
        3.40867         21.4815         1.88963 
        3.42439          21.269         1.86854 
        3.44008         21.0537         1.84783 
        3.45578         20.8998         1.82741 
        3.47153         20.6934         1.80726 
        3.48724         20.5978         1.78746 
        3.50292         20.3302         1.76799 
        3.51859         20.2016         1.74883 
        3.53431         20.0251          1.7299 
        3.55007         19.8006          1.7112 
        3.56577         19.6574         1.69286 
        3.58146         19.4664         1.67479 
        3.59719         19.3147         1.65695 
        3.61292         19.1714         1.63937 
        3.62859         18.9208         1.62212 
        3.64429         18.7434         1.60508 
        3.66003         18.6863         1.58824 
        3.67578         18.5205         1.57165 
        3.69146         18.3237         1.55536 
        3.70712         18.1493         1.53934 
        3.72284         18.0229         1.52348 
        3.73853         17.8835         1.50787 
        3.75422         17.7029         1.49248 
        3.76993         17.5234         1.47729 
        3.78564         17.4091         1.46232 
        3.80137         17.2487         1.44754 
        3.81707         17.1183         1.43299 
        3.83279         16.9576         1.41863 
        3.84853         16.7752         1.40445 
        3.86424         16.6734         1.39049 
        3.87992         16.5335         1.37674 
        3.89561         16.3925         1.36318 
        3.91134         16.2831         1.34978 
        3.92704         16.1859         1.33657 
        3.94273          16.013         1.32355 
        3.95845          15.847         1.31068 
        3.97418         15.7009         1.29799 
        3.98988         15.6012         1.28548 
        4.00554         15.4823         1.27317 
        4.02125         15.3126         1.26099 
        4.03698         15.1825         1.24895 
        4.05268          15.106         1.23709 
        4.06839         14.9301         1.22538 
         4.0841         14.8377         1.21383 
        4.09983         14.6714         1.20241 
        4.11555         14.5967         1.19115 
        4.13124         14.4917         1.18006 
        4.14693         14.3632          1.1691 
        4.16266         14.2678         1.15826 
        4.17839         14.1121         1.14756 
        4.19408         13.9938         1.13702 
        4.20977         13.9081         1.12662 
        4.22551         13.7643         1.11631 
        4.24123         13.6401         1.10615 
        4.25691         13.5301         1.09615 
        4.27259         13.4279         1.08626 
        4.28831         13.3704         1.07648 
        4.30404         13.2807         1.06681 
        4.31974         13.1454         1.05728 
        4.33543         12.9946         1.04788 
        4.35116         12.9047         1.03856 
        4.36688         12.7841         1.02937 
        4.38255         12.7004         1.02032 
        4.39825         12.6114         1.01136 
        4.41398         12.4967         1.00249 
         4.4297         12.3933        0.993738 
        4.44541         12.3058        0.985093 
        4.46111         12.2023        0.976558 
        4.47683         12.0918        0.968118 
        4.49251         12.0039        0.959796 
        4.50819         11.8959        0.951575 
         4.5239         11.8148        0.943439 
        4.53962         11.7255        0.935389 
        4.55535         11.6346        0.927429 
        4.57106         11.5762        0.919575 
        4.58678         11.4565         0.91181 
         4.6025         11.3793        0.904133 
        4.61821         11.2867        0.896547 
        4.63391         11.2128        0.889059 
         4.6496         11.1072         0.88166 
        4.66532         11.0277        0.874334 
        4.68103         10.9354        0.867095 
        4.69673         10.8393        0.859946 
        4.71241         10.7678        0.852885 
        4.72811         10.6905        0.845892 
        4.74384         10.6088        0.838969 
        4.75955         10.5373        0.832135 
        4.77525         10.4382        0.825381 
        4.79096         10.3784        0.818695 
        4.80669         10.2927         0.81208 
         4.8224         10.2128        0.805546 
        4.83809         10.1161        0.799091 
        4.85379         10.0657        0.792704 
         4.8695         9.97569        0.786382 
        4.88521         9.88654        0.780132 
        4.90093          9.8357         0.77395 
        4.91663         9.73568         0.76784 
        4.93234         9.69311        0.761791 
        4.94807         9.58588        0.755803 
        4.96377         9.55366        0.749891 
        4.97943         9.46635        0.744055 
        4.99514         9.39132        0.738267 
        5.01086          9.3416        0.732537 
        5.02654         9.25768        0.726882 
        5.04227          9.1912        0.721271 
          5.058         9.11799        0.715717 
        5.07371         9.05413        0.710233 
        5.08942         8.99925        0.704805 
        5.10513         8.90917        0.699435 
        5.12084         8.87399        0.694118 
        5.13656         8.79328        0.688858 
        5.15225         8.71795        0.683661 
        5.16796         8.67164        0.678511 
        5.18369         8.59536        0.673409 
         5.1994         8.54171        0.668369 
        5.21509         8.48848        0.663386 
        5.23079          8.4116        0.658448 
        5.24649         8.35806        0.653564 
        5.26217         8.29552        0.648734 
        5.27788          8.2443        0.643946 
        5.29359         8.17776        0.639206 
        5.30933         8.11609        0.634507 
        5.32504         8.07262        0.629863 
        5.34073         8.01194        0.625272 
        5.35646         7.94369        0.620717 
        5.37218         7.89074        0.616207 
        5.38789          7.8319         0.61175 
        5.40357         7.78655        0.607342 
        5.41929         7.73351        0.602968 
        5.43502         7.67918        0.598637 
         5.4507         7.62432        0.594359 
        5.46639         7.57026        0.590123 
        5.48212         7.52166        0.585918 
        5.49786         7.47648         0.58175 
        5.51353          7.4242        0.577643 
        5.52921         7.36469        0.573572 
        5.54495         7.30359        0.569529 
        5.56066         7.25048        0.565529 
        5.57637         7.21546        0.561568 
        5.59207         7.16152        0.557649 
        5.60778         7.11005        0.553767 
        5.62346         7.05863        0.549926 
        5.63916         7.01747        0.546119 
        5.65487         6.97164        0.542347 
         5.6706         6.92127        0.538605 
        5.68633         6.87845        0.534898 
        5.70203         6.82101        0.531234 
        5.71773         6.78717        0.527605 
        5.73344         6.73642        0.524008 
        5.74916         6.67978        0.520442 
        5.76486         6.64892        0.516914 
        5.78054         6.59622        0.513424 
        5.79626         6.55045        0.509957 
          5.812         6.50745        0.506519 
         5.8277         6.45544        0.503122 
        5.84339         6.42619        0.499757 
        5.85911         6.37859        0.496417 
        5.87484          6.3408        0.493108 
        5.89053         6.30139        0.489836 
        5.90623         6.25479        0.486592 
        5.92195         6.20503        0.483372 
        5.93767         6.17931        0.480184 
        5.95336         6.12352        0.477029 
        5.96905         6.09513        0.473905 
        5.98476         6.05446        0.470804 
        6.00048         6.01192         0.46773 
        6.01617         5.96043        0.464687 
        6.03185         5.93866        0.461676 
        6.04756         5.89796        0.458685 
        6.06331         5.85098        0.455713 
        6.07903         5.81385        0.452775 
        6.09473         5.77976        0.449865 
        6.11044         5.73135        0.446978 
        6.12616         5.69646        0.444118 
        6.14186         5.67187        0.441285 
        6.15755         5.63691        0.438478 
        6.17326         5.60153        0.435693 
        6.18898         5.55633        0.432931 
        6.20467          5.5227        0.430198 
        6.22036         5.49044        0.427489 
         6.2361         5.45484        0.424796 
         6.2518         5.41973        0.422131 
        6.26748          5.3888        0.419495 
        6.28319         5.35626        0.416874 
        6.29893         5.31721        0.414273 
        6.31463         5.29713          0.4117 
        6.33033         5.24999        0.409149 
        6.34604          5.2181        0.406618 
        6.36177         5.19229        0.404106 
        6.37747           5.149         0.40162 
        6.39316         5.12746        0.399157 
        6.40888         5.09384         0.39671 
         6.4246         5.05626        0.394283 
        6.44031         5.02813        0.391878 
        6.45601         5.00292        0.389497 
        6.47172         4.97182        0.387132 
        6.48744         4.93985        0.384786 
        6.50313         4.90686        0.382464 
        6.51882         4.87675        0.380162 
        6.53452         4.84931        0.377877 
        6.55025         4.82578        0.375607 
        6.56597         4.78644        0.373358 
        6.58166         4.76283        0.371131 
        6.59736         4.73616        0.368921 
        6.61307         4.70767        0.366727 
         6.6288         4.68111         0.36455 
         6.6445         4.64769        0.362393 
         6.6602         4.62009        0.360255 
        6.67592         4.59445        0.358131 
        6.69164            4.57        0.356026 
        6.70735         4.54755        0.353937 
        6.72304         4.51004        0.351869 
        6.73874         4.48134        0.349816 
        6.75446         4.45801        0.347777 
        6.77016         4.43587        0.345757 
        6.78585          4.4063        0.343754 
        6.80156         4.38081        0.341766 
        6.81729         4.35847         0.33979 
        6.83301         4.32668         0.33783 
         6.8487         4.30516        0.335891 
         6.8644         4.27616        0.333966 
        6.88012         4.25505        0.332053 
        6.89583         4.23512        0.330158 
        6.91151         4.20559         0.32828 
        6.92723         4.17975        0.326412 
        6.94296         4.16121        0.324558 
        6.95866         4.13247        0.322722 
        6.97436         4.10906        0.320901 
        6.99007         4.08859        0.319092 
        7.00578         4.06748        0.317298 
        7.02147         4.04147        0.315519 
        7.03718         4.01635        0.313753 
         7.0529         3.99421        0.311998 
        7.06863         3.96757        0.310256 
        7.08433         3.95514        0.308531 
        7.10004         3.92359        0.306818 
        7.11575         3.90256        0.305119 
        7.13145         3.88263        0.303432 
        7.14715         3.85904        0.301759 
        7.16284         3.84265        0.300101 
        7.17855         3.82279        0.298452 
        7.19428         3.80053        0.296813 
        7.20998         3.77872        0.295191 
        7.22568         3.75109         0.29358 
        7.24139         3.73346        0.291981 
        7.25711         3.71809        0.290393 
        7.27282          3.6937        0.288817 
        7.28852         3.67243        0.287255 
        7.30423         3.65167        0.285703 
        7.31995         3.64113        0.284162 
        7.33565         3.61339        0.282634 
        7.35135         3.59461        0.281117 
        7.36706         3.57406        0.279612 
        7.38277         3.55881        0.278116 
        7.39847         3.53817        0.276633 
        7.41419          3.5184        0.275159 
         7.4299         3.50056        0.273697 
        7.44561         3.48449        0.272245 
        7.46132         3.46508        0.270804 
        7.47701         3.44362        0.269375 
        7.49272          3.4226        0.267955 
        7.50842         3.40737        0.266546 
         7.5241         3.38991         0.26515 
        7.53981         3.37157        0.263761 
        7.55552         3.35502        0.262381 
        7.57125         3.33924         0.26101 
        7.58698         3.31297        0.259649 
        7.60268         3.30095          0.2583 
         7.6184         3.28076         0.25696 
        7.63411         3.26666        0.255629 
        7.64981         3.25316        0.254309 
        7.66552         3.23617        0.252998 
        7.68123         3.21992        0.251696 
        7.69695         3.20145        0.250402 
        7.71264         3.18429         0.24912 
        7.72834         3.16925        0.247846 
        7.74407         3.15229        0.246579 
        7.75978         3.13516        0.245322 
        7.77546         3.11679        0.244076 
        7.79116         3.10344        0.242838 
         7.8069         3.08637        0.241606 
         7.8226         3.07181        0.240384 
        7.83828         3.05694        0.239173 
        7.85399          3.0414        0.237969 
        7.86972         3.02879        0.236771 
        7.88543         3.01315        0.235583 
        7.90111         2.99656        0.234405 
        7.91681         2.98152        0.233234 
        7.93255         2.96785        0.232068 
        7.94828         2.94975        0.230911 
        7.96397          2.9376        0.229764 
        7.97967         2.92602        0.228625 
        7.99538         2.91043        0.227493 
         8.0111         2.89529        0.226369 
         8.0268         2.87947        0.225252 
        8.04248         2.86988        0.224145 
         8.0582         2.85542        0.223043 
        8.07393         2.84172        0.221948 
        8.08963         2.82344        0.220862 
        8.10533         2.80981        0.219783 
        8.12104         2.79931        0.218711 
        8.13675         2.78692        0.217646 
        8.15245         2.77191        0.216589 
        8.16815         2.75703        0.215539 
        8.18387         2.74235        0.214495 
        8.19959         2.72979        0.213458 
         8.2153         2.71791        0.212428 
        8.23101         2.70707        0.211405 
        8.24672         2.68845        0.210389 
        8.26241         2.67811        0.209382 
         8.2781          2.6643         0.20838 
        8.29381         2.65383        0.207384 
        8.30952         2.64054        0.206395 
        8.32524          2.6296        0.205411 
        8.34095         2.61875        0.204435 
        8.35666         2.60631        0.203465 
        8.37237         2.59599        0.202501 
        8.38808         2.58139        0.201543 
        8.40379         2.56958        0.200592 
         8.4195         2.55819        0.199648 
         8.4352         2.54716        0.198709 
        8.45091         2.53738        0.197777 
        8.46662         2.52505         0.19685 
        8.48232         2.50988         0.19593 
        8.49802         2.50089        0.195016 
        8.51374         2.49145        0.194106 
        8.52945          2.4779        0.193203 
        8.54515         2.47013        0.192307 
        8.56086         2.45684        0.191415 
        8.57658         2.44474        0.190529 
        8.59228         2.43861        0.189649 
        8.60799         2.42401        0.188774 
        8.62371         2.41279        0.187905 
        8.63942         2.40306        0.187042 
        8.65512         2.39121        0.186184 
        8.67082         2.38031        0.185332 
        8.68653         2.37285        0.184485 
        8.70224         2.36581        0.183643 
        8.71795         2.35041        0.182807 
        8.73365         2.34063        0.181976 
        8.74936           2.329         0.18115 
        8.76506         2.31909         0.18033 
        8.78076         2.31118        0.179514 
        8.79646         2.30029        0.178704 
        8.81218         2.28996        0.177898 
        8.82791         2.27821        0.177097 
         8.8436         2.27349        0.176302 
         8.8593         2.25911        0.175512 
        8.87503          2.2508        0.174725 
        8.89076         2.24101        0.173943 
        8.90644         2.23179        0.173168 
        8.92214         2.22343        0.172398 
        8.93786         2.21474         0.17163 
        8.95357         2.20457        0.170868 
        8.96928         2.19708        0.170111 
        8.98498         2.19167        0.169359 
        9.00069         2.17883        0.168611 
        9.01639         2.16982        0.167868 
        9.03208         2.16064         0.16713 
        9.04778         2.15387        0.166396 
        9.06351         2.14407        0.165665 
        9.07923         2.13453        0.164939 
        9.09493         2.12578        0.164218 
        9.11062         2.11962        0.163502 
        9.12635         2.11004        0.162789 
        9.14207         2.09961         0.16208 
        9.15777         2.09141        0.161377 
        9.17346         2.08254        0.160678 
        9.18917          2.0735        0.159982 
         9.2049         2.06794         0.15929 
        9.22061         2.06154        0.158602 
        9.23631          2.0512        0.157919 
        9.25201         2.04405        0.157241 
        9.26773         2.03706        0.156565 
        9.28343         2.03045        0.155894 
        9.29913         2.02413        0.155227 
        9.31484         2.01493        0.154564 
        9.33057         2.00642        0.153904 
        9.34627         1.99898        0.153249 
        9.36197         1.99259        0.152598 
        9.37768         1.98149         0.15195 
        9.39338         1.97767        0.151306 
        9.40909         1.96756        0.150666 
        9.42479         1.96003         0.15003 
         9.4405         1.95067        0.149397 
        9.45621         1.94718        0.148768 
        9.47193         1.93711        0.148142 
        9.48763         1.93277        0.147521 
        9.50334         1.92324        0.146903 
        9.51906         1.91748        0.146288 
        9.53476         1.91026        0.145678 
        9.55045           1.903        0.145071 
        9.56616         1.89555        0.144467 
        9.58188         1.89059        0.143866 
        9.59759         1.88485        0.143269 
         9.6133         1.87614        0.142675 
        9.62901         1.87011        0.142084 
        9.64471         1.86242        0.141496 
        9.66041         1.85659        0.140912 
        9.67612         1.85305        0.140331 
        9.69184         1.84515        0.139753 
        9.70754         1.83624        0.139178 
        9.72324         1.83149        0.138607 
        9.73895         1.82361         0.13804 
        9.75467         1.82013        0.137475 
        9.77038         1.81189        0.136915 
        9.78607         1.80614        0.136359 
        9.80177         1.80205        0.135806 
        9.81749         1.79417        0.135256 
         9.8332         1.78781        0.134711 
         9.8489         1.78318        0.134169 
        9.86463         1.77871        0.133629 
        9.88035          1.7692        0.133093 
        9.89606          1.7666         0.13256 
        9.91175         1.75689        0.132029 
        9.92745         1.75243          0.1315 
        9.94317          1.7472        0.130972 
        9.95888         1.74312        0.130445 
        9.97458         1.73511        0.129919 
        9.99029         1.73174        0.129394 
         10.006         1.72564         0.12907 
        10.0217         1.72129         0.12907 
        10.0374         1.71508         0.12907 
        10.0531         1.71188         0.12907 
        10.0688          1.7019         0.12907 
        10.0845         1.69975         0.12907 
        10.1002         1.69484         0.12907 
        10.1159         1.68793         0.12907 
        10.1317         1.68357         0.12907 
        10.1474         1.68001         0.12907 
        10.1631         1.67412         0.12907 
        10.1788         1.67027         0.12907 
        10.1945         1.66327         0.12907 
        10.2102         1.65701         0.12907 
        10.2259         1.65275         0.12907 
        10.2416         1.64992         0.12907 
        10.2573         1.64368         0.12907 
         10.273         1.63862         0.12907 
        10.2887         1.63193         0.12907 
        10.3044         1.63031         0.12907 
        10.3201         1.62581         0.12907 
        10.3359         1.62171         0.12907 
        10.3516         1.61742         0.12907 
        10.3673         1.61101         0.12907 
         10.383         1.60674         0.12907 
        10.3987         1.60211         0.12907 
        10.4144         1.59787         0.12907 
        10.4301         1.59431         0.12907 
        10.4458         1.58976         0.12907 
        10.4615         1.58649         0.12907 
        10.4772         1.58231         0.12907 
        10.4929         1.57743         0.12907 
        10.5086          1.5739         0.12907 
        10.5244         1.56829         0.12907 
        10.5401         1.56686         0.12907 
        10.5558         1.56387         0.12907 
        10.5715         1.55746         0.12907 
        10.5872         1.55416         0.12907 
        10.6029          1.5508         0.12907 
        10.6186         1.54791         0.12907 
        10.6343         1.54235         0.12907 
          10.65         1.54009         0.12907 
        10.6657         1.53585         0.12907 
        10.6814         1.53092         0.12907 
        10.6971         1.52947         0.12907 
        10.7129         1.52573         0.12907 
        10.7286         1.52147         0.12907 
        10.7443         1.51801         0.12907 
          10.76         1.51513         0.12907 
        10.7757         1.51173         0.12907 
        10.7914         1.50844         0.12907 
        10.8071         1.50533         0.12907 
        10.8228         1.50147         0.12907 
        10.8385         1.49852         0.12907 
        10.8542         1.49647         0.12907 
        10.8699         1.49146         0.12907 
        10.8856         1.48926         0.12907 
        10.9014         1.48736         0.12907 
        10.9171         1.48469         0.12907 
        10.9328         1.47985         0.12907 
        10.9485         1.47731         0.12907 
        10.9642         1.47527         0.12907 
        10.9799         1.47289         0.12907 
        10.9956         1.47046         0.12907 
        11.0113         1.46596         0.12907 
         11.027         1.46371         0.12907 
        11.0427         1.46266         0.12907 
        11.0584         1.45881         0.12907 
        11.0741         1.45664         0.12907 
        11.0898          1.4542         0.12907 
        11.1055         1.45214         0.12907 
        11.1212          1.4481         0.12907 
         11.137         1.44484         0.12907 
        11.1527         1.44381         0.12907 
        11.1684         1.44141         0.12907 
        11.1841         1.43909         0.12907 
        11.1998         1.43725         0.12907 
        11.2155         1.43519         0.12907 
        11.2312         1.43431         0.12907 
        11.2469         1.43065         0.12907 
        11.2626         1.42864         0.12907 
        11.2783         1.42732         0.12907 
         11.294         1.42481         0.12907 
        11.3097          1.4227         0.12907 
        11.3254         1.42172         0.12907 
        11.3412         1.41951         0.12907 
        11.3569         1.41624         0.12907 
        11.3726         1.41744         0.12907 
        11.3883         1.41354         0.12907 
         11.404         1.41238         0.12907 
        11.4197         1.41158         0.12907 
        11.4354         1.40861         0.12907 
        11.4511         1.40811         0.12907 
        11.4668         1.40591         0.12907 
        11.4825         1.40609         0.12907 
        11.4982         1.40329         0.12907 
         11.514         1.40246         0.12907 
        11.5297          1.4018         0.12907 
        11.5454         1.40065         0.12907 
        11.5611         1.39856         0.12907 
        11.5768          1.3973         0.12907 
        11.5925         1.39803         0.12907 
        11.6082         1.39476         0.12907 
        11.6239         1.39506         0.12907 
        11.6396         1.39391         0.12907 
        11.6553         1.39188         0.12907 
         11.671         1.39206         0.12907 
        11.6867          1.3911         0.12907 
        11.7024         1.38969         0.12907 
        11.7182          1.3891         0.12907 
        11.7339         1.38837         0.12907 
        11.7496         1.38811         0.12907 
        11.7653         1.38552         0.12907 
         11.781          1.3865         0.12907 
        11.7967         1.38558         0.12907 
        11.8124         1.38585         0.12907 
        11.8281         1.38535         0.12907 
        11.8438         1.38404         0.12907 
        11.8595         1.38457         0.12907 
        11.8752         1.38312         0.12907 
         11.891         1.38453         0.12907 
        11.9067         1.38432         0.12907 
        11.9224         1.38492         0.12907 
        11.9381         1.38441         0.12907 
        11.9538         1.38245         0.12907 
        11.9695         1.38382         0.12907 
        11.9852         1.38487         0.12907 
        12.0009         1.38401         0.12907 
        12.0166         1.38527         0.12907 
        12.0323         1.38502         0.12907 
         12.048         1.38524         0.12907 
        12.0637          1.3853         0.12907 
