# k  (h/Mpc)    Pcb(k)  (Mpc/h)^3    Pcb_linear(k) (Mpc/h)^3   ShotnoiseSubtracted = true
      0.0200456          12.527         15.9653 
      0.0350414         11.0806         11.4051 
      0.0492313          9.6311         8.26359 
      0.0637834         6.15516         6.88231 
      0.0800726         4.38462         5.39832 
       0.096163         3.82309          3.8823 
       0.111083         3.17584          3.1242 
       0.126058         2.79016         2.77961 
       0.142273         2.17426         2.32147 
       0.158546         1.90911         1.82271 
        0.17375         1.61611         1.55338 
       0.188953         1.38187         1.41112 
       0.204907          1.1512          1.2341 
       0.220756         1.08692         1.03831 
        0.23588        0.912067        0.910889 
         0.2514        0.816941        0.831169 
       0.267535          0.7346        0.746276 
       0.283568        0.672699        0.654793 
       0.299022        0.582538        0.586241 
       0.314451        0.532636        0.537784 
       0.330372        0.490083        0.491415 
       0.346141        0.450043        0.444296 
       0.361624        0.402953        0.404547 
       0.377134        0.372845        0.373232 
       0.392932        0.344331        0.344882 
       0.408854        0.318244        0.317098 
       0.424564        0.288017        0.292346 
       0.440253        0.275472        0.271445 
       0.455999        0.253988        0.252827 
       0.471626        0.237789        0.235442 
        0.48727        0.221001        0.219443 
       0.502856        0.201938        0.205279 
       0.518488        0.194081        0.192518 
       0.534347        0.177575        0.180541 
       0.550082        0.167799         0.16953 
       0.565732        0.157827        0.159558 
       0.581496         0.14993        0.150401 
       0.597222        0.140204        0.141962 
       0.612804        0.135872        0.134196 
       0.628434        0.127421        0.126989 
       0.644267        0.122256        0.120262 
       0.660051        0.113429        0.114048 
       0.675724        0.109619        0.108308 
       0.691403        0.103795        0.102958 
       0.707174       0.0975224       0.0979394 
       0.722871       0.0936234       0.0932752 
        0.73838       0.0899047       0.0889646 
       0.754018       0.0847638       0.0848942 
       0.769845       0.0811913       0.0810343 
        0.78569       0.0770491       0.0774115 
       0.801365       0.0735738       0.0740465 
       0.817031       0.0714882        0.070885 
       0.832809       0.0686409       0.0678889 
       0.848511       0.0656509       0.0650804 
       0.864097       0.0633098       0.0624508 
       0.879701       0.0600109       0.0599648 
       0.895507       0.0577425       0.0575855 
       0.911279       0.0555471       0.0553408 
        0.92691       0.0530385       0.0532349 
       0.942635       0.0516977       0.0512274 
       0.958396       0.0494746       0.0493197 
       0.974128       0.0472615        0.047513 
       0.989692       0.0461786        0.045815 
        1.00528       0.0446998       0.0441978 
        1.02113       0.0429968       0.0426336 
        1.03692       0.0415635       0.0411512 
        1.05264       0.0399806       0.0397464 
        1.06832       0.0383703       0.0384097 
        1.08405       0.0372853       0.0371311 
        1.09979       0.0360428       0.0359102 
        1.11537       0.0352571       0.0347565 
        1.13105       0.0341889       0.0336468 
        1.14679       0.0327706       0.0325815 
        1.16256       0.0318768       0.0315604 
        1.17828       0.0307589       0.0305866 
        1.19395       0.0299516       0.0296573 
         1.2097       0.0291697       0.0287621 
        1.22537        0.028147       0.0279082 
          1.241       0.0270122       0.0270918 
        1.25666       0.0263412       0.0263061 
        1.27241       0.0257048        0.025548 
        1.28819       0.0249681       0.0248185 
        1.30392        0.024236       0.0241198 
        1.31957        0.023603       0.0234512 
        1.33529        0.023011       0.0228056 
        1.35108        0.022345       0.0221817 
        1.36674       0.0218546       0.0215858 
         1.3824       0.0211735       0.0210124 
        1.39811       0.0207322       0.0204579 
        1.41389        0.019919       0.0199214 
        1.42964       0.0196789       0.0194051 
        1.44531       0.0190596       0.0189097 
        1.46101       0.0186017       0.0184306 
        1.47667       0.0181827       0.0179695 
        1.49229       0.0176363       0.0175255 
        1.50793       0.0172927        0.017096 
        1.52367       0.0167912       0.0166782 
        1.53953        0.016335       0.0162716 
        1.55526       0.0161734       0.0158818 
        1.57092       0.0156271       0.0155065 
        1.58662        0.015353       0.0151424 
        1.60235       0.0148663       0.0147893 
        1.61809       0.0146171       0.0144473 
        1.63369       0.0141628       0.0141192 
        1.64941       0.0138386        0.013799 
        1.66519       0.0136512       0.0134875 
        1.68085       0.0132184        0.013188 
        1.69652       0.0130524       0.0128974 
        1.71228       0.0127666        0.012614 
        1.72806       0.0124893       0.0123388 
        1.74368       0.0122341       0.0120747 
        1.75933       0.0119669       0.0118178 
        1.77505       0.0117661       0.0115672 
        1.79081        0.011433       0.0113234 
         1.8065       0.0112893       0.0110877 
        1.82218       0.0109538       0.0108589 
        1.83797       0.0107993        0.010635 
        1.85367       0.0105102       0.0104187 
        1.86928       0.0103953       0.0102097 
        1.88497       0.0101289       0.0100054 
        1.90073      0.00990923      0.00980584 
        1.91647      0.00976838      0.00961194 
        1.93218      0.00960171       0.0094237 
        1.94787      0.00935169      0.00924079 
        1.96363      0.00922412      0.00906202 
        1.97935      0.00899963      0.00888835 
        1.99499      0.00890035      0.00872022 
        2.01064      0.00870231       0.0085562 
         2.0264      0.00853087      0.00839538 
        2.04216      0.00834982      0.00823878 
        2.05781      0.00822746      0.00808717 
        2.07353      0.00804402      0.00793883 
        2.08928      0.00790081       0.0077939 
        2.10499      0.00778728      0.00765298 
        2.12065      0.00767485      0.00751598 
        2.13633      0.00752974      0.00738221 
        2.15211      0.00739212      0.00725084 
        2.16785      0.00727243      0.00712304 
        2.18349      0.00711985      0.00699912 
        2.19916      0.00700508      0.00687789 
        2.21489      0.00687592      0.00675914 
        2.23063      0.00672262      0.00664311 
         2.2463      0.00664826      0.00653033 
        2.26194      0.00653215      0.00642046 
        2.27765        0.006423      0.00631255 
        2.29341      0.00633058      0.00620684 
        2.30914      0.00623624      0.00610378 
        2.32486      0.00612628      0.00600311 
        2.34061       0.0060466      0.00590455 
        2.35635      0.00591233      0.00580829 
        2.37203      0.00584713      0.00571452 
        2.38768      0.00577264      0.00562301 
        2.40339        0.005633      0.00553317 
        2.41914      0.00555554      0.00544509 
        2.43483      0.00546546      0.00535924 
         2.4505      0.00538821      0.00527539 
        2.46622      0.00533355      0.00519304 
        2.48195      0.00522533      0.00511245 
        2.49759      0.00518067        0.005034 
        2.51328      0.00509724      0.00495699 
        2.52906      0.00501937      0.00488111 
        2.54479      0.00491426       0.0048071 
        2.56049      0.00486673      0.00473476 
        2.57618      0.00476863      0.00466398 
        2.59189      0.00470779      0.00459455 
        2.60758       0.0046493      0.00452663 
        2.62325      0.00458855      0.00446017 
        2.63898      0.00451108      0.00439482 
        2.65468       0.0044514      0.00433091 
        2.67044      0.00437494        0.004268 
        2.68618      0.00431484      0.00420649 
        2.70184      0.00426372      0.00414644 
        2.71755      0.00419526       0.0040874 
        2.73329      0.00415396      0.00402943 
        2.74897      0.00410153      0.00397277 
        2.76462      0.00403658      0.00391733 
        2.78034      0.00399783      0.00386272 
        2.79607      0.00391997      0.00380909 
        2.81179      0.00385808      0.00375654 
        2.82749       0.0038064      0.00370504 
        2.84321      0.00377765      0.00365445 
        2.85893      0.00371791      0.00360482 
        2.87462      0.00365113       0.0035562 
        2.89033      0.00362455      0.00350843 
        2.90605      0.00358364       0.0034615 
        2.92176      0.00351682      0.00341545 
        2.93747      0.00347686      0.00337026 
        2.95318      0.00343077      0.00332588 
        2.96891      0.00338362      0.00328227 
        2.98456      0.00334906      0.00323965 
        3.00023      0.00330602      0.00319772 
        3.01596      0.00327064       0.0031564 
        3.03164       0.0032287      0.00311593 
        3.04738      0.00318465      0.00307605 
         3.0631      0.00314237      0.00303688 
        3.07883      0.00311625      0.00299839 
        3.09456      0.00306518      0.00296058 
        3.11026      0.00302953      0.00292347 
        3.12596      0.00299842      0.00288701 
        3.14163      0.00295849      0.00285125 
        3.15734      0.00291634      0.00281601 
        3.17308      0.00288115      0.00278129 
        3.18879      0.00286434      0.00274725 
        3.20447      0.00282141      0.00271382 
         3.2202      0.00279238      0.00268085 
         3.2359      0.00273448      0.00264848 
        3.25157      0.00272704      0.00261673 
        3.26729      0.00269174       0.0025854 
        3.28304      0.00267016      0.00255452 
        3.29877      0.00263432      0.00252419 
        3.31446      0.00260248      0.00249441 
        3.33014      0.00257265      0.00246514 
        3.34585      0.00254348       0.0024363 
        3.36158      0.00251447      0.00240788 
        3.37727      0.00247952      0.00237999 
        3.39294      0.00245983      0.00235258 
        3.40867      0.00242968       0.0023255 
        3.42439      0.00240689      0.00229886 
        3.44008      0.00238429      0.00227268 
        3.45578      0.00235017       0.0022469 
        3.47153      0.00232983      0.00222146 
        3.48724      0.00230327      0.00219646 
        3.50292      0.00227632       0.0021719 
        3.51859       0.0022525      0.00214773 
        3.53431      0.00222513      0.00212385 
        3.55007      0.00220626      0.00210027 
        3.56577      0.00218465      0.00207715 
        3.58146      0.00216657      0.00205439 
        3.59719      0.00213541      0.00203191 
        3.61292      0.00212014      0.00200978 
        3.62859      0.00209515      0.00198806 
        3.64429      0.00207854      0.00196661 
        3.66003      0.00205464      0.00194542 
        3.67578      0.00203094      0.00192455 
        3.69146      0.00200777      0.00190407 
        3.70712      0.00198919      0.00188392 
        3.72284      0.00197203      0.00186399 
        3.73853      0.00195377      0.00184438 
        3.75422      0.00193337      0.00182504 
        3.76993      0.00191208      0.00180597 
        3.78564      0.00189012      0.00178717 
        3.80137      0.00187964      0.00176861 
        3.81707      0.00185915      0.00175036 
        3.83279         0.00184      0.00173235 
        3.84853      0.00182615      0.00171456 
        3.86424      0.00180843      0.00169705 
        3.87992       0.0017866      0.00167982 
        3.89561      0.00177377      0.00166283 
        3.91134      0.00175579      0.00164603 
        3.92704      0.00174113      0.00162949 
        3.94273      0.00172752      0.00161319 
        3.95845      0.00170741      0.00159708 
        3.97418      0.00169838      0.00158119 
        3.98988      0.00167802      0.00156554 
        4.00554      0.00166403      0.00155014 
        4.02125      0.00164669      0.00153491 
        4.03698      0.00161722      0.00151985 
        4.05268      0.00160867      0.00150503 
        4.06839      0.00159356       0.0014904 
         4.0841      0.00157802      0.00147597 
        4.09983      0.00157057      0.00146171 
        4.11555      0.00155537      0.00144764 
        4.13124       0.0015421       0.0014338 
        4.14693       0.0015254      0.00142012 
        4.16266      0.00152037       0.0014066 
        4.17839      0.00150562      0.00139325 
        4.19408      0.00149185      0.00138011 
        4.20977      0.00148545      0.00136713 
        4.22551      0.00147556      0.00135429 
        4.24123      0.00145828      0.00134163 
        4.25691       0.0014551      0.00132916 
        4.27259      0.00145019      0.00131685 
        4.28831      0.00143848      0.00130467 
        4.30404      0.00142703      0.00129263 
        4.31974      0.00142222      0.00128077 
        4.33543      0.00141171      0.00126907 
        4.35116      0.00140086      0.00125748 
        4.36688        0.001396      0.00124604 
        4.38255      0.00139005      0.00123479 
        4.39825      0.00138494      0.00122365 
        4.41398      0.00137937      0.00121263 
         4.4297      0.00137327      0.00120175 
        4.44541      0.00136965      0.00119101 
        4.46111      0.00136495      0.00118041 
        4.47683      0.00136252      0.00116993 
        4.49251       0.0013562       0.0011596 
        4.50819      0.00135348       0.0011494 
         4.5239      0.00134844       0.0011393 
        4.53962      0.00134376      0.00112932 
        4.55535      0.00134599      0.00111944 
        4.57106      0.00134478       0.0011097 
        4.58678      0.00134331      0.00110008 
         4.6025      0.00134543      0.00109056 
        4.61821      0.00133954      0.00108116 
        4.63391      0.00134458      0.00107188 
         4.6496      0.00134063      0.00106272 
        4.66532      0.00134158      0.00105365 
        4.68103      0.00134336      0.00104469 
        4.69673      0.00134655      0.00103584 
        4.71241      0.00135157       0.0010271 
        4.72811      0.00135537      0.00101845 
        4.74384      0.00135267      0.00100988 
        4.75955      0.00135615      0.00100143 
        4.77525      0.00136343     0.000993082 
        4.79096      0.00137273     0.000984816 
        4.80669      0.00137336     0.000976641 
         4.8224      0.00138106     0.000968568 
        4.83809      0.00138159     0.000960595 
        4.85379      0.00139303     0.000952706 
         4.8695      0.00139889     0.000944899 
        4.88521      0.00140942     0.000937184 
        4.90093      0.00141629     0.000929553 
        4.91663       0.0014261     0.000922014 
        4.93234      0.00142949     0.000914551 
        4.94807      0.00144406     0.000907165 
        4.96377      0.00145382     0.000899874 
        4.97943      0.00146764     0.000892679 
        4.99514      0.00147385     0.000885544 
        5.01086      0.00149174     0.000878482 
        5.02654      0.00151365     0.000871514 
        5.04227      0.00152074     0.000864602 
          5.058      0.00153202     0.000857761 
        5.07371      0.00155326     0.000851008 
        5.08942      0.00156673     0.000844326 
        5.10513      0.00157734     0.000837716 
        5.12084      0.00160448     0.000831173 
        5.13656      0.00161656     0.000824701 
        5.15225      0.00162554     0.000818309 
        5.16796      0.00165115     0.000811974 
        5.18369      0.00168024       0.0008057 
         5.1994      0.00169619     0.000799505 
        5.21509      0.00171896      0.00079338 
        5.23079      0.00173836     0.000787312 
        5.24649      0.00176163     0.000781312 
        5.26217      0.00178673     0.000775378 
        5.27788      0.00181465     0.000769498 
        5.29359      0.00182772     0.000763678 
        5.30933       0.0018568     0.000757909 
        5.32504      0.00189215      0.00075221 
        5.34073      0.00192116     0.000746576 
        5.35646      0.00195449     0.000740988 
        5.37218      0.00198009     0.000735456 
        5.38789      0.00200134     0.000729989 
        5.40357      0.00205331     0.000724584 
        5.41929      0.00208194     0.000719222 
        5.43502      0.00211131     0.000713914 
         5.4507      0.00213788     0.000708672 
        5.46639      0.00218508     0.000703481 
        5.48212       0.0022271     0.000698331 
        5.49786      0.00226156     0.000693225 
        5.51353      0.00230759     0.000688197 
        5.52921      0.00231798     0.000683213 
        5.54495      0.00238182     0.000678263 
        5.56066      0.00242595     0.000673368 
        5.57637      0.00246922     0.000668522 
        5.59207      0.00252387     0.000663728 
        5.60778      0.00255914      0.00065898 
        5.62346      0.00260725     0.000654284 
        5.63916      0.00266002     0.000649629 
        5.65487      0.00271856     0.000645017 
         5.6706      0.00277697     0.000640445 
        5.68633      0.00284046     0.000635915 
        5.70203      0.00288873     0.000631439 
        5.71773      0.00295817     0.000627006 
        5.73344      0.00301787     0.000622614 
        5.74916      0.00306099     0.000618259 
        5.76486       0.0031457     0.000613952 
        5.78054      0.00320585     0.000609692 
        5.79626      0.00327684     0.000605462 
          5.812        0.003368     0.000601267 
         5.8277      0.00343794     0.000597123 
        5.84339      0.00351785     0.000593019 
        5.85911      0.00358698     0.000588946 
        5.87484      0.00365787     0.000584912 
        5.89053      0.00377387     0.000580923 
        5.90623       0.0038488      0.00057697 
        5.92195      0.00391695     0.000573046 
        5.93767       0.0040233     0.000569162 
        5.95336       0.0041456     0.000565319 
        5.96905      0.00423764     0.000561514 
        5.98476      0.00433149     0.000557738 
        6.00048      0.00442889     0.000553996 
        6.01617      0.00455192     0.000550293 
        6.03185      0.00466067     0.000546628 
        6.04756      0.00477386     0.000542988 
        6.06331      0.00488034     0.000539373 
        6.07903      0.00500404     0.000535799 
        6.09473      0.00512397      0.00053226 
        6.11044      0.00524847      0.00052875 
        6.12616      0.00537113     0.000525273 
        6.14186      0.00549973      0.00052183 
        6.15755      0.00569902     0.000518418 
        6.17326      0.00579539     0.000515034 
        6.18898      0.00596869     0.000511678 
        6.20467      0.00616113     0.000508359 
        6.22036      0.00630301     0.000505069 
         6.2361      0.00643079     0.000501799 
         6.2518      0.00665923     0.000498564 
        6.26748      0.00677681     0.000495364 
        6.28319      0.00699687     0.000492183 
        6.29893      0.00721206     0.000489028 
        6.31463      0.00738823     0.000485906 
        6.33033      0.00754382     0.000482812 
        6.34604      0.00777642     0.000479742 
        6.36177      0.00797908     0.000476697 
        6.37747      0.00822264     0.000473683 
        6.39316      0.00841977     0.000470697 
        6.40888      0.00864551     0.000467731 
         6.4246      0.00891863     0.000464791 
        6.44031      0.00917803     0.000461877 
        6.45601      0.00950697     0.000458992 
        6.47172       0.0097194     0.000456128 
        6.48744       0.0100359     0.000453288 
        6.50313       0.0102348     0.000450477 
        6.51882       0.0106436      0.00044769 
        6.53452       0.0109413     0.000444924 
        6.55025       0.0112725     0.000442177 
        6.56597       0.0116354     0.000439456 
        6.58166       0.0119978     0.000436762 
        6.59736       0.0123543     0.000434089 
        6.61307       0.0126997     0.000431436 
         6.6288       0.0130332     0.000428803 
         6.6445       0.0135281     0.000426196 
         6.6602       0.0140298     0.000423611 
        6.67592        0.014421     0.000421045 
        6.69164       0.0149169     0.000418501 
        6.70735       0.0153416     0.000415978 
        6.72304       0.0158705     0.000413479 
        6.73874       0.0163041        0.000411 
        6.75446       0.0170949     0.000408538 
        6.77016       0.0175149     0.000406099 
        6.78585       0.0180113     0.000403681 
        6.80156       0.0188237     0.000401281 
        6.81729       0.0194497     0.000398897 
        6.83301       0.0199989     0.000396533 
         6.8487       0.0207147     0.000394193 
         6.8644       0.0215582      0.00039187 
        6.88012         0.02234     0.000389564 
        6.89583       0.0230187     0.000387279 
        6.91151       0.0239326     0.000385015 
        6.92723       0.0246534     0.000382763 
        6.94296       0.0258222     0.000380529 
        6.95866       0.0267004     0.000378316 
        6.97436       0.0278291     0.000376121 
        6.99007        0.028971     0.000373942 
        7.00578       0.0300763     0.000371781 
        7.02147       0.0311338     0.000369639 
        7.03718       0.0320478     0.000367512 
         7.0529       0.0338703       0.0003654 
        7.06863       0.0352519     0.000363303 
        7.08433       0.0363931     0.000361226 
        7.10004       0.0379386     0.000359166 
        7.11575       0.0401777     0.000357121 
        7.13145       0.0412811     0.000355092 
        7.14715       0.0428588      0.00035308 
        7.16284       0.0448005     0.000351085 
        7.17855       0.0467487     0.000349102 
        7.19428        0.049225     0.000347132 
        7.20998       0.0518198     0.000345181 
        7.22568       0.0533832     0.000343246 
        7.24139       0.0562668     0.000341324 
        7.25711       0.0591275     0.000339416 
        7.27282       0.0616835     0.000337523 
        7.28852       0.0637626     0.000335646 
        7.30423       0.0679228     0.000333782 
        7.31995       0.0720635     0.000331932 
        7.33565       0.0748514     0.000330097 
        7.35135       0.0789539     0.000328276 
        7.36706       0.0840649     0.000326469 
        7.38277       0.0887092     0.000324674 
        7.39847       0.0934846     0.000322894 
        7.41419       0.0980791     0.000321126 
         7.4299        0.103254     0.000319371 
        7.44561        0.110061      0.00031763 
        7.46132        0.116757     0.000315902 
        7.47701        0.125567     0.000314189 
        7.49272        0.130014     0.000312487 
        7.50842        0.139826     0.000310798 
         7.5241        0.146107     0.000309123 
        7.53981        0.157043     0.000307459 
        7.55552        0.172202     0.000305806 
        7.57125        0.179654     0.000304164 
        7.58698         0.19713     0.000302533 
        7.60268        0.212309     0.000300918 
         7.6184        0.230142     0.000299312 
        7.63411        0.249781     0.000297719 
        7.64981        0.258764     0.000296139 
        7.66552        0.290953     0.000294569 
        7.68123        0.311684     0.000293011 
        7.69695        0.338272     0.000291463 
        7.71264        0.368158     0.000289928 
        7.72834        0.408922     0.000288405 
        7.74407        0.420224     0.000286889 
        7.75978        0.485212     0.000285385 
        7.77546        0.533391     0.000283896 
        7.79116         0.58374     0.000282416 
         7.8069        0.660646     0.000280942 
         7.8226        0.727026     0.000279482 
        7.83828        0.825199     0.000278035 
        7.85399        0.920516     0.000276596 
        7.86972         1.05776     0.000275164 
        7.88543         1.20259     0.000273745 
        7.90111         1.35224     0.000272338 
        7.91681         1.57565     0.000270939 
        7.93255         1.85631     0.000269547 
        7.94828         2.21259     0.000268166 
        7.96397         2.57946     0.000266796 
        7.97967         2.97958     0.000265437 
        7.99538         4.18474     0.000264086 
         8.0111         5.18418     0.000262744 
         8.0268         5.51882     0.000261412 
        8.04248         37.5587     0.000260091 
         8.0582         6.42074     0.000258776 
        8.07393         5.07878      0.00025747 
        8.08963         3.77025     0.000256175 
        8.10533         3.16343     0.000254889 
        8.12104         2.75738     0.000253611 
        8.13675         2.18456     0.000252341 
        8.15245         1.91819     0.000251081 
        8.16815         1.62828      0.00024983 
        8.18387         1.44557     0.000248586 
        8.19959         1.24515      0.00024735 
         8.2153         1.10136     0.000246123 
        8.23101         0.98272     0.000244905 
        8.24672        0.909756     0.000243695 
        8.26241         0.80403     0.000242495 
         8.2781         0.71897     0.000241303 
        8.29381        0.623108     0.000240117 
        8.30952        0.587737     0.000238939 
        8.32524        0.534422     0.000237769 
        8.34095        0.498571     0.000236607 
        8.35666        0.452657     0.000235453 
        8.37237        0.413858     0.000234306 
        8.38808        0.386687     0.000233167 
        8.40379        0.359102     0.000232036 
         8.4195        0.336535     0.000230913 
         8.4352        0.314961     0.000229797 
        8.45091        0.293879     0.000228688 
        8.46662        0.277825     0.000227587 
        8.48232        0.261996     0.000226493 
        8.49802        0.237067     0.000225406 
        8.51374        0.231162     0.000224326 
        8.52945        0.215133     0.000223253 
        8.54515        0.203859     0.000222188 
        8.56086        0.191812     0.000221128 
        8.57658        0.180524     0.000220076 
        8.59228        0.173301     0.000219032 
        8.60799        0.165145     0.000217993 
        8.62371        0.157648     0.000216961 
        8.63942        0.150542     0.000215936 
        8.65512        0.141361     0.000214918 
        8.67082         0.13549     0.000213907 
        8.68653        0.130648     0.000212902 
        8.70224        0.125372     0.000211903 
        8.71795        0.118376     0.000210911 
        8.73365        0.115031     0.000209925 
        8.74936        0.109913     0.000208946 
        8.76506        0.105256     0.000207973 
        8.78076        0.101058     0.000207007 
        8.79646       0.0975018     0.000206046 
        8.81218        0.093525     0.000205091 
        8.82791       0.0903771     0.000204141 
         8.8436       0.0869968     0.000203199 
         8.8593       0.0840386     0.000202263 
        8.87503       0.0823363      0.00020133 
        8.89076       0.0784581     0.000200404 
        8.90644       0.0762457     0.000199486 
        8.92214       0.0727325     0.000198574 
        8.93786       0.0715184     0.000197665 
        8.95357       0.0695724     0.000196763 
        8.96928       0.0674677     0.000195867 
        8.98498       0.0653085     0.000194976 
        9.00069       0.0637406     0.000194091 
        9.01639       0.0611725     0.000193211 
        9.03208       0.0604633     0.000192338 
        9.04778        0.059164      0.00019147 
        9.06351       0.0570835     0.000190605 
        9.07923       0.0555298     0.000189746 
        9.09493       0.0548239     0.000188894 
        9.11062        0.053124     0.000188047 
        9.12635       0.0518202     0.000187204 
        9.14207       0.0508611     0.000186366 
        9.15777         0.04936     0.000185534 
        9.17346       0.0485693     0.000184708 
        9.18917       0.0474697     0.000183886 
         9.2049       0.0467689     0.000183068 
        9.22061       0.0460596     0.000182256 
        9.23631        0.045074     0.000181449 
        9.25201       0.0443486     0.000180647 
        9.26773       0.0432001      0.00017985 
        9.28343       0.0433049     0.000179057 
        9.29913       0.0419368      0.00017827 
        9.31484       0.0413959     0.000177487 
        9.33057       0.0408092     0.000176707 
        9.34627       0.0405424     0.000175934 
        9.36197       0.0398116     0.000175165 
        9.37768       0.0390779     0.000174401 
        9.39338       0.0390608     0.000173641 
        9.40909       0.0383812     0.000172886 
        9.42479       0.0380635     0.000172135 
         9.4405       0.0377274     0.000171389 
        9.45621       0.0372491     0.000170647 
        9.47193       0.0369688      0.00016991 
        9.48763        0.036707     0.000169177 
        9.50334       0.0364677     0.000168448 
        9.51906       0.0360575     0.000167724 
        9.53476       0.0359074     0.000167004 
        9.55045       0.0359703     0.000166289 
        9.56616       0.0353741     0.000165577 
        9.58188       0.0356323     0.000164869 
        9.59759       0.0352568     0.000164165 
         9.6133       0.0353374     0.000163466 
        9.62901       0.0353494      0.00016277 
        9.64471       0.0349908     0.000162078 
        9.66041       0.0354398      0.00016139 
        9.67612       0.0349621     0.000160705 
        9.69184        0.035351     0.000160025 
        9.70754        0.035226     0.000159348 
        9.72324       0.0351603     0.000158677 
        9.73895       0.0356386     0.000158008 
        9.75467       0.0353422     0.000157344 
        9.77038       0.0360158     0.000156685 
        9.78607       0.0358178      0.00015603 
        9.80177       0.0359456      0.00015538 
        9.81749       0.0366148     0.000154734 
         9.8332       0.0362196     0.000154092 
         9.8489       0.0374737     0.000153455 
        9.86463       0.0370438     0.000152821 
        9.88035       0.0378439      0.00015219 
        9.89606       0.0380737     0.000151563 
        9.91175       0.0382104      0.00015094 
        9.92745       0.0393097     0.000150318 
        9.94317       0.0390963     0.000149697 
        9.95888       0.0404304     0.000149078 
        9.97458       0.0404316     0.000148461 
        9.99029       0.0409981     0.000147843 
         10.006       0.0420588     0.000147462 
        10.0217       0.0415334     0.000147462 
        10.0374       0.0439276     0.000147462 
        10.0531       0.0436208     0.000147462 
        10.0688       0.0449628     0.000147462 
        10.0845       0.0457619     0.000147462 
        10.1002       0.0458301     0.000147462 
        10.1159       0.0482681     0.000147462 
        10.1317       0.0477059     0.000147462 
        10.1474       0.0501527     0.000147462 
        10.1631       0.0505361     0.000147462 
        10.1788       0.0512523     0.000147462 
        10.1945       0.0540233     0.000147462 
        10.2102       0.0530429     0.000147462 
        10.2259       0.0570634     0.000147462 
        10.2416        0.056518     0.000147462 
        10.2573        0.058533     0.000147462 
         10.273       0.0609372     0.000147462 
        10.2887       0.0602263     0.000147462 
        10.3044       0.0659384     0.000147462 
        10.3201       0.0643847     0.000147462 
        10.3359       0.0682496     0.000147462 
        10.3516       0.0701432     0.000147462 
        10.3673       0.0707864     0.000147462 
         10.383       0.0762428     0.000147462 
        10.3987       0.0741634     0.000147462 
        10.4144       0.0822165     0.000147462 
        10.4301        0.081058     0.000147462 
        10.4458       0.0852353     0.000147462 
        10.4615       0.0896956     0.000147462 
        10.4772       0.0866899     0.000147462 
        10.4929        0.100531     0.000147462 
        10.5086       0.0964191     0.000147462 
        10.5244         0.10468     0.000147462 
        10.5401        0.107106     0.000147462 
        10.5558        0.107312     0.000147462 
        10.5715        0.122152     0.000147462 
        10.5872        0.114844     0.000147462 
        10.6029        0.132075     0.000147462 
        10.6186        0.129671     0.000147462 
        10.6343        0.136767     0.000147462 
          10.65        0.149042     0.000147462 
        10.6657        0.139598     0.000147462 
        10.6814         0.17148     0.000147462 
        10.6971        0.159063     0.000147462 
        10.7129        0.177651     0.000147462 
        10.7286        0.185336     0.000147462 
        10.7443        0.179169     0.000147462 
          10.76        0.222733     0.000147462 
        10.7757         0.19896     0.000147462 
        10.7914        0.243648     0.000147462 
        10.8071        0.234607     0.000147462 
        10.8228        0.245523     0.000147462 
        10.8385        0.284116     0.000147462 
        10.8542        0.252233     0.000147462 
        10.8699        0.342243     0.000147462 
        10.8856        0.300609     0.000147462 
        10.9014        0.359577     0.000147462 
        10.9171        0.369874     0.000147462 
        10.9328        0.332268     0.000147462 
        10.9485        0.497189     0.000147462 
        10.9642        0.398428     0.000147462 
        10.9799        0.546811     0.000147462 
        10.9956        0.492966     0.000147462 
        11.0113         0.54573     0.000147462 
         11.027        0.661582     0.000147462 
        11.0427        0.540843     0.000147462 
        11.0584        0.869527     0.000147462 
        11.0741        0.661026     0.000147462 
        11.0898        0.919248     0.000147462 
        11.1055        0.892547     0.000147462 
        11.1212        0.759365     0.000147462 
         11.137         1.40762     0.000147462 
        11.1527        0.953881     0.000147462 
        11.1684          1.6232     0.000147462 
        11.1841         1.24695     0.000147462 
        11.1998         1.68027     0.000147462 
        11.2155         1.93725     0.000147462 
        11.2312         1.51415     0.000147462 
        11.2469         2.98462     0.000147462 
        11.2626         1.98997     0.000147462 
        11.2783         3.76248     0.000147462 
         11.294         2.75357     0.000147462 
        11.3097          2.6142     0.000147462 
        11.3254         5.77345     0.000147462 
        11.3412         3.41983     0.000147462 
        11.3569         7.13986     0.000147462 
        11.3726         13.7659     0.000147462 
        11.3883         7.08868     0.000147462 
         11.404          4.7029     0.000147462 
        11.4197         3.17595     0.000147462 
        11.4354         5.22043     0.000147462 
        11.4511         2.59926     0.000147462 
        11.4668         3.65633     0.000147462 
        11.4825         2.35157     0.000147462 
        11.4982         1.79662     0.000147462 
         11.514         2.79858     0.000147462 
        11.5297         1.47348     0.000147462 
        11.5454         2.06508     0.000147462 
        11.5611         1.39869     0.000147462 
        11.5768         1.12078     0.000147462 
        11.5925         1.70728     0.000147462 
        11.6082        0.985138     0.000147462 
        11.6239         1.33076     0.000147462 
        11.6396        0.908861     0.000147462 
        11.6553        0.889824     0.000147462 
         11.671        0.974779     0.000147462 
        11.6867        0.669441     0.000147462 
        11.7024        0.887717     0.000147462 
        11.7182        0.629136     0.000147462 
        11.7339        0.676203     0.000147462 
        11.7496        0.639533     0.000147462 
        11.7653        0.490034     0.000147462 
         11.781        0.634213     0.000147462 
        11.7967        0.456871     0.000147462 
        11.8124        0.509076     0.000147462 
        11.8281        0.451625     0.000147462 
        11.8438        0.388898     0.000147462 
        11.8595        0.456369     0.000147462 
        11.8752        0.351308     0.000147462 
         11.891        0.393919     0.000147462 
        11.9067        0.335863     0.000147462 
        11.9224        0.323006     0.000147462 
        11.9381        0.328692     0.000147462 
        11.9538        0.272837     0.000147462 
        11.9695        0.311606     0.000147462 
        11.9852        0.264713     0.000147462 
        12.0009         0.26301     0.000147462 
        12.0166        0.258056     0.000147462 
        12.0323        0.222063     0.000147462 
         12.048        0.250816     0.000147462 
        12.0637        0.213127     0.000147462 
