# k  (h/Mpc)    Pcb(k)  (Mpc/h)^3    Pcb_linear(k) (Mpc/h)^3   ShotnoiseSubtracted = true
      0.0200456         6160.81         12408.2 
      0.0350414         9046.52         8864.02 
      0.0492313         7044.43         6422.44 
      0.0637834         5706.52         5348.91 
      0.0800726         4599.27         4195.55 
       0.096163         3077.75         3017.31 
       0.111083         2714.27         2428.12 
       0.126058         2149.28         2160.31 
       0.142273         1682.62         1804.24 
       0.158546         1617.81         1416.61 
        0.17375         1364.42         1207.28 
       0.188953         1245.16         1096.72 
       0.204907         1112.16         959.138 
       0.220756         950.837         806.974 
        0.23588         872.724          707.94 
         0.2514          769.81         645.982 
       0.267535         712.929         580.003 
       0.283568         641.801         508.903 
       0.299022         593.177         455.625 
       0.314451         568.914         417.964 
       0.330372         518.867         381.926 
       0.346141         482.593         345.306 
       0.361624         463.116         314.413 
       0.377134         431.899         290.074 
       0.392932         404.113         268.041 
       0.408854         387.472         246.448 
       0.424564         367.746         227.211 
       0.440253         347.257         210.966 
       0.455999         334.205         196.496 
       0.471626          316.72         182.985 
        0.48727         302.647          170.55 
       0.502856         297.571         159.542 
       0.518488         278.841         149.624 
       0.534347         264.882         140.316 
       0.550082         258.894         131.758 
       0.565732          246.79         124.008 
       0.581496         243.491         116.891 
       0.597222         233.862         110.333 
       0.612804         228.044         104.297 
       0.628434         221.192         98.6958 
       0.644267         209.802         93.4671 
       0.660051          202.42         88.6378 
       0.675724         199.977         84.1767 
       0.691403         193.214         80.0188 
       0.707174         187.429         76.1182 
       0.722871         182.786         72.4932 
        0.73838          178.12          69.143 
       0.754018         172.922         65.9795 
       0.769845         168.318         62.9796 
        0.78569         164.162          60.164 
       0.801365          160.62         57.5487 
       0.817031         156.798         55.0916 
       0.832809         153.327          52.763 
       0.848511         149.712         50.5803 
       0.864097         145.908         48.5366 
       0.879701         143.144         46.6045 
       0.895507         139.893         44.7552 
       0.911279         137.966         43.0107 
        0.92691         135.965          41.374 
       0.942635         131.609         39.8138 
       0.958396         129.084         38.3311 
       0.974128         126.196         36.9269 
       0.989692         125.738         35.6073 
        1.00528         120.504         34.3504 
        1.02113         118.668         33.1347 
        1.03692         115.604         31.9826 
        1.05264         114.723         30.8908 
        1.06832         112.535         29.8519 
        1.08405         111.018         28.8582 
        1.09979         108.192         27.9093 
        1.11537         106.701         27.0127 
        1.13105          102.79         26.1502 
        1.14679         102.454         25.3222 
        1.16256         99.6643         24.5286 
        1.17828          98.832         23.7718 
        1.19395         96.5531         23.0496 
         1.2097         95.2383         22.3538 
        1.22537         93.2127         21.6902 
          1.241         92.5718         21.0557 
        1.25666         91.1218          20.445 
        1.27241         88.7448         19.8558 
        1.28819         88.0548         19.2889 
        1.30392         85.9822         18.7459 
        1.31957         84.4808         18.2262 
        1.33529         83.8611         17.7244 
        1.35108         81.9428         17.2396 
        1.36674         80.9795         16.7764 
         1.3824          79.967         16.3307 
        1.39811         78.7331         15.8998 
        1.41389         77.8095         15.4829 
        1.42964         75.8614         15.0816 
        1.44531         75.1135         14.6966 
        1.46101         73.7903         14.3242 
        1.47667          72.868         13.9658 
        1.49229         71.5461         13.6208 
        1.50793         70.6603          13.287 
        1.52367         69.2137         12.9622 
        1.53953         68.1518         12.6462 
        1.55526         67.4966         12.3433 
        1.57092         66.6031         12.0516 
        1.58662          65.885         11.7686 
        1.60235         64.1341         11.4942 
        1.61809          63.737         11.2284 
        1.63369         62.6225         10.9734 
        1.64941          61.792         10.7245 
        1.66519         60.9344         10.4825 
        1.68085         60.1209         10.2496 
        1.69652         59.2467         10.0238 
        1.71228         58.6693         9.80354 
        1.72806         57.4127         9.58972 
        1.74368         57.0305         9.38443 
        1.75933         55.9825         9.18476 
        1.77505         55.3686         8.98997 
        1.79081         54.7453         8.80051 
         1.8065          53.758         8.61732 
        1.82218         53.0067         8.43952 
        1.83797         52.0198         8.26552 
        1.85367         51.7617         8.09741 
        1.86928           50.87         7.93499 
        1.88497         50.4036         7.77614 
        1.90073         49.3976         7.62107 
        1.91647          49.056         7.47037 
        1.93218         48.1465         7.32407 
        1.94787         47.7851         7.18191 
        1.96363         46.8622         7.04297 
        1.97935         46.3163           6.908 
        1.99499         45.3945         6.77733 
        2.01064         45.1358         6.64986 
         2.0264         44.5449         6.52487 
        2.04216         43.7044         6.40316 
        2.05781         43.2177         6.28532 
        2.07353         42.7439         6.17004 
        2.08928         42.2334          6.0574 
        2.10499         41.8801         5.94788 
        2.12065         41.2029         5.84139 
        2.13633         40.6208         5.73743 
        2.15211         40.2157         5.63533 
        2.16785          39.586           5.536 
        2.18349         39.3218         5.43969 
        2.19916         38.6066         5.34548 
        2.21489         38.2462         5.25318 
        2.23063         37.5436         5.16301 
         2.2463         37.3587         5.07536 
        2.26194         36.7064         4.98996 
        2.27765         36.3334         4.90609 
        2.29341         35.9157         4.82394 
        2.30914         35.4908         4.74384 
        2.32486         34.9114          4.6656 
        2.34061         34.6609           4.589 
        2.35635         34.2657         4.51419 
        2.37203         33.6916         4.44131 
        2.38768         33.3557         4.37018 
        2.40339         32.9362         4.30036 
        2.41914         32.6159         4.23191 
        2.43483         32.2116         4.16519 
         2.4505         31.6779         4.10001 
        2.46622         31.3033         4.03601 
        2.48195         30.9486         3.97338 
        2.49759          30.643         3.91241 
        2.51328         30.2736         3.85256 
        2.52906         29.9258         3.79358 
        2.54479         29.6366         3.73606 
        2.56049         29.2141         3.67984 
        2.57618         28.8484         3.62483 
        2.59189         28.5367         3.57087 
        2.60758         28.0956         3.51809 
        2.62325         27.7895         3.46643 
        2.63898         27.5566         3.41564 
        2.65468         27.1923         3.36597 
        2.67044         26.9298         3.31708 
        2.68618         26.6496         3.26927 
        2.70184          26.367          3.2226 
        2.71755         26.0116         3.17672 
        2.73329          25.676         3.13166 
        2.74897         25.3851         3.08763 
        2.76462         25.2226         3.04454 
        2.78034         24.8626         3.00209 
        2.79607         24.5831         2.96041 
        2.81179         24.3368         2.91957 
        2.82749         23.9683         2.87955 
        2.84321          23.626         2.84023 
        2.85893         23.4144         2.80166 
        2.87462         23.1917         2.76387 
        2.89033         23.0038         2.72674 
        2.90605         22.7901         2.69026 
        2.92176         22.4971         2.65447 
        2.93747         22.2564         2.61935 
        2.95318         22.0197         2.58486 
        2.96891         21.7071         2.55097 
        2.98456         21.5081         2.51784 
        3.00023         21.3564         2.48526 
        3.01596         21.0582         2.45314 
        3.03164         20.8364         2.42169 
        3.04738         20.5515         2.39069 
         3.0631          20.388         2.36025 
        3.07883         20.1481         2.33034 
        3.09456         20.0148         2.30095 
        3.11026         19.7148         2.27211 
        3.12596          19.573         2.24377 
        3.14163         19.3684         2.21598 
        3.15734         19.1991          2.1886 
        3.17308         18.9095         2.16161 
        3.18879         18.6532         2.13515 
        3.20447         18.5042         2.10917 
         3.2202         18.2704         2.08355 
         3.2359         18.1587         2.05839 
        3.25157         17.9625         2.03371 
        3.26729         17.7286         2.00936 
        3.28304         17.5275         1.98537 
        3.29877         17.4019         1.96179 
        3.31446         17.1796         1.93865 
        3.33014         17.0491          1.9159 
        3.34585         16.8959         1.89349 
        3.36158         16.7074         1.87139 
        3.37727         16.4689         1.84972 
        3.39294         16.3051         1.82842 
        3.40867           16.17         1.80737 
        3.42439         15.9708         1.78666 
        3.44008         15.8531         1.76632 
        3.45578         15.6636         1.74628 
        3.47153         15.4962         1.72651 
        3.48724         15.3756         1.70708 
        3.50292          15.231         1.68799 
        3.51859         15.0733         1.66921 
        3.53431         14.8729         1.65065 
        3.55007         14.7688         1.63233 
        3.56577         14.6263         1.61436 
        3.58146          14.462         1.59666 
        3.59719         14.3294         1.57919 
        3.61292         14.2291         1.56199 
        3.62859         14.0823         1.54511 
        3.64429         13.9562         1.52845 
        3.66003         13.8262         1.51198 
        3.67578         13.6686         1.49576 
        3.69146         13.4953         1.47984 
        3.70712         13.3868         1.46418 
        3.72284         13.2658         1.44868 
        3.73853         13.1456         1.43344 
        3.75422         13.0236         1.41842 
        3.76993         12.8817         1.40359 
        3.78564         12.7424         1.38898 
        3.80137         12.6447         1.37456 
        3.81707         12.5106         1.36037 
        3.83279         12.3871         1.34637 
        3.84853         12.2471         1.33255 
        3.86424         12.1147         1.31895 
        3.87992         12.0623         1.30555 
        3.89561         11.9105         1.29234 
        3.91134          11.799         1.27929 
        3.92704         11.6836         1.26643 
        3.94273          11.596         1.25376 
        3.95845         11.5018         1.24125 
        3.97418         11.4008          1.2289 
        3.98988          11.303         1.21673 
        4.00554         11.1736         1.20476 
        4.02125         11.0825         1.19292 
        4.03698         10.9508         1.18122 
        4.05268         10.8411         1.16971 
        4.06839         10.7856         1.15834 
         4.0841         10.6781         1.14712 
        4.09983         10.5501         1.13604 
        4.11555         10.4504          1.1251 
        4.13124         10.3563         1.11434 
        4.14693         10.2689         1.10372 
        4.16266         10.1929          1.0932 
        4.17839         10.0879         1.08283 
        4.19408         10.0104         1.07262 
        4.20977         9.90649         1.06253 
        4.22551         9.83364         1.05255 
        4.24123         9.71762         1.04271 
        4.25691         9.65922         1.03302 
        4.27259         9.57106         1.02345 
        4.28831         9.47737         1.01399 
        4.30404         9.39283         1.00463 
        4.31974          9.3412        0.995413 
        4.33543          9.2403        0.986316 
        4.35116         9.14311        0.977311 
        4.36688          9.0691        0.968422 
        4.38255         8.97459        0.959676 
        4.39825         8.92212        0.951019 
        4.41398         8.83514        0.942452 
         4.4297         8.76237           0.934 
        4.44541         8.69463        0.925652 
        4.46111          8.5955        0.917413 
        4.47683         8.56216        0.909268 
        4.49251         8.44546        0.901239 
        4.50819          8.3984        0.893309 
         4.5239         8.33162        0.885462 
        4.53962         8.25016          0.8777 
        4.55535         8.17042        0.870028 
        4.57106         8.10916        0.862458 
        4.58678         8.05873        0.854976 
         4.6025         7.99147        0.847582 
        4.61821         7.90496        0.840276 
        4.63391         7.83258        0.833065 
         4.6496         7.77976        0.825943 
        4.66532         7.69481        0.818892 
        4.68103         7.62785        0.811927 
        4.69673         7.57237        0.805049 
        4.71241          7.5204        0.798258 
        4.72811         7.47314        0.791534 
        4.74384         7.39609        0.784879 
        4.75955         7.32248         0.77831 
        4.77525         7.27961         0.77182 
        4.79096         7.22169        0.765396 
        4.80669         7.15914        0.759043 
         4.8224         7.08494        0.752768 
        4.83809         7.04974        0.746571 
        4.85379         6.99333         0.74044 
         4.8695         6.94545        0.734373 
        4.88521         6.87453        0.728376 
        4.90093         6.79986        0.722446 
        4.91663         6.76473        0.716587 
        4.93234         6.70943        0.710786 
        4.94807         6.64692        0.705046 
        4.96377         6.58508         0.69938 
        4.97943         6.54093        0.693788 
        4.99514         6.49942        0.688242 
        5.01086         6.43963        0.682753 
        5.02654         6.39716        0.677338 
        5.04227          6.3456        0.671966 
          5.058         6.29614        0.666649 
        5.07371         6.25921        0.661401 
        5.08942         6.21558        0.656208 
        5.10513         6.14792         0.65107 
        5.12084         6.09052        0.645985 
        5.13656         6.05851        0.640955 
        5.15225         6.01535        0.635987 
        5.16796          5.9777        0.631064 
        5.18369         5.91477        0.626188 
         5.1994         5.87504        0.621373 
        5.21509         5.83494        0.616612 
        5.23079         5.77863        0.611896 
        5.24649         5.74049        0.607233 
        5.26217         5.70226        0.602622 
        5.27788          5.6622        0.598052 
        5.29359         5.60993        0.593528 
        5.30933         5.56671        0.589045 
        5.32504         5.53766        0.584615 
        5.34073         5.48869        0.580236 
        5.35646         5.44595        0.575893 
        5.37218         5.40884        0.571594 
        5.38789         5.35743        0.567345 
        5.40357         5.33662        0.563145 
        5.41929         5.28452        0.558977 
        5.43502         5.25449        0.554852 
         5.4507         5.21156        0.550777 
        5.46639         5.17602        0.546743 
        5.48212         5.14153         0.54274 
        5.49786         5.11215        0.538773 
        5.51353         5.06454        0.534864 
        5.52921         5.03876        0.530991 
        5.54495         5.00067        0.527144 
        5.56066         4.96386         0.52334 
        5.57637         4.91284        0.519574 
        5.59207         4.87879        0.515848 
        5.60778         4.85474        0.512157 
        5.62346         4.81318        0.508507 
        5.63916         4.77599         0.50489 
        5.65487         4.75908        0.501306 
         5.6706          4.7134        0.497752 
        5.68633         4.68408        0.494232 
        5.70203         4.64861        0.490752 
        5.71773         4.61066        0.487307 
        5.73344         4.57381        0.483893 
        5.74916         4.55143        0.480509 
        5.76486         4.52648        0.477162 
        5.78054         4.49052        0.473851 
        5.79626         4.45188        0.470563 
          5.812         4.42898        0.467303 
         5.8277         4.39905        0.464083 
        5.84339         4.37291        0.460893 
        5.85911         4.32929        0.457727 
        5.87484          4.3121        0.454592 
        5.89053         4.28218        0.451492 
        5.90623          4.2544        0.448419 
        5.92195         4.22198         0.44537 
        5.93767         4.19003        0.442351 
        5.95336         4.16848        0.439364 
        5.96905         4.13362        0.436407 
        5.98476          4.1109        0.433472 
        6.00048         4.07943        0.430564 
        6.01617         4.05276        0.427686 
        6.03185         4.02096        0.424837 
        6.04756         3.99562        0.422008 
        6.06331          3.9648        0.419199 
        6.07903         3.94344        0.416421 
        6.09473         3.92405        0.413671 
        6.11044         3.89568        0.410943 
        6.12616         3.87127         0.40824 
        6.14186         3.84753        0.405564 
        6.15755         3.82137        0.402913 
        6.17326         3.79605        0.400283 
        6.18898         3.76997        0.397675 
        6.20467         3.74822        0.395095 
        6.22036         3.72205        0.392538 
         6.2361         3.70488        0.389997 
         6.2518         3.67978        0.387482 
        6.26748         3.65268        0.384995 
        6.28319         3.62943        0.382523 
        6.29893         3.60656        0.380071 
        6.31463         3.57867        0.377644 
        6.33033         3.56563         0.37524 
        6.34604         3.53897        0.372854 
        6.36177         3.51313        0.370487 
        6.37747         3.49723        0.368145 
        6.39316         3.47749        0.365824 
        6.40888         3.45678        0.363519 
         6.4246         3.43795        0.361234 
        6.44031         3.40815         0.35897 
        6.45601         3.38755        0.356727 
        6.47172         3.36971        0.354502 
        6.48744         3.34922        0.352294 
        6.50313         3.33278        0.350109 
        6.51882          3.3056        0.347943 
        6.53452         3.28372        0.345794 
        6.55025         3.27122        0.343658 
        6.56597         3.25195        0.341544 
        6.58166          3.2315         0.33945 
        6.59736         3.21217        0.337373 
        6.61307         3.18853        0.335311 
         6.6288          3.1712        0.333265 
         6.6445         3.15097        0.331238 
         6.6602         3.12824        0.329229 
        6.67592         3.11648        0.327235 
        6.69164         3.09128        0.325258 
        6.70735         3.07432        0.323297 
        6.72304         3.06288        0.321354 
        6.73874         3.04129        0.319428 
        6.75446         3.02418        0.317514 
        6.77016         3.00791        0.315619 
        6.78585         2.98745        0.313739 
        6.80156         2.97132        0.311875 
        6.81729         2.95197        0.310021 
        6.83301         2.93928        0.308184 
         6.8487         2.92246        0.306365 
         6.8644         2.90089         0.30456 
        6.88012         2.88476        0.302768 
        6.89583         2.86702        0.300992 
        6.91151         2.85335        0.299232 
        6.92723         2.83623        0.297482 
        6.94296         2.82048        0.295746 
        6.95866          2.8084        0.294026 
        6.97436         2.79413         0.29232 
        6.99007         2.77495        0.290627 
        7.00578         2.76039        0.288947 
        7.02147         2.74224        0.287283 
        7.03718         2.72913        0.285629 
         7.0529         2.71506        0.283988 
        7.06863         2.69994        0.282358 
        7.08433         2.68489        0.280744 
        7.10004         2.66737        0.279142 
        7.11575         2.65524        0.277553 
        7.13145         2.64202        0.275976 
        7.14715         2.62756        0.274412 
        7.16284          2.6104        0.272862 
        7.17855         2.59896        0.271321 
        7.19428         2.58435         0.26979 
        7.20998         2.57024        0.268274 
        7.22568         2.55856        0.266769 
        7.24139         2.54421        0.265276 
        7.25711         2.53141        0.263793 
        7.27282         2.52004        0.262322 
        7.28852         2.50364        0.260863 
        7.30423         2.49349        0.259414 
        7.31995          2.4772        0.257976 
        7.33565         2.46427         0.25655 
        7.35135          2.4544        0.255135 
        7.36706         2.43727        0.253731 
        7.38277         2.42806        0.252336 
        7.39847         2.41456        0.250952 
        7.41419         2.40276        0.249578 
         7.4299         2.38629        0.248214 
        7.44561         2.37719        0.246861 
        7.46132         2.36244        0.245518 
        7.47701         2.35365        0.244187 
        7.49272         2.34312        0.242864 
        7.50842         2.33024        0.241551 
         7.5241         2.31912         0.24025 
        7.53981         2.30823        0.238956 
        7.55552         2.29758        0.237672 
        7.57125          2.2813        0.236395 
        7.58698         2.27099        0.235128 
        7.60268          2.2622        0.233872 
         7.6184         2.24789        0.232625 
        7.63411         2.23782        0.231386 
        7.64981         2.23307        0.230158 
        7.66552         2.21745        0.228938 
        7.68123         2.20324        0.227727 
        7.69695         2.19254        0.226524 
        7.71264         2.18472        0.225331 
        7.72834         2.17293        0.224147 
        7.74407         2.16142        0.222969 
        7.75978         2.15277        0.221801 
        7.77546         2.14139        0.220643 
        7.79116         2.13119        0.219493 
         7.8069         2.12025        0.218348 
         7.8226          2.1098        0.217213 
        7.83828         2.10449        0.216088 
        7.85399         2.08867        0.214969 
        7.86972         2.08321        0.213856 
        7.88543         2.07422        0.212753 
        7.90111          2.0582         0.21166 
        7.91681         2.05234        0.210573 
        7.93255         2.04689        0.209491 
        7.94828         2.03562        0.208417 
        7.96397          2.0222        0.207353 
        7.97967         2.01948        0.206297 
        7.99538         2.00434        0.205247 
         8.0111         1.99861        0.204204 
         8.0268         1.98871        0.203168 
        8.04248         1.97887        0.202142 
         8.0582         1.96925         0.20112 
        8.07393         1.96095        0.200105 
        8.08963         1.95154        0.199098 
        8.10533         1.94403        0.198099 
        8.12104         1.93483        0.197105 
        8.13675         1.92511        0.196119 
        8.15245         1.91994         0.19514 
        8.16815         1.90824        0.194167 
        8.18387         1.90294          0.1932 
        8.19959         1.89012         0.19224 
         8.2153         1.88278        0.191286 
        8.23101         1.87551         0.19034 
        8.24672         1.86816        0.189399 
        8.26241         1.85949        0.188466 
         8.2781         1.85108         0.18754 
        8.29381         1.84339        0.186618 
        8.30952         1.83527        0.185703 
        8.32524         1.82743        0.184793 
        8.34095         1.81938         0.18389 
        8.35666         1.81357        0.182993 
        8.37237         1.80537        0.182102 
        8.38808         1.79554        0.181217 
        8.40379         1.79178        0.180338 
         8.4195         1.78334        0.179465 
         8.4352         1.77669        0.178597 
        8.45091         1.76759        0.177736 
        8.46662         1.75998         0.17688 
        8.48232         1.75434         0.17603 
        8.49802         1.74444        0.175185 
        8.51374         1.73773        0.174345 
        8.52945         1.73116        0.173511 
        8.54515         1.72447        0.172684 
        8.56086         1.71825         0.17186 
        8.57658          1.7141        0.171043 
        8.59228         1.70471        0.170231 
        8.60799         1.69804        0.169423 
        8.62371         1.69113        0.168622 
        8.63942         1.68621        0.167825 
        8.65512         1.67784        0.167034 
        8.67082         1.67155        0.166248 
        8.68653         1.66507        0.165467 
        8.70224         1.65855         0.16469 
        8.71795         1.65194         0.16392 
        8.73365         1.64582        0.163153 
        8.74936         1.63868        0.162392 
        8.76506         1.63424        0.161636 
        8.78076         1.62744        0.160885 
        8.79646         1.62081        0.160138 
        8.81218         1.61587        0.159396 
        8.82791         1.60823        0.158658 
         8.8436         1.60427        0.157925 
         8.8593         1.59646        0.157198 
        8.87503         1.59077        0.156473 
        8.89076         1.58596        0.155754 
        8.90644         1.57872         0.15504 
        8.92214         1.57257        0.154331 
        8.93786         1.56685        0.153625 
        8.95357         1.56137        0.152924 
        8.96928         1.55639        0.152227 
        8.98498         1.55042        0.151535 
        9.00069         1.54507        0.150847 
        9.01639         1.53784        0.150163 
        9.03208         1.53318        0.149485 
        9.04778          1.5266         0.14881 
        9.06351         1.52278        0.148138 
        9.07923         1.51701         0.14747 
        9.09493         1.50949        0.146808 
        9.11062         1.50671         0.14615 
        9.12635         1.50012        0.145494 
        9.14207         1.49702        0.144843 
        9.15777         1.49034        0.144197 
        9.17346         1.48736        0.143555 
        9.18917         1.48115        0.142916 
         9.2049         1.47571         0.14228 
        9.22061         1.47029        0.141649 
        9.23631         1.46732        0.141022 
        9.25201         1.46113        0.140398 
        9.26773         1.45633        0.139779 
        9.28343         1.45057        0.139163 
        9.29913         1.44767        0.138551 
        9.31484         1.44405        0.137942 
        9.33057         1.43849        0.137336 
        9.34627         1.43275        0.136735 
        9.36197         1.42709        0.136138 
        9.37768         1.42436        0.135544 
        9.39338         1.41828        0.134953 
        9.40909         1.41377        0.134366 
        9.42479         1.41138        0.133783 
         9.4405         1.40522        0.133203 
        9.45621         1.40118        0.132626 
        9.47193         1.39564        0.132053 
        9.48763         1.39278        0.131484 
        9.50334         1.38869        0.130917 
        9.51906         1.38393        0.130354 
        9.53476         1.37953        0.129795 
        9.55045         1.37579        0.129239 
        9.56616         1.37151        0.128686 
        9.58188          1.3667        0.128136 
        9.59759         1.36246        0.127589 
         9.6133         1.36039        0.127045 
        9.62901         1.35571        0.126504 
        9.64471         1.35162        0.125966 
        9.66041         1.34645        0.125432 
        9.67612         1.34364          0.1249 
        9.69184         1.33835        0.124371 
        9.70754         1.33502        0.123845 
        9.72324         1.33031        0.123323 
        9.73895         1.32786        0.122804 
        9.75467          1.3239        0.122288 
        9.77038            1.32        0.121775 
        9.78607         1.31701        0.121266 
        9.80177         1.31196        0.120761 
        9.81749         1.30874        0.120259 
         9.8332         1.30551         0.11976 
         9.8489         1.30292        0.119265 
        9.86463          1.2974        0.118772 
        9.88035         1.29473        0.118282 
        9.89606         1.29186        0.117795 
        9.91175         1.28809         0.11731 
        9.92745          1.2832        0.116827 
        9.94317         1.28119        0.116344 
        9.95888         1.27732        0.115863 
        9.97458         1.27509        0.115383 
        9.99029         1.27233        0.114903 
         10.006         1.26753        0.114607 
        10.0217         1.26543        0.114607 
        10.0374         1.26162        0.114607 
        10.0531          1.2596        0.114607 
        10.0688          1.2552        0.114607 
        10.0845         1.25201        0.114607 
        10.1002         1.24789        0.114607 
        10.1159         1.24674        0.114607 
        10.1317         1.24335        0.114607 
        10.1474         1.24147        0.114607 
        10.1631         1.23834        0.114607 
        10.1788          1.2337        0.114607 
        10.1945         1.23259        0.114607 
        10.2102         1.22935        0.114607 
        10.2259         1.22685        0.114607 
        10.2416         1.22248        0.114607 
        10.2573         1.22044        0.114607 
         10.273         1.21856        0.114607 
        10.2887         1.21604        0.114607 
        10.3044         1.21338        0.114607 
        10.3201         1.21128        0.114607 
        10.3359         1.20768        0.114607 
        10.3516         1.20351        0.114607 
        10.3673         1.20281        0.114607 
         10.383         1.19888        0.114607 
        10.3987         1.19794        0.114607 
        10.4144         1.19536        0.114607 
        10.4301         1.19221        0.114607 
        10.4458         1.18953        0.114607 
        10.4615         1.18691        0.114607 
        10.4772         1.18613        0.114607 
        10.4929         1.18306        0.114607 
        10.5086         1.18038        0.114607 
        10.5244         1.17839        0.114607 
        10.5401         1.17707        0.114607 
        10.5558          1.1737        0.114607 
        10.5715         1.17271        0.114607 
        10.5872         1.17131        0.114607 
        10.6029         1.16857        0.114607 
        10.6186         1.16601        0.114607 
        10.6343         1.16356        0.114607 
          10.65         1.16254        0.114607 
        10.6657         1.16016        0.114607 
        10.6814         1.15875        0.114607 
        10.6971         1.15683        0.114607 
        10.7129         1.15486        0.114607 
        10.7286         1.15364        0.114607 
        10.7443         1.15014        0.114607 
          10.76         1.14831        0.114607 
        10.7757          1.1474        0.114607 
        10.7914         1.14439        0.114607 
        10.8071         1.14198        0.114607 
        10.8228         1.14178        0.114607 
        10.8385         1.14086        0.114607 
        10.8542         1.13948        0.114607 
        10.8699         1.13801        0.114607 
        10.8856         1.13547        0.114607 
        10.9014         1.13444        0.114607 
        10.9171          1.1321        0.114607 
        10.9328         1.13079        0.114607 
        10.9485         1.12837        0.114607 
        10.9642         1.12785        0.114607 
        10.9799         1.12707        0.114607 
        10.9956         1.12629        0.114607 
        11.0113         1.12341        0.114607 
         11.027         1.12248        0.114607 
        11.0427         1.12136        0.114607 
        11.0584         1.12102        0.114607 
        11.0741         1.11911        0.114607 
        11.0898          1.1187        0.114607 
        11.1055         1.11687        0.114607 
        11.1212         1.11667        0.114607 
         11.137         1.11335        0.114607 
        11.1527         1.11371        0.114607 
        11.1684          1.1138        0.114607 
        11.1841         1.11103        0.114607 
        11.1998         1.11102        0.114607 
        11.2155         1.10912        0.114607 
        11.2312         1.10877        0.114607 
        11.2469         1.10856        0.114607 
        11.2626         1.10672        0.114607 
        11.2783         1.10506        0.114607 
         11.294         1.10594        0.114607 
        11.3097         1.10519        0.114607 
        11.3254          1.1023        0.114607 
        11.3412         1.10353        0.114607 
        11.3569         1.10222        0.114607 
        11.3726         1.10222        0.114607 
        11.3883         1.10165        0.114607 
         11.404          1.1008        0.114607 
        11.4197         1.10083        0.114607 
        11.4354         1.09952        0.114607 
        11.4511          1.0992        0.114607 
        11.4668         1.09819        0.114607 
        11.4825         1.09882        0.114607 
        11.4982         1.09802        0.114607 
         11.514         1.09781        0.114607 
        11.5297         1.09689        0.114607 
        11.5454         1.09686        0.114607 
        11.5611         1.09593        0.114607 
        11.5768          1.0968        0.114607 
        11.5925         1.09662        0.114607 
        11.6082         1.09591        0.114607 
        11.6239         1.09551        0.114607 
        11.6396         1.09434        0.114607 
        11.6553         1.09638        0.114607 
         11.671         1.09635        0.114607 
        11.6867         1.09578        0.114607 
        11.7024         1.09618        0.114607 
        11.7182         1.09502        0.114607 
        11.7339         1.09551        0.114607 
        11.7496         1.09601        0.114607 
        11.7653         1.09561        0.114607 
         11.781         1.09567        0.114607 
        11.7967         1.09632        0.114607 
        11.8124         1.09712        0.114607 
        11.8281         1.09628        0.114607 
        11.8438         1.09693        0.114607 
        11.8595         1.09685        0.114607 
        11.8752         1.09744        0.114607 
         11.891          1.0981        0.114607 
        11.9067         1.09883        0.114607 
        11.9224         1.10006        0.114607 
        11.9381          1.0998        0.114607 
        11.9538             1.1        0.114607 
        11.9695          1.1022        0.114607 
        11.9852         1.10183        0.114607 
        12.0009         1.10242        0.114607 
        12.0166         1.10326        0.114607 
        12.0323         1.10488        0.114607 
         12.048         1.10505        0.114607 
        12.0637         1.10548        0.114607 
