# k  (h/Mpc)    Pcb(k)  (Mpc/h)^3    Pcb_linear(k) (Mpc/h)^3   ShotnoiseSubtracted = true
      0.0200456         2678.31         2713.16 
      0.0350414         1971.28         1938.19 
      0.0492313         1406.23         1404.32 
      0.0637834         1150.09         1169.58 
      0.0800726         900.086         917.392 
       0.096163         674.366          659.76 
       0.111083         546.888         530.929 
       0.126058         468.777         472.369 
       0.142273         392.395         394.512 
       0.158546         315.487         309.753 
        0.17375         272.863         263.982 
       0.188953          246.72         239.806 
       0.204907         208.947         209.723 
       0.220756         182.934         176.451 
        0.23588         160.986         154.797 
         0.2514         145.988         141.249 
       0.267535         134.725         126.822 
       0.283568         117.743         111.276 
       0.299022          108.05         99.6261 
       0.314451         102.261         91.3912 
       0.330372         90.8785         83.5112 
       0.346141          82.964         75.5039 
       0.361624         76.3936         68.7489 
       0.377134         69.9049         63.4271 
       0.392932         67.5728         58.6094 
       0.408854         61.8016         53.8878 
       0.424564         58.8918         49.6815 
       0.440253         53.7098         46.1295 
       0.455999         49.0953         42.9655 
       0.471626         46.5552         40.0112 
        0.48727         45.1402         37.2922 
       0.502856         42.0288         34.8852 
       0.518488         39.4299         32.7166 
       0.534347         37.0939         30.6812 
       0.550082         35.6378           28.81 
       0.565732         34.2652         27.1154 
       0.581496         32.1169         25.5593 
       0.597222          30.397         24.1251 
       0.612804         28.9766         22.8054 
       0.628434         28.3782         21.5806 
       0.644267         26.8211         20.4374 
       0.660051         25.4845         19.3814 
       0.675724         24.3057         18.4059 
       0.691403         23.7931         17.4968 
       0.707174          22.793         16.6439 
       0.722871          22.025         15.8512 
        0.73838         20.8489         15.1187 
       0.754018         19.7797          14.427 
       0.769845          19.281          13.771 
        0.78569         18.6549         13.1553 
       0.801365         17.9554         12.5835 
       0.817031         17.2729         12.0462 
       0.832809         16.7466         11.5371 
       0.848511         16.2144         11.0598 
       0.864097         15.6633         10.6129 
       0.879701         15.3872         10.1904 
       0.895507         14.8036          9.7861 
       0.911279         14.1858         9.40463 
        0.92691         13.8885         9.04676 
       0.942635         13.5298         8.70561 
       0.958396         13.0622         8.38141 
       0.974128         12.7266         8.07438 
       0.989692         12.1459         7.78582 
        1.00528         12.0529         7.51099 
        1.02113          11.635         7.24518 
        1.03692         11.3604         6.99326 
        1.05264          11.082         6.75453 
        1.06832         10.8321         6.52736 
        1.08405         10.5333         6.31008 
        1.09979         10.2636          6.1026 
        1.11537         9.99484         5.90654 
        1.13105          9.8047         5.71796 
        1.14679          9.5776         5.53691 
        1.16256         9.34332         5.36339 
        1.17828         9.14622          5.1979 
        1.19395         8.95234         5.03998 
         1.2097          8.6649         4.88784 
        1.22537         8.50383         4.74274 
          1.241         8.27727         4.60399 
        1.25666         8.23714         4.47047 
        1.27241         8.04141         4.34163 
        1.28819         7.71683         4.21767 
        1.30392         7.66781         4.09893 
        1.31957         7.47582         3.98531 
        1.33529         7.36116         3.87559 
        1.35108          7.1988         3.76958 
        1.36674         7.01407          3.6683 
         1.3824         6.93273         3.57085 
        1.39811         6.79029         3.47663 
        1.41389         6.63107         3.38545 
        1.42964         6.53404         3.29771 
        1.44531         6.40242         3.21352 
        1.46101         6.32892          3.1321 
        1.47667          6.1866         3.05374 
        1.49229         6.01888         2.97829 
        1.50793         5.94216          2.9053 
        1.52367         5.82529          2.8343 
        1.53953         5.72374          2.7652 
        1.55526          5.6647         2.69896 
        1.57092         5.54158         2.63517 
        1.58662         5.45035          2.5733 
        1.60235         5.37538          2.5133 
        1.61809          5.2876         2.45518 
        1.63369         5.17774         2.39942 
        1.64941         5.09508           2.345 
        1.66519         5.02752         2.29208 
        1.68085         4.93325         2.24117 
        1.69652         4.87611         2.19179 
        1.71228         4.81688         2.14362 
        1.72806         4.71811         2.09687 
        1.74368         4.66258         2.05198 
        1.75933         4.58592         2.00832 
        1.77505         4.49137         1.96573 
        1.79081         4.45439          1.9243 
         1.8065         4.40263         1.88425 
        1.82218         4.32463         1.84537 
        1.83797         4.24045         1.80732 
        1.85367         4.18151         1.77056 
        1.86928         4.15311         1.73505 
        1.88497         4.06154         1.70032 
        1.90073         4.01628         1.66641 
        1.91647         3.94712         1.63346 
        1.93218         3.89982         1.60147 
        1.94787         3.84975         1.57038 
        1.96363         3.80253            1.54 
        1.97935         3.75743         1.51049 
        1.99499         3.70717         1.48192 
        2.01064         3.65632         1.45405 
         2.0264         3.60731         1.42672 
        2.04216         3.55461          1.4001 
        2.05781         3.51187         1.37434 
        2.07353         3.48063         1.34913 
        2.08928         3.41196          1.3245 
        2.10499         3.37161         1.30055 
        2.12065         3.37238         1.27727 
        2.13633         3.31021         1.25454 
        2.15211          3.2501         1.23221 
        2.16785         3.21449         1.21049 
        2.18349         3.18592         1.18943 
        2.19916         3.14989         1.16883 
        2.21489         3.11172         1.14865 
        2.23063         3.06746         1.12893 
         2.2463         3.02793         1.10977 
        2.26194         2.98791          1.0911 
        2.27765         2.93505         1.07276 
        2.29341         2.90926         1.05479 
        2.30914         2.87859         1.03728 
        2.32486         2.85973         1.02017 
        2.34061         2.82697         1.00342 
        2.35635         2.79004        0.987064 
        2.37203         2.77335        0.971128 
        2.38768         2.74582        0.955576 
        2.40339         2.69224         0.94031 
        2.41914         2.66626        0.925341 
        2.43483         2.63407        0.910752 
         2.4505          2.6132        0.896501 
        2.46622         2.58325        0.882507 
        2.48195         2.56243        0.868812 
        2.49759          2.5247        0.855479 
        2.51328         2.50298        0.842393 
        2.52906         2.47492        0.829497 
        2.54479         2.44992         0.81692 
        2.56049         2.42378        0.804628 
        2.57618         2.39966          0.7926 
        2.59189         2.39122        0.780799 
        2.60758         2.36139        0.769258 
        2.62325           2.318        0.757964 
        2.63898         2.29505        0.746858 
        2.65468         2.27281        0.735997 
        2.67044         2.26579        0.725307 
        2.68618         2.24176        0.714853 
        2.70184         2.21832        0.704647 
        2.71755         2.18775        0.694615 
        2.73329         2.16726        0.684763 
        2.74897         2.14728        0.675135 
        2.76462         2.12508        0.665713 
        2.78034         2.11349        0.656432 
        2.79607          2.0866        0.647318 
        2.81179          2.0667        0.638388 
        2.82749          2.0443        0.629637 
        2.84321          2.0264        0.621039 
        2.85893         2.00432        0.612605 
        2.87462         1.99506        0.604342 
        2.89033         1.97686        0.596224 
        2.90605         1.95879        0.588248 
        2.92176         1.93497        0.580422 
        2.93747         1.91792        0.572743 
        2.95318         1.90198        0.565201 
        2.96891         1.89181        0.557791 
        2.98456         1.87341        0.550547 
        3.00023         1.85626        0.543421 
        3.01596         1.83297        0.536399 
        3.03164         1.81716        0.529522 
        3.04738         1.80706        0.522745 
         3.0631         1.78959        0.516088 
        3.07883          1.7761        0.509548 
        3.09456         1.75416        0.503122 
        3.11026         1.74358        0.496816 
        3.12596         1.72573        0.490619 
        3.14163         1.71803        0.484543 
        3.15734         1.69864        0.478555 
        3.17308         1.68888        0.472654 
        3.18879         1.67645        0.466868 
        3.20447         1.65478        0.461188 
         3.2202         1.65068        0.455585 
         3.2359         1.63298        0.450084 
        3.25157         1.61681        0.444688 
        3.26729         1.60217        0.439364 
        3.28304         1.59076        0.434116 
        3.29877         1.57571        0.428962 
        3.31446         1.56584        0.423902 
        3.33014         1.55397        0.418928 
        3.34585         1.54201        0.414026 
        3.36158         1.52653        0.409196 
        3.37727         1.52105        0.404457 
        3.39294         1.50535        0.399798 
        3.40867         1.49926        0.395196 
        3.42439         1.48253        0.390669 
        3.44008         1.47151        0.386221 
        3.45578         1.46048        0.381839 
        3.47153         1.44962        0.377516 
        3.48724         1.43829        0.373267 
        3.50292         1.42352        0.369094 
        3.51859         1.42004        0.364986 
        3.53431         1.40366        0.360928 
        3.55007         1.40033        0.356922 
        3.56577         1.38716        0.352992 
        3.58146         1.37973        0.349123 
        3.59719         1.36776        0.345303 
        3.61292         1.35776        0.341542 
        3.62859         1.34694        0.337851 
        3.64429         1.33923        0.334207 
        3.66003          1.3293        0.330606 
        3.67578         1.31865         0.32706 
        3.69146         1.30872        0.323578 
        3.70712         1.29833        0.320154 
        3.72284         1.29065        0.316767 
        3.73853         1.28405        0.313434 
        3.75422         1.27264        0.310148 
        3.76993         1.26334        0.306907 
        3.78564         1.25252        0.303713 
        3.80137         1.24714        0.300559 
        3.81707         1.23576        0.297457 
        3.83279          1.2342        0.294396 
        3.84853         1.22314        0.291373 
        3.86424         1.21212        0.288398 
        3.87992         1.20571         0.28547 
        3.89561          1.1947        0.282581 
        3.91134         1.18928        0.279727 
        3.92704         1.18058        0.276916 
        3.94273         1.17492        0.274146 
        3.95845         1.16296        0.271409 
        3.97418         1.15699        0.268708 
        3.98988         1.15171        0.266048 
        4.00554         1.14108        0.263432 
        4.02125         1.13329        0.260843 
        4.03698         1.12455        0.258284 
        4.05268         1.11684        0.255766 
        4.06839         1.10859         0.25328 
         4.0841          1.0999        0.250827 
        4.09983         1.09137        0.248403 
        4.11555         1.08478        0.246013 
        4.13124         1.07591         0.24366 
        4.14693         1.06839        0.241336 
        4.16266         1.06323        0.239037 
        4.17839         1.05521         0.23677 
        4.19408         1.04806        0.234537 
        4.20977         1.04139        0.232331 
        4.22551         1.03543        0.230149 
        4.24123         1.02569        0.227997 
        4.25691         1.01882        0.225879 
        4.27259         1.01025        0.223787 
        4.28831          1.0085        0.221717 
        4.30404        0.998837        0.219671 
        4.31974        0.991181        0.217655 
        4.33543        0.985423        0.215666 
        4.35116        0.980675        0.213697 
        4.36688        0.972871        0.211753 
        4.38255        0.968973        0.209841 
        4.39825        0.962429        0.207948 
        4.41398        0.957001        0.206075 
         4.4297        0.951306        0.204227 
        4.44541        0.943044        0.202401 
        4.46111        0.937539          0.2006 
        4.47683        0.934564        0.198819 
        4.49251        0.928398        0.197063 
        4.50819        0.922873        0.195329 
         4.5239        0.917733        0.193614 
        4.53962        0.911911        0.191916 
        4.55535        0.908471        0.190239 
        4.57106        0.902833        0.188583 
        4.58678        0.900498        0.186948 
         4.6025        0.893996        0.185331 
        4.61821        0.891661        0.183733 
        4.63391        0.887535        0.182157 
         4.6496        0.879215        0.180599 
        4.66532        0.878243        0.179057 
        4.68103        0.872349        0.177534 
        4.69673        0.870048        0.176031 
        4.71241        0.864009        0.174546 
        4.72811        0.863376        0.173075 
        4.74384        0.857643         0.17162 
        4.75955        0.855609        0.170184 
        4.77525        0.849171        0.168765 
        4.79096        0.843903         0.16736 
        4.80669        0.842945        0.165971 
         4.8224        0.838387        0.164599 
        4.83809        0.836076        0.163244 
        4.85379        0.832465        0.161903 
         4.8695        0.827578        0.160577 
        4.88521        0.826568        0.159265 
        4.90093        0.823779        0.157969 
        4.91663        0.820197        0.156687 
        4.93234        0.816385        0.155419 
        4.94807        0.811158        0.154164 
        4.96377        0.810673        0.152925 
        4.97943        0.809533        0.151702 
        4.99514        0.806985         0.15049 
        5.01086        0.801212         0.14929 
        5.02654         0.79883        0.148106 
        5.04227        0.796056        0.146931 
          5.058        0.794308        0.145768 
        5.07371        0.790936        0.144621 
        5.08942        0.789078        0.143485 
        5.10513        0.788863        0.142362 
        5.12084        0.784489         0.14125 
        5.13656        0.781383         0.14015 
        5.15225        0.777618        0.139064 
        5.16796        0.775852        0.137987 
        5.18369         0.77495        0.136921 
         5.1994        0.773582        0.135868 
        5.21509        0.769506        0.134827 
        5.23079        0.768332        0.133796 
        5.24649        0.765904        0.132776 
        5.26217        0.764716        0.131768 
        5.27788        0.760417        0.130769 
        5.29359        0.760667         0.12978 
        5.30933        0.758811        0.128799 
        5.32504        0.755469        0.127831 
        5.34073        0.754865        0.126873 
        5.35646        0.752239        0.125924 
        5.37218        0.751018        0.124984 
        5.38789        0.750776        0.124055 
        5.40357        0.748113        0.123136 
        5.41929        0.747485        0.122225 
        5.43502          0.7434        0.121323 
         5.4507        0.741859        0.120432 
        5.46639        0.741615         0.11955 
        5.48212        0.738136        0.118675 
        5.49786        0.737962        0.117807 
        5.51353        0.738814        0.116952 
        5.52921        0.734127        0.116105 
        5.54495        0.732602        0.115264 
        5.56066        0.734064        0.114433 
        5.57637        0.733133        0.113609 
        5.59207        0.730253        0.112794 
        5.60778        0.729179        0.111987 
        5.62346        0.728343        0.111189 
        5.63916        0.727279        0.110398 
        5.65487        0.724703        0.109615 
         5.6706        0.723837        0.108838 
        5.68633        0.721321        0.108068 
        5.70203        0.721787        0.107307 
        5.71773        0.720498        0.106554 
        5.73344         0.71784        0.105807 
        5.74916         0.71673        0.105067 
        5.76486        0.716072        0.104335 
        5.78054        0.715676        0.103611 
        5.79626        0.714622        0.102892 
          5.812        0.713218         0.10218 
         5.8277        0.711446        0.101475 
        5.84339        0.712689        0.100778 
        5.85911        0.709844        0.100086 
        5.87484        0.710089       0.0994001 
        5.89053        0.706541       0.0987223 
        5.90623        0.707581       0.0980505 
        5.92195        0.705093       0.0973837 
        5.93767         0.70465       0.0967236 
        5.95336        0.703313       0.0960706 
        5.96905        0.703617       0.0954239 
        5.98476        0.700688       0.0947822 
        6.00048        0.702143       0.0941462 
        6.01617        0.700362        0.093517 
        6.03185         0.69867       0.0928942 
        6.04756         0.69945       0.0922756 
        6.06331        0.696881       0.0916613 
        6.07903        0.697502       0.0910539 
        6.09473        0.696961       0.0904525 
        6.11044        0.695247        0.089856 
        6.12616        0.694077       0.0892651 
        6.14186        0.692865         0.08868 
        6.15755        0.692772       0.0881001 
        6.17326        0.692302       0.0875251 
        6.18898        0.690021       0.0869548 
        6.20467        0.689913       0.0863907 
        6.22036        0.688027       0.0858316 
         6.2361        0.687302        0.085276 
         6.2518        0.687813       0.0847261 
        6.26748        0.686203       0.0841824 
        6.28319        0.686191       0.0836419 
        6.29893        0.683546       0.0831056 
        6.31463        0.683906        0.082575 
        6.33033        0.682949       0.0820492 
        6.34604        0.683248       0.0815276 
        6.36177        0.682011         0.08101 
        6.37747        0.680315       0.0804979 
        6.39316        0.679456       0.0799905 
        6.40888        0.679708       0.0794865 
         6.4246        0.679578       0.0789868 
        6.44031        0.678332       0.0784916 
        6.45601        0.679456       0.0780014 
        6.47172        0.675366       0.0775147 
        6.48744        0.676088       0.0770319 
        6.50313        0.675184       0.0765542 
        6.51882        0.674916       0.0760806 
        6.53452        0.676304       0.0756106 
        6.55025        0.673612       0.0751437 
        6.56597        0.674267       0.0746814 
        6.58166        0.672372       0.0742235 
        6.59736        0.672484       0.0737693 
        6.61307        0.670645       0.0733184 
         6.6288        0.670087       0.0728711 
         6.6445        0.670834        0.072428 
         6.6602        0.668558       0.0719887 
        6.67592        0.667995       0.0715526 
        6.69164        0.667964       0.0711202 
        6.70735         0.66751       0.0706915 
        6.72304        0.666355       0.0702668 
        6.73874        0.666235       0.0698455 
        6.75446        0.664566       0.0694271 
        6.77016        0.664065       0.0690127 
        6.78585        0.664864       0.0686017 
        6.80156         0.66391       0.0681939 
        6.81729        0.661952       0.0677887 
        6.83301        0.663315       0.0673869 
         6.8487        0.663434       0.0669893 
         6.8644        0.661001       0.0665946 
        6.88012        0.660221       0.0662027 
        6.89583        0.660266       0.0658143 
        6.91151        0.661133       0.0654296 
        6.92723        0.659236       0.0650469 
        6.94296        0.659199       0.0646672 
        6.95866        0.658125       0.0642912 
        6.97436        0.657802       0.0639182 
        6.99007        0.656611       0.0635479 
        7.00578        0.656619       0.0631807 
        7.02147         0.65668       0.0628167 
        7.03718        0.656052       0.0624552 
         7.0529        0.657332       0.0620962 
        7.06863        0.654953       0.0617399 
        7.08433        0.655039       0.0613869 
        7.10004        0.654551       0.0610367 
        7.11575        0.652858       0.0606892 
        7.13145        0.651879       0.0603445 
        7.14715        0.652481       0.0600025 
        7.16284        0.652059       0.0596635 
        7.17855         0.65226       0.0593265 
        7.19428        0.650655       0.0589918 
        7.20998        0.650518       0.0586602 
        7.22568        0.650595       0.0583313 
        7.24139        0.648879       0.0580047 
        7.25711        0.647775       0.0576805 
        7.27282        0.648465       0.0573588 
        7.28852        0.647428       0.0570399 
        7.30423        0.647787        0.056723 
        7.31995        0.646461       0.0564087 
        7.33565        0.646931       0.0560968 
        7.35135        0.647217       0.0557873 
        7.36706        0.645204       0.0554803 
        7.38277        0.646402       0.0551752 
        7.39847        0.645854       0.0548727 
        7.41419        0.645104       0.0545723 
         7.4299        0.644623       0.0542741 
        7.44561         0.64433       0.0539782 
        7.46132        0.643774       0.0536846 
        7.47701         0.64222       0.0533934 
        7.49272        0.642986       0.0531041 
        7.50842        0.641836       0.0528171 
         7.5241        0.641064       0.0525326 
        7.53981        0.641927       0.0522497 
        7.55552         0.64059       0.0519688 
        7.57125        0.641314       0.0516897 
        7.58698        0.640258       0.0514126 
        7.60268        0.640253       0.0511381 
         7.6184        0.639166       0.0508653 
        7.63411        0.639153       0.0505945 
        7.64981        0.638574       0.0503259 
        7.66552        0.638429       0.0500593 
        7.68123        0.637495       0.0497944 
        7.69695        0.637688       0.0495313 
        7.71264        0.636495       0.0492706 
        7.72834        0.637053       0.0490116 
        7.74407         0.63581       0.0487541 
        7.75978        0.634604       0.0484985 
        7.77546        0.636049       0.0482454 
        7.79116        0.634649       0.0479938 
         7.8069        0.634041       0.0477435 
         7.8226        0.634254       0.0474953 
        7.83828        0.633976       0.0472493 
        7.85399        0.633216       0.0470048 
        7.86972        0.633283       0.0467615 
        7.88543        0.633235       0.0465203 
        7.90111        0.633033       0.0462812 
        7.91681        0.632316       0.0460435 
        7.93255        0.631237        0.045807 
        7.94828        0.631549       0.0455722 
        7.96397        0.631027       0.0453395 
        7.97967         0.63165       0.0451084 
        7.99538        0.632482       0.0448788 
         8.0111         0.63125       0.0446508 
         8.0268        0.631796       0.0444244 
        8.04248        0.632195          0.0442 
         8.0582        0.631167       0.0439766 
        8.07393        0.630794       0.0437545 
        8.08963        0.631957       0.0435344 
        8.10533        0.630746       0.0433159 
        8.12104        0.629769       0.0430987 
        8.13675        0.630993        0.042883 
        8.15245        0.630121       0.0426689 
        8.16815         0.63067       0.0424563 
        8.18387        0.629473       0.0422448 
        8.19959        0.630242       0.0420348 
         8.2153        0.629985       0.0418263 
        8.23101        0.630507       0.0416193 
        8.24672        0.630108       0.0414137 
        8.26241         0.62988       0.0412097 
         8.2781        0.629239       0.0410071 
        8.29381        0.629737       0.0408056 
        8.30952        0.631439       0.0406055 
        8.32524        0.630103       0.0404065 
        8.34095        0.630258        0.040209 
        8.35666        0.629984       0.0400129 
        8.37237        0.630283       0.0398181 
        8.38808        0.629865       0.0396245 
        8.40379        0.630671       0.0394323 
         8.4195        0.630453       0.0392414 
         8.4352        0.629911       0.0390518 
        8.45091         0.62972       0.0388634 
        8.46662          0.6301       0.0386762 
        8.48232        0.630772       0.0384903 
        8.49802        0.629622       0.0383057 
        8.51374        0.629917        0.038122 
        8.52945        0.630024       0.0379397 
        8.54515        0.631035       0.0377587 
        8.56086        0.629803       0.0375787 
        8.57658        0.629683       0.0373999 
        8.59228        0.630185       0.0372224 
        8.60799        0.630288       0.0370458 
        8.62371        0.630535       0.0368705 
        8.63942        0.630672       0.0366963 
        8.65512        0.630822       0.0365233 
        8.67082        0.630614       0.0363515 
        8.68653         0.63068       0.0361807 
        8.70224        0.630894       0.0360109 
        8.71795        0.630714       0.0358423 
        8.73365        0.630339       0.0356748 
        8.74936        0.629718       0.0355084 
        8.76506        0.630877       0.0353431 
        8.78076        0.630416       0.0351788 
        8.79646        0.631296       0.0350156 
        8.81218        0.631577       0.0348532 
        8.82791        0.631389       0.0346918 
         8.8436        0.631637       0.0345317 
         8.8593        0.631615       0.0343726 
        8.87503        0.630783       0.0342142 
        8.89076        0.630602       0.0340568 
        8.90644        0.632041       0.0339008 
        8.92214        0.630849       0.0337457 
        8.93786        0.631724       0.0335913 
        8.95357        0.631193        0.033438 
        8.96928        0.631932       0.0332857 
        8.98498        0.632112       0.0331344 
        9.00069        0.632038       0.0329839 
        9.01639        0.632255       0.0328344 
        9.03208        0.631808        0.032686 
        9.04778        0.632033       0.0325384 
        9.06351         0.63156       0.0323915 
        9.07923        0.631666       0.0322456 
        9.09493          0.6325       0.0321007 
        9.11062         0.63211       0.0319568 
        9.12635        0.632596       0.0318135 
        9.14207        0.632407       0.0316711 
        9.15777        0.632271       0.0315298 
        9.17346        0.632363       0.0313894 
        9.18917        0.631793       0.0312496 
         9.2049        0.633182       0.0311106 
        9.22061        0.632017       0.0309726 
        9.23631         0.63235       0.0308355 
        9.25201        0.633888       0.0306993 
        9.26773         0.63264       0.0305637 
        9.28343        0.633377        0.030429 
        9.29913        0.633123       0.0302952 
        9.31484        0.633902       0.0301622 
        9.33057        0.634314       0.0300297 
        9.34627        0.634625       0.0298982 
        9.36197        0.634163       0.0297677 
        9.37768        0.634085       0.0296377 
        9.39338        0.634029       0.0295086 
        9.40909        0.634687       0.0293803 
        9.42479        0.636181       0.0292528 
         9.4405        0.635236        0.029126 
        9.45621        0.634819       0.0289999 
        9.47193        0.635076       0.0288745 
        9.48763        0.634928         0.02875 
        9.50334        0.636078       0.0286262 
        9.51906        0.635121       0.0285031 
        9.53476        0.635588       0.0283808 
        9.55045        0.635124       0.0282592 
        9.56616        0.636898       0.0281383 
        9.58188        0.636587       0.0280179 
        9.59759        0.637121       0.0278983 
         9.6133        0.636727       0.0277794 
        9.62901        0.637332       0.0276612 
        9.64471        0.637297       0.0275436 
        9.66041        0.637449       0.0274267 
        9.67612        0.636733       0.0273104 
        9.69184        0.637025       0.0271947 
        9.70754        0.637861       0.0270798 
        9.72324        0.637708       0.0269656 
        9.73895        0.638513        0.026852 
        9.75467        0.637672       0.0267392 
        9.77038        0.638881       0.0266271 
        9.78607        0.638595       0.0265159 
        9.80177        0.639209       0.0264054 
        9.81749        0.639101       0.0262955 
         9.8332         0.63947       0.0261865 
         9.8489        0.640111       0.0260782 
        9.86463         0.63955       0.0259705 
        9.88035        0.640116       0.0258633 
        9.89606        0.640655       0.0257568 
        9.91175        0.640242       0.0256507 
        9.92745        0.641222       0.0255451 
        9.94317        0.640587       0.0254396 
        9.95888        0.640821       0.0253344 
        9.97458        0.641934       0.0252295 
        9.99029        0.641744       0.0251246 
         10.006        0.642612       0.0250598 
        10.0217        0.642497       0.0250598 
        10.0374        0.643035       0.0250598 
        10.0531        0.642432       0.0250598 
        10.0688          0.6439       0.0250598 
        10.0845         0.64412       0.0250598 
        10.1002         0.64387       0.0250598 
        10.1159        0.644477       0.0250598 
        10.1317          0.6455       0.0250598 
        10.1474        0.645064       0.0250598 
        10.1631        0.644998       0.0250598 
        10.1788        0.645921       0.0250598 
        10.1945        0.646057       0.0250598 
        10.2102        0.645912       0.0250598 
        10.2259        0.646121       0.0250598 
        10.2416        0.647029       0.0250598 
        10.2573        0.648074       0.0250598 
         10.273        0.648295       0.0250598 
        10.2887        0.647521       0.0250598 
        10.3044        0.647666       0.0250598 
        10.3201        0.649223       0.0250598 
        10.3359        0.649701       0.0250598 
        10.3516        0.649819       0.0250598 
        10.3673        0.650272       0.0250598 
         10.383        0.649754       0.0250598 
        10.3987        0.650781       0.0250598 
        10.4144        0.651055       0.0250598 
        10.4301         0.65092       0.0250598 
        10.4458        0.651721       0.0250598 
        10.4615        0.652122       0.0250598 
        10.4772        0.652569       0.0250598 
        10.4929        0.652607       0.0250598 
        10.5086        0.653941       0.0250598 
        10.5244        0.653881       0.0250598 
        10.5401         0.65418       0.0250598 
        10.5558        0.655046       0.0250598 
        10.5715        0.655879       0.0250598 
        10.5872        0.655571       0.0250598 
        10.6029        0.656572       0.0250598 
        10.6186        0.656182       0.0250598 
        10.6343        0.657079       0.0250598 
          10.65        0.657721       0.0250598 
        10.6657        0.657609       0.0250598 
        10.6814        0.658301       0.0250598 
        10.6971        0.659628       0.0250598 
        10.7129        0.659599       0.0250598 
        10.7286        0.660468       0.0250598 
        10.7443        0.660515       0.0250598 
          10.76        0.661195       0.0250598 
        10.7757        0.662211       0.0250598 
        10.7914         0.66268       0.0250598 
        10.8071        0.663281       0.0250598 
        10.8228        0.663906       0.0250598 
        10.8385        0.664257       0.0250598 
        10.8542        0.664472       0.0250598 
        10.8699        0.665112       0.0250598 
        10.8856        0.666335       0.0250598 
        10.9014        0.666385       0.0250598 
        10.9171        0.667039       0.0250598 
        10.9328        0.668439       0.0250598 
        10.9485         0.66835       0.0250598 
        10.9642        0.669081       0.0250598 
        10.9799        0.670044       0.0250598 
        10.9956         0.67007       0.0250598 
        11.0113        0.671414       0.0250598 
         11.027        0.672144       0.0250598 
        11.0427        0.672229       0.0250598 
        11.0584        0.673052       0.0250598 
        11.0741        0.674343       0.0250598 
        11.0898        0.674072       0.0250598 
        11.1055        0.675611       0.0250598 
        11.1212         0.67598       0.0250598 
         11.137        0.676599       0.0250598 
        11.1527        0.677283       0.0250598 
        11.1684        0.677833       0.0250598 
        11.1841        0.679097       0.0250598 
        11.1998        0.679623       0.0250598 
        11.2155        0.680677       0.0250598 
        11.2312        0.681621       0.0250598 
        11.2469        0.682206       0.0250598 
        11.2626        0.682937       0.0250598 
        11.2783        0.684231       0.0250598 
         11.294         0.68454       0.0250598 
        11.3097        0.685564       0.0250598 
        11.3254        0.686131       0.0250598 
        11.3412        0.687387       0.0250598 
        11.3569        0.688415       0.0250598 
        11.3726        0.688605       0.0250598 
        11.3883        0.690328       0.0250598 
         11.404        0.690805       0.0250598 
        11.4197        0.692003       0.0250598 
        11.4354        0.692264       0.0250598 
        11.4511        0.692796       0.0250598 
        11.4668        0.694197       0.0250598 
        11.4825        0.695182       0.0250598 
        11.4982        0.696752       0.0250598 
         11.514        0.697695       0.0250598 
        11.5297        0.698775       0.0250598 
        11.5454        0.700489       0.0250598 
        11.5611        0.700568       0.0250598 
        11.5768        0.702025       0.0250598 
        11.5925        0.702247       0.0250598 
        11.6082        0.704314       0.0250598 
        11.6239        0.704624       0.0250598 
        11.6396        0.705683       0.0250598 
        11.6553        0.707281       0.0250598 
         11.671         0.70857       0.0250598 
        11.6867        0.708398       0.0250598 
        11.7024        0.709905       0.0250598 
        11.7182        0.712128       0.0250598 
        11.7339        0.713081       0.0250598 
        11.7496        0.714374       0.0250598 
        11.7653        0.715328       0.0250598 
         11.781        0.716735       0.0250598 
        11.7967        0.717864       0.0250598 
        11.8124        0.719746       0.0250598 
        11.8281        0.720192       0.0250598 
        11.8438        0.721705       0.0250598 
        11.8595        0.722924       0.0250598 
        11.8752        0.724423       0.0250598 
         11.891        0.725439       0.0250598 
        11.9067        0.727411       0.0250598 
        11.9224        0.728287       0.0250598 
        11.9381        0.730249       0.0250598 
        11.9538        0.731499       0.0250598 
        11.9695        0.732724       0.0250598 
        11.9852        0.734053       0.0250598 
        12.0009        0.736026       0.0250598 
        12.0166         0.73726       0.0250598 
        12.0323        0.738363       0.0250598 
         12.048        0.740711       0.0250598 
        12.0637         0.74121       0.0250598 
