# k  (h/Mpc)    Pcb(k)  (Mpc/h)^3    Pcb_linear(k) (Mpc/h)^3   ShotnoiseSubtracted = true
      0.0200456         24747.8         21525.9 
      0.0350414         16876.6         15377.4 
      0.0492313         11574.4         11141.7 
      0.0637834         9057.16         9279.37 
      0.0800726         6777.54         7278.51 
       0.096163         5081.72         5234.48 
       0.111083          4506.4         4212.34 
       0.126058          3903.4         3747.73 
       0.142273         3296.89         3130.02 
       0.158546         2806.72         2457.55 
        0.17375         2368.48         2094.41 
       0.188953         2150.22          1902.6 
       0.204907         1865.99         1663.93 
       0.220756         1758.59         1399.95 
        0.23588         1568.27         1228.14 
         0.2514         1428.71         1120.66 
       0.267535         1349.29          1006.2 
       0.283568         1255.46         882.853 
       0.299022         1140.82         790.425 
       0.314451         1099.59          725.09 
       0.330372         1008.02         662.571 
       0.346141         974.073         599.041 
       0.361624          921.09         545.448 
       0.377134         876.989         503.225 
       0.392932         805.151         465.002 
       0.408854         794.176         427.541 
       0.424564         733.744         394.168 
       0.440253         738.786         365.988 
       0.455999         698.554         340.885 
       0.471626         685.705         317.445 
        0.48727         648.514         295.873 
       0.502856         627.961         276.776 
       0.518488         606.871          259.57 
       0.534347         583.063         243.422 
       0.550082         573.434         228.576 
       0.565732         553.529         215.132 
       0.581496         536.043         202.785 
       0.597222         520.741         191.407 
       0.612804         510.262         180.936 
       0.628434         501.633         171.219 
       0.644267          477.65         162.148 
       0.660051         469.158          153.77 
       0.675724          459.14         146.031 
       0.691403         446.972         138.818 
       0.707174         436.878         132.051 
       0.722871         430.918         125.762 
        0.73838         415.883          119.95 
       0.754018          411.19         114.462 
       0.769845         400.993         109.258 
        0.78569         389.389         104.373 
       0.801365         378.932         99.8364 
       0.817031         372.975         95.5737 
       0.832809          366.42         91.5341 
       0.848511          358.33         87.7474 
       0.864097         352.658          84.202 
       0.879701         347.791         80.8501 
       0.895507         339.199          77.642 
       0.911279         326.633         74.6155 
        0.92691         325.793         71.7762 
       0.942635         317.089         69.0695 
       0.958396         312.711         66.4974 
       0.974128         306.937         64.0614 
       0.989692         299.471          61.772 
        1.00528         294.015         59.5916 
        1.02113         291.092         57.4826 
        1.03692         281.719         55.4839 
        1.05264         279.201         53.5898 
        1.06832         273.098         51.7875 
        1.08405         269.524         50.0636 
        1.09979         264.433         48.4175 
        1.11537         259.266         46.8619 
        1.13105         257.193         45.3658 
        1.14679          250.87         43.9294 
        1.16256         248.409         42.5527 
        1.17828         243.713         41.2397 
        1.19395         239.443         39.9867 
         1.2097         238.153         38.7797 
        1.22537         233.166         37.6285 
          1.241         227.023         36.5277 
        1.25666         225.586         35.4683 
        1.27241         222.959         34.4461 
        1.28819         218.616         33.4627 
        1.30392         214.946         32.5206 
        1.31957         211.882         31.6191 
        1.33529         206.624         30.7486 
        1.35108         206.006         29.9075 
        1.36674         202.521          29.104 
         1.3824         199.898         28.3308 
        1.39811          194.32         27.5833 
        1.41389         192.326         26.8599 
        1.42964         188.538         26.1638 
        1.44531         185.337         25.4958 
        1.46101         183.847         24.8498 
        1.47667         180.139         24.2281 
        1.49229         177.105         23.6295 
        1.50793         176.924         23.0504 
        1.52367         172.429         22.4871 
        1.53953         169.598         21.9389 
        1.55526         166.826         21.4133 
        1.57092           165.6         20.9072 
        1.58662         162.379         20.4163 
        1.60235         160.021         19.9403 
        1.61809         157.936         19.4792 
        1.63369         155.579         19.0368 
        1.64941         153.113          18.605 
        1.66519         150.401         18.1851 
        1.68085         149.107         17.7812 
        1.69652         146.394         17.3895 
        1.71228         144.261         17.0073 
        1.72806         143.636         16.6364 
        1.74368         140.228         16.2802 
        1.75933         137.383         15.9339 
        1.77505         135.823         15.5959 
        1.79081         134.274         15.2672 
         1.8065         133.131         14.9494 
        1.82218         130.683          14.641 
        1.83797         128.561         14.3392 
        1.85367          127.15         14.0475 
        1.86928         125.361         13.7657 
        1.88497         123.872         13.4902 
        1.90073         122.154         13.2211 
        1.91647         119.329         12.9597 
        1.93218         118.423         12.7059 
        1.94787         116.969         12.4593 
        1.96363         115.475         12.2182 
        1.97935         113.477         11.9841 
        1.99499         112.428         11.7574 
        2.01064          110.43         11.5363 
         2.0264         109.421         11.3194 
        2.04216         108.151         11.1083 
        2.05781         105.626         10.9039 
        2.07353         104.516         10.7039 
        2.08928         104.093         10.5085 
        2.10499         102.533         10.3185 
        2.12065         100.746         10.1337 
        2.13633         99.3747         9.95338 
        2.15211          97.945         9.77625 
        2.16785         96.5299         9.60394 
        2.18349         95.2789         9.43686 
        2.19916         94.4731         9.27341 
        2.21489         93.2239          9.1133 
        2.23063         91.4268         8.95686 
         2.2463         90.3156          8.8048 
        2.26194         89.5804         8.65666 
        2.27765         88.0357         8.51116 
        2.29341         86.7189         8.36864 
        2.30914         85.5915         8.22968 
        2.32486          84.494         8.09395 
        2.34061         84.0647         7.96106 
        2.35635         82.5653         7.83128 
        2.37203         81.7356         7.70484 
        2.38768         80.6468         7.58146 
        2.40339         79.5591         7.46033 
        2.41914          79.043         7.34158 
        2.43483         77.4617         7.22582 
         2.4505         76.5882         7.11276 
        2.46622         75.7015         7.00174 
        2.48195         74.6605         6.89307 
        2.49759         73.6924          6.7873 
        2.51328         72.5776         6.68347 
        2.52906         72.1796         6.58116 
        2.54479         71.1643         6.48137 
        2.56049         70.3962         6.38385 
        2.57618         69.3403         6.28842 
        2.59189         68.5988         6.19479 
        2.60758         67.6847         6.10323 
        2.62325          67.047         6.01362 
        2.63898         65.5304          5.9255 
        2.65468         65.1885         5.83934 
        2.67044         64.4718         5.75452 
        2.68618          63.663         5.67158 
        2.70184         62.9551         5.59061 
        2.71755         62.2475         5.51102 
        2.73329         61.5492         5.43285 
        2.74897         61.0644         5.35646 
        2.76462         59.8842         5.28171 
        2.78034         59.1809         5.20807 
        2.79607         58.5604         5.13577 
        2.81179         57.9857         5.06492 
        2.82749         57.1576         4.99548 
        2.84321          56.716         4.92727 
        2.85893         55.9869         4.86036 
        2.87462         55.1349          4.7948 
        2.89033         54.6385         4.73039 
        2.90605         54.0513         4.66711 
        2.92176         53.4668         4.60502 
        2.93747         52.7956         4.54409 
        2.95318         52.2756         4.48425 
        2.96891         51.6424         4.42547 
        2.98456         50.9298         4.36799 
        3.00023         50.4304         4.31146 
        3.01596         49.5935         4.25575 
        3.03164         49.3848         4.20118 
        3.04738          48.741         4.14741 
         3.0631          48.124          4.0946 
        3.07883         47.7437         4.04271 
        3.09456         47.2215         3.99172 
        3.11026         46.6119         3.94169 
        3.12596         45.9411         3.89253 
        3.14163         45.5014         3.84432 
        3.15734         45.0529         3.79681 
        3.17308         44.6748         3.74999 
        3.18879         44.0171         3.70409 
        3.20447         43.5632         3.65902 
         3.2202         43.0272         3.61457 
         3.2359         42.6316         3.57093 
        3.25157         42.1575         3.52812 
        3.26729         41.7414         3.48587 
        3.28304         41.3779         3.44424 
        3.29877         40.8668         3.40334 
        3.31446          40.312          3.3632 
        3.33014         39.8706         3.32374 
        3.34585         39.4412         3.28485 
        3.36158         39.2435         3.24652 
        3.37727         38.8348         3.20893 
        3.39294         38.2095         3.17197 
        3.40867         37.9297         3.13545 
        3.42439         37.5979         3.09953 
        3.44008         37.2057         3.06424 
        3.45578         36.8069         3.02948 
        3.47153         36.4707         2.99518 
        3.48724         35.9854         2.96147 
        3.50292         35.6322         2.92836 
        3.51859         35.1669         2.89577 
        3.53431         34.9486         2.86357 
        3.55007         34.4693         2.83178 
        3.56577         34.1081         2.80061 
        3.58146         33.8809         2.76991 
        3.59719         33.4975         2.73961 
        3.61292         33.0988         2.70977 
        3.62859         32.8708         2.68048 
        3.64429         32.4941         2.65157 
        3.66003         32.2081           2.623 
        3.67578         31.8178         2.59486 
        3.69146         31.5454         2.56724 
        3.70712         31.1846         2.54007 
        3.72284         30.8878          2.5132 
        3.73853         30.6292         2.48676 
        3.75422         30.2145         2.46069 
        3.76993         29.7336         2.43497 
        3.78564         29.6295         2.40963 
        3.80137         29.4183         2.38461 
        3.81707         29.0616            2.36 
        3.83279         28.8259         2.33571 
        3.84853         28.5725         2.31173 
        3.86424         28.2233         2.28813 
        3.87992         27.9861         2.26489 
        3.89561         27.6908         2.24198 
        3.91134          27.471         2.21933 
        3.92704         27.1527         2.19703 
        3.94273         26.9591         2.17505 
        3.95845         26.6307         2.15333 
        3.97418         26.4444         2.13191 
        3.98988         26.1875          2.1108 
        4.00554         25.8955         2.09004 
        4.02125         25.6489          2.0695 
        4.03698         25.3761         2.04921 
        4.05268         25.1886         2.02923 
        4.06839         24.9699          2.0095 
         4.0841          24.719         1.99004 
        4.09983         24.4672         1.97081 
        4.11555         24.2442         1.95184 
        4.13124         24.0225         1.93318 
        4.14693         23.7067         1.91474 
        4.16266         23.5381          1.8965 
        4.17839         23.3917         1.87851 
        4.19408          23.205         1.86079 
        4.20977         22.9203          1.8433 
        4.22551         22.7439         1.82598 
        4.24123         22.5037         1.80891 
        4.25691         22.2846          1.7921 
        4.27259         22.0777          1.7755 
        4.28831         21.8653         1.75908 
        4.30404         21.6818         1.74285 
        4.31974         21.5035         1.72686 
        4.33543         21.2919         1.71108 
        4.35116         21.1396         1.69545 
        4.36688         20.9425         1.68003 
        4.38255         20.7081         1.66486 
        4.39825         20.5915         1.64984 
        4.41398         20.3713         1.63498 
         4.4297         20.1985         1.62032 
        4.44541         20.0163         1.60583 
        4.46111         19.8333         1.59154 
        4.47683         19.7005         1.57741 
        4.49251         19.4902         1.56348 
        4.50819         19.3377         1.54972 
         4.5239           19.12         1.53611 
        4.53962         18.9885         1.52265 
        4.55535         18.8183         1.50934 
        4.57106         18.6762          1.4962 
        4.58678         18.5054         1.48323 
         4.6025         18.3355          1.4704 
        4.61821         18.1177         1.45772 
        4.63391         18.0138         1.44521 
         4.6496         17.8681         1.43286 
        4.66532         17.6892         1.42063 
        4.68103         17.5467         1.40854 
        4.69673         17.4004         1.39661 
        4.71241         17.2625         1.38483 
        4.72811          17.132         1.37316 
        4.74384         16.9937         1.36162 
        4.75955         16.8344         1.35022 
        4.77525         16.6797         1.33896 
        4.79096         16.5582         1.32782 
        4.80669         16.4224          1.3168 
         4.8224         16.2769         1.30591 
        4.83809         16.1159         1.29516 
        4.85379         15.9956         1.28453 
         4.8695         15.8694           1.274 
        4.88521         15.7153          1.2636 
        4.90093         15.5896         1.25331 
        4.91663         15.4901         1.24314 
        4.93234          15.344         1.23308 
        4.94807         15.1735         1.22312 
        4.96377         15.0363         1.21329 
        4.97943          14.959         1.20359 
        4.99514         14.8359         1.19397 
        5.01086         14.7085         1.18445 
        5.02654         14.6034         1.17506 
        5.04227         14.4869         1.16574 
          5.058         14.3584         1.15651 
        5.07371         14.2201         1.14741 
        5.08942         14.1014          1.1384 
        5.10513          14.023         1.12949 
        5.12084         13.9009         1.12066 
        5.13656         13.7743         1.11194 
        5.15225         13.7023         1.10332 
        5.16796          13.574         1.09478 
        5.18369         13.4734         1.08632 
         5.1994         13.3081         1.07797 
        5.21509          13.282         1.06971 
        5.23079          13.145         1.06153 
        5.24649         13.0325         1.05344 
        5.26217         12.9776         1.04544 
        5.27788         12.8445         1.03751 
        5.29359         12.7466         1.02966 
        5.30933         12.6544         1.02188 
        5.32504          12.556          1.0142 
        5.34073         12.3992          1.0066 
        5.35646         12.3557        0.999068 
        5.37218         12.2477         0.99161 
        5.38789          12.152        0.984239 
        5.40357         12.0677        0.976952 
        5.41929         11.9518        0.969722 
        5.43502         11.8809        0.962565 
         5.4507         11.7941        0.955497 
        5.46639         11.6805        0.948498 
        5.48212         11.6079        0.941554 
        5.49786         11.5202        0.934671 
        5.51353         11.4177        0.927891 
        5.52921         11.3145        0.921171 
        5.54495          11.251        0.914497 
        5.56066         11.1754        0.907898 
        5.57637         11.0868        0.901364 
        5.59207         11.0474          0.8949 
        5.60778         10.9244        0.888497 
        5.62346         10.8375        0.882166 
        5.63916          10.751         0.87589 
        5.65487         10.7095        0.869672 
         5.6706         10.6061        0.863508 
        5.68633          10.528          0.8574 
        5.70203         10.4589        0.851364 
        5.71773         10.3883        0.845388 
        5.73344         10.3005        0.839465 
        5.74916         10.2275        0.833594 
        5.76486         10.1453        0.827787 
        5.78054         10.0746        0.822044 
        5.79626         10.0088        0.816339 
          5.812         9.92138        0.810683 
         5.8277         9.86657        0.805097 
        5.84339         9.78653        0.799564 
        5.85911          9.7016        0.794072 
        5.87484         9.64137        0.788632 
        5.89053         9.58348        0.783254 
        5.90623         9.51014        0.777924 
        5.92195         9.42921        0.772634 
        5.93767         9.37101        0.767396 
        5.95336         9.29224        0.762216 
        5.96905         9.23793        0.757085 
        5.98476          9.1582        0.751994 
        6.00048         9.11158        0.746948 
        6.01617         9.02107        0.741955 
        6.03185         8.97953        0.737014 
        6.04756         8.90008        0.732106 
        6.06331         8.84892        0.727233 
        6.07903         8.79765        0.722413 
        6.09473          8.7246        0.717642 
        6.11044         8.64827         0.71291 
        6.12616         8.60112        0.708221 
        6.14186         8.54562        0.703579 
        6.15755         8.49044        0.698979 
        6.17326         8.41986        0.694416 
        6.18898         8.35783        0.689892 
        6.20467         8.30633        0.685416 
        6.22036         8.25289        0.680981 
         6.2361           8.199        0.676572 
         6.2518         8.13351         0.67221 
        6.26748         8.08188        0.667896 
        6.28319         8.03032        0.663607 
        6.29893         7.96988        0.659353 
        6.31463         7.90847        0.655143 
        6.33033         7.85241        0.650971 
        6.34604         7.81314        0.646833 
        6.36177         7.76033        0.642726 
        6.37747         7.70321        0.638663 
        6.39316         7.64203        0.634638 
        6.40888         7.60493        0.630639 
         6.4246         7.56008        0.626674 
        6.44031          7.5028        0.622746 
        6.45601         7.43866        0.618856 
        6.47172         7.39991        0.614995 
        6.48744         7.35278        0.611165 
        6.50313         7.29957        0.607374 
        6.51882         7.26429        0.603617 
        6.53452          7.2073        0.599888 
        6.55025         7.15903        0.596184 
        6.56597         7.11674        0.592516 
        6.58166         7.08684        0.588883 
        6.59736         7.02896        0.585279 
        6.61307         6.97188        0.581702 
         6.6288         6.92697        0.578153 
         6.6445         6.88415        0.574637 
         6.6602         6.84453        0.571152 
        6.67592         6.79474        0.567692 
        6.69164         6.72885        0.564261 
        6.70735         6.71635         0.56086 
        6.72304         6.66605         0.55749 
        6.73874         6.60607        0.554148 
        6.75446         6.57792        0.550828 
        6.77016         6.53493        0.547541 
        6.78585         6.49425         0.54428 
        6.80156         6.45903        0.541044 
        6.81729         6.41419         0.53783 
        6.83301         6.37322        0.534642 
         6.8487         6.33586        0.531487 
         6.8644         6.28734        0.528356 
        6.88012         6.24813        0.525247 
        6.89583         6.21179        0.522165 
        6.91151         6.17751        0.519112 
        6.92723         6.13361        0.516077 
        6.94296         6.09893        0.513064 
        6.95866          6.0576        0.510081 
        6.97436         6.01936        0.507121 
        6.99007         5.98822        0.504184 
        7.00578          5.9489         0.50127 
        7.02147         5.90927        0.498382 
        7.03718         5.87102        0.495514 
         7.0529         5.83747        0.492666 
        7.06863         5.78755        0.489839 
        7.08433         5.76215        0.487038 
        7.10004         5.73138         0.48426 
        7.11575          5.6973        0.481503 
        7.13145         5.64529        0.478768 
        7.14715         5.61911        0.476055 
        7.16284         5.59205        0.473365 
        7.17855         5.54917        0.470691 
        7.19428         5.51304        0.468035 
        7.20998         5.49041        0.465405 
        7.22568         5.46213        0.462795 
        7.24139         5.41316        0.460204 
        7.25711         5.38906        0.457632 
        7.27282         5.35576        0.455079 
        7.28852         5.32384        0.452549 
        7.30423          5.2988        0.450035 
        7.31995         5.25845        0.447541 
        7.33565         5.22724        0.445067 
        7.35135         5.19911        0.442612 
        7.36706         5.17446        0.440176 
        7.38277         5.13615        0.437755 
        7.39847         5.11086        0.435355 
        7.41419         5.07807        0.432972 
         7.4299         5.04773        0.430606 
        7.44561         5.01876        0.428258 
        7.46132          4.9843        0.425929 
        7.47701         4.96292        0.423619 
        7.49272         4.92884        0.421324 
        7.50842         4.90649        0.419046 
         7.5241         4.86776        0.416789 
        7.53981         4.84262        0.414545 
        7.55552          4.8231        0.412316 
        7.57125         4.78766        0.410101 
        7.58698         4.76608        0.407903 
        7.60268         4.72745        0.405725 
         7.6184          4.7039        0.403561 
        7.63411         4.68094        0.401412 
        7.64981         4.65751        0.399281 
        7.66552         4.62387        0.397166 
        7.68123         4.60362        0.395064 
        7.69695         4.58048        0.392977 
        7.71264         4.54524        0.390908 
        7.72834          4.5205        0.388854 
        7.74407         4.49329        0.386811 
        7.75978         4.46834        0.384783 
        7.77546         4.44463        0.382775 
        7.79116         4.42787        0.380779 
         7.8069         4.39491        0.378792 
         7.8226         4.37264        0.376824 
        7.83828          4.3542        0.374872 
        7.85399         4.32903        0.372932 
        7.86972         4.30276        0.371001 
        7.88543         4.28168        0.369088 
        7.90111         4.24964        0.367191 
        7.91681         4.23015        0.365305 
        7.93255         4.20138        0.363428 
        7.94828         4.18487        0.361566 
        7.96397         4.15926         0.35972 
        7.97967         4.14014        0.357886 
        7.99538         4.12041        0.356065 
         8.0111         4.10037        0.354255 
         8.0268         4.06657         0.35246 
        8.04248         4.04921        0.350679 
         8.0582         4.02588        0.348906 
        8.07393         4.00107        0.347145 
        8.08963         3.97739        0.345398 
        8.10533         3.96138        0.343665 
        8.12104         3.94264        0.341941 
        8.13675         3.92068         0.34023 
        8.15245         3.89928        0.338531 
        8.16815          3.8763        0.336844 
        8.18387         3.85792        0.335167 
        8.19959         3.83922          0.3335 
         8.2153         3.82197        0.331846 
        8.23101         3.79878        0.330204 
        8.24672         3.78017        0.328572 
        8.26241          3.7675        0.326954 
         8.2781         3.74312        0.325347 
        8.29381         3.72596        0.323748 
        8.30952         3.69965         0.32216 
        8.32524         3.68765        0.320582 
        8.34095         3.66071        0.319015 
        8.35666         3.64207        0.317459 
        8.37237         3.62483        0.315913 
        8.38808         3.60939        0.314378 
        8.40379          3.5836        0.312853 
         8.4195          3.5722        0.311338 
         8.4352         3.54681        0.309833 
        8.45091         3.53516        0.308339 
        8.46662         3.51331        0.306853 
        8.48232         3.49997        0.305379 
        8.49802         3.47897        0.303914 
        8.51374         3.46251        0.302457 
        8.52945         3.44873         0.30101 
        8.54515         3.43036        0.299574 
        8.56086         3.40908        0.298146 
        8.57658         3.39102        0.296727 
        8.59228         3.37756        0.295319 
        8.60799         3.36268        0.293918 
        8.62371         3.34287        0.292527 
        8.63942         3.32684        0.291145 
        8.65512         3.30932        0.289773 
        8.67082         3.29402         0.28841 
        8.68653         3.27731        0.287054 
        8.70224         3.26339        0.285707 
        8.71795         3.24418         0.28437 
        8.73365         3.23307        0.283041 
        8.74936          3.2153         0.28172 
        8.76506         3.20337        0.280409 
        8.78076         3.18373        0.279106 
        8.79646         3.16846         0.27781 
        8.81218         3.15329        0.276523 
        8.82791         3.13948        0.275241 
         8.8436         3.12373        0.273971 
         8.8593         3.10952        0.272709 
        8.87503         3.09088        0.271452 
        8.89076          3.0797        0.270204 
        8.90644         3.06502        0.268966 
        8.92214          3.0525        0.267735 
        8.93786         3.03977        0.266511 
        8.95357         3.02137        0.265294 
        8.96928         3.01017        0.264086 
        8.98498         2.99422        0.262885 
        9.00069         2.98424        0.261692 
        9.01639         2.96884        0.260505 
        9.03208         2.95724        0.259328 
        9.04778         2.93922        0.258157 
        9.06351          2.9274        0.256992 
        9.07923         2.91481        0.255834 
        9.09493         2.90218        0.254684 
        9.11062         2.88776        0.253543 
        9.12635         2.87431        0.252406 
        9.14207         2.86386        0.251276 
        9.15777          2.8473        0.250154 
        9.17346         2.83641        0.249041 
        9.18917         2.82224        0.247932 
         9.2049         2.80927        0.246829 
        9.22061         2.79701        0.245734 
        9.23631         2.78792        0.244646 
        9.25201         2.77312        0.243565 
        9.26773         2.76092         0.24249 
        9.28343         2.74836        0.241421 
        9.29913         2.73435         0.24036 
        9.31484         2.72319        0.239304 
        9.33057         2.71258        0.238253 
        9.34627         2.70008         0.23721 
        9.36197         2.68852        0.236174 
        9.37768         2.68008        0.235143 
        9.39338         2.66398        0.234119 
        9.40909         2.65696        0.233101 
        9.42479         2.64258        0.232089 
         9.4405         2.63346        0.231083 
        9.45621         2.62072        0.230082 
        9.47193         2.60904        0.229088 
        9.48763         2.60128          0.2281 
        9.50334         2.59068        0.227118 
        9.51906         2.57686        0.226141 
        9.53476         2.56888        0.225171 
        9.55045          2.5568        0.224206 
        9.56616         2.54542        0.223247 
        9.58188         2.53754        0.222292 
        9.59759         2.52396        0.221343 
         9.6133         2.51558          0.2204 
        9.62901         2.50363        0.219461 
        9.64471         2.49223        0.218529 
        9.66041         2.48386        0.217601 
        9.67612         2.47564        0.216678 
        9.69184         2.46469         0.21576 
        9.70754         2.45318        0.214848 
        9.72324         2.44384        0.213942 
        9.73895         2.43666        0.213042 
        9.75467         2.42455        0.212146 
        9.77038         2.41336        0.211257 
        9.78607         2.40513        0.210375 
        9.80177         2.39459        0.209498 
        9.81749         2.38804        0.208626 
         9.8332         2.37529        0.207761 
         9.8489         2.36992        0.206902 
        9.86463         2.35939        0.206047 
        9.88035         2.34991        0.205197 
        9.89606         2.34247        0.204352 
        9.91175          2.3328        0.203511 
        9.92745         2.32294        0.202672 
        9.94317         2.31514        0.201836 
        9.95888           2.305        0.201001 
        9.97458         2.29656        0.200168 
        9.99029         2.28968        0.199336 
         10.006         2.27999        0.198822 
        10.0217         2.27079        0.198822 
        10.0374         2.26344        0.198822 
        10.0531         2.25429        0.198822 
        10.0688         2.24595        0.198822 
        10.0845         2.23717        0.198822 
        10.1002         2.22981        0.198822 
        10.1159         2.22087        0.198822 
        10.1317         2.21473        0.198822 
        10.1474         2.20672        0.198822 
        10.1631         2.20058        0.198822 
        10.1788          2.1928        0.198822 
        10.1945         2.18501        0.198822 
        10.2102         2.17773        0.198822 
        10.2259         2.17022        0.198822 
        10.2416         2.16059        0.198822 
        10.2573         2.15263        0.198822 
         10.273         2.14514        0.198822 
        10.2887         2.13918        0.198822 
        10.3044         2.13421        0.198822 
        10.3201         2.12688        0.198822 
        10.3359         2.11928        0.198822 
        10.3516         2.11324        0.198822 
        10.3673         2.10563        0.198822 
         10.383         2.09473        0.198822 
        10.3987         2.09264        0.198822 
        10.4144         2.08265        0.198822 
        10.4301         2.07568        0.198822 
        10.4458         2.07108        0.198822 
        10.4615         2.06491        0.198822 
        10.4772         2.05655        0.198822 
        10.4929         2.04918        0.198822 
        10.5086         2.04383        0.198822 
        10.5244         2.04014        0.198822 
        10.5401         2.03323        0.198822 
        10.5558         2.02735        0.198822 
        10.5715         2.02024        0.198822 
        10.5872         2.01529        0.198822 
        10.6029         2.00618        0.198822 
        10.6186         2.00142        0.198822 
        10.6343         1.99636        0.198822 
          10.65         1.98747        0.198822 
        10.6657         1.98577        0.198822 
        10.6814         1.97988        0.198822 
        10.6971         1.97218        0.198822 
        10.7129         1.96665        0.198822 
        10.7286         1.96339        0.198822 
        10.7443         1.95776        0.198822 
          10.76         1.95314        0.198822 
        10.7757         1.94637        0.198822 
        10.7914         1.94153        0.198822 
        10.8071         1.93297        0.198822 
        10.8228         1.93123        0.198822 
        10.8385         1.92341        0.198822 
        10.8542         1.91949        0.198822 
        10.8699         1.91628        0.198822 
        10.8856         1.90867        0.198822 
        10.9014         1.90705        0.198822 
        10.9171         1.90078        0.198822 
        10.9328         1.89312        0.198822 
        10.9485         1.89185        0.198822 
        10.9642         1.88655        0.198822 
        10.9799         1.88162        0.198822 
        10.9956         1.87944        0.198822 
        11.0113         1.87283        0.198822 
         11.027         1.86733        0.198822 
        11.0427         1.86238        0.198822 
        11.0584         1.85986        0.198822 
        11.0741         1.85624        0.198822 
        11.0898         1.85006        0.198822 
        11.1055         1.84686        0.198822 
        11.1212         1.84438        0.198822 
         11.137         1.83797        0.198822 
        11.1527         1.83587        0.198822 
        11.1684         1.82934        0.198822 
        11.1841         1.82821        0.198822 
        11.1998         1.82562        0.198822 
        11.2155         1.82101        0.198822 
        11.2312         1.81572        0.198822 
        11.2469          1.8123        0.198822 
        11.2626         1.80788        0.198822 
        11.2783         1.80651        0.198822 
         11.294          1.8032        0.198822 
        11.3097         1.80118        0.198822 
        11.3254         1.79583        0.198822 
        11.3412         1.79273        0.198822 
        11.3569         1.79106        0.198822 
        11.3726         1.78822        0.198822 
        11.3883         1.78463        0.198822 
         11.404          1.7803        0.198822 
        11.4197         1.78034        0.198822 
        11.4354          1.7757        0.198822 
        11.4511         1.77406        0.198822 
        11.4668         1.76757        0.198822 
        11.4825         1.76698        0.198822 
        11.4982         1.76471        0.198822 
         11.514          1.7612        0.198822 
        11.5297         1.76097        0.198822 
        11.5454          1.7596        0.198822 
        11.5611         1.75376        0.198822 
        11.5768         1.75209        0.198822 
        11.5925         1.75054        0.198822 
        11.6082         1.74841        0.198822 
        11.6239         1.74586        0.198822 
        11.6396         1.74422        0.198822 
        11.6553         1.74411        0.198822 
         11.671         1.73964        0.198822 
        11.6867         1.73851        0.198822 
        11.7024         1.73641        0.198822 
        11.7182         1.73521        0.198822 
        11.7339         1.73359        0.198822 
        11.7496         1.73221        0.198822 
        11.7653         1.73003        0.198822 
         11.781         1.72803        0.198822 
        11.7967         1.72781        0.198822 
        11.8124         1.72619        0.198822 
        11.8281         1.72456        0.198822 
        11.8438          1.7228        0.198822 
        11.8595         1.72159        0.198822 
        11.8752         1.72026        0.198822 
         11.891         1.72173        0.198822 
        11.9067         1.71879        0.198822 
        11.9224          1.7193        0.198822 
        11.9381         1.71798        0.198822 
        11.9538         1.71737        0.198822 
        11.9695          1.7167        0.198822 
        11.9852         1.71619        0.198822 
        12.0009         1.71696        0.198822 
        12.0166         1.71395        0.198822 
        12.0323         1.71559        0.198822 
         12.048         1.71481        0.198822 
        12.0637         1.71302        0.198822 
