# k  (h/Mpc)    Pcb(k)  (Mpc/h)^3    Pcb_linear(k) (Mpc/h)^3   ShotnoiseSubtracted = true
      0.0200456         13754.1         13985.1 
      0.0350414         9918.71         9621.14 
      0.0492313         6742.64          6805.6 
      0.0637834         5550.65         5772.79 
      0.0800726         4375.15         4591.48 
       0.096163         3355.33         3219.48 
       0.111083         2716.99         2560.64 
       0.126058         2303.87            2333 
       0.142273         1990.95         1975.41 
       0.158546         1611.05         1523.64 
        0.17375          1414.5         1287.46 
       0.188953         1327.72         1188.72 
       0.204907         1135.15         1053.47 
       0.220756         1014.48         879.252 
        0.23588         902.068         765.417 
         0.2514         810.407         704.111 
       0.267535         787.326         639.331 
       0.283568         688.365         560.095 
       0.299022         656.607         498.935 
       0.314451         668.013         459.381 
       0.330372         574.554         422.874 
       0.346141         531.855         382.997 
       0.361624         508.613         348.049 
       0.377134         477.863         321.563 
       0.392932          462.26         298.472 
       0.408854         440.653         275.147 
       0.424564         426.375         253.684 
       0.440253         386.695         235.769 
       0.455999         370.104         220.197 
       0.471626         373.248         205.563 
        0.48727         353.225         191.808 
       0.502856         325.782         179.596 
       0.518488         326.436         168.753 
       0.534347         304.137         158.564 
       0.550082         294.215          149.12 
       0.565732         292.956          140.51 
       0.581496         279.339         132.649 
       0.597222         271.429         125.409 
       0.612804         264.042         118.726 
       0.628434         254.594         112.495 
       0.644267         243.754         106.674 
       0.660051         240.197         101.307 
       0.675724         236.663         96.3437 
       0.691403           230.9         91.7096 
       0.707174         222.482         87.3555 
       0.722871         219.105         83.3029 
        0.73838         217.014         79.5524 
       0.754018         206.357         76.0061 
       0.769845         206.203          72.639 
        0.78569          200.68         69.4749 
       0.801365         194.881         66.5326 
       0.817031         191.226         63.7652 
       0.832809          187.86         61.1401 
       0.848511         183.297         58.6769 
       0.864097         179.138         56.3685 
       0.879701         178.013         54.1839 
       0.895507         173.903         52.0911 
       0.911279          168.81         50.1148 
        0.92691         166.441          48.259 
       0.942635         164.287         46.4882 
       0.958396         161.101         44.8038 
       0.974128         158.075          43.207 
       0.989692         153.436         41.7049 
        1.00528         152.517         40.2729 
        1.02113         149.145         38.8866 
        1.03692         147.047         37.5715 
        1.05264         145.022          36.324 
        1.06832         143.033         35.1359 
        1.08405         139.957         33.9984 
        1.09979         139.105         32.9113 
        1.11537          136.13         31.8831 
        1.13105         134.373         30.8932 
        1.14679         132.377         29.9421 
        1.16256         130.086         29.0297 
        1.17828         128.596         28.1589 
        1.19395         125.682         27.3271 
         1.2097         124.593         26.5251 
        1.22537         122.794         25.7597 
          1.241         120.982         25.0271 
        1.25666         118.512         24.3215 
        1.27241         116.145         23.6402 
        1.28819         115.514         22.9842 
        1.30392         113.593         22.3553 
        1.31957          111.63          21.753 
        1.33529         110.455          21.171 
        1.35108         109.376         20.6082 
        1.36674         107.386         20.0702 
         1.3824         106.947         19.5521 
        1.39811         104.371         19.0508 
        1.41389         103.382         18.5654 
        1.42964         101.274         18.0979 
        1.44531         100.648          17.649 
        1.46101         99.0028         17.2145 
        1.47667         98.4275         16.7962 
        1.49229         97.4108          16.393 
        1.50793         95.4814         16.0028 
        1.52367         94.6086         15.6229 
        1.53953         93.5738         15.2529 
        1.55526         92.0692          14.898 
        1.57092         91.5909          14.556 
        1.58662         90.2915          14.224 
        1.60235         88.7891         13.9019 
        1.61809         88.0375         13.5897 
        1.63369         86.5104         13.2899 
        1.64941         86.5119         12.9972 
        1.66519         84.7286         12.7123 
        1.68085         83.5608         12.4381 
        1.69652         82.3213          12.172 
        1.71228         81.4242         11.9122 
        1.72806         80.9701         11.6599 
        1.74368         79.5314         11.4176 
        1.75933         78.9551         11.1817 
        1.77505         78.1769         10.9514 
        1.79081         76.7994         10.7273 
         1.8065         76.3187         10.5105 
        1.82218         75.0018         10.2999 
        1.83797         74.5611         10.0938 
        1.85367         73.2645         9.89444 
        1.86928         72.6058         9.70175 
        1.88497         71.9168         9.51319 
        1.90073         71.0576         9.32901 
        1.91647         70.0875         9.14992 
        1.93218         69.3149         8.97596 
        1.94787         68.4236         8.80683 
        1.96363         67.6662         8.64143 
        1.97935         67.0953         8.48067 
        1.99499         66.2375         8.32495 
        2.01064         65.5751         8.17295 
         2.0264         64.6853         8.02383 
        2.04216         63.9322         7.87855 
        2.05781         63.2264         7.73782 
        2.07353         62.5521         7.60006 
        2.08928         61.7452         7.46539 
        2.10499         61.1421         7.33438 
        2.12065          60.582         7.20693 
        2.13633         60.0766         7.08244 
        2.15211         59.1745         6.96011 
        2.16785         58.2748         6.84105 
        2.18349         57.7894         6.72554 
        2.19916         57.1488         6.61249 
        2.21489         56.5583         6.50169 
        2.23063         55.8439         6.39338 
         2.2463         55.3487         6.28804 
        2.26194         55.0366         6.18537 
        2.27765         54.1168         6.08448 
        2.29341         53.5011         5.98561 
        2.30914         52.8417         5.88916 
        2.32486         52.2522         5.79491 
        2.34061         51.8868         5.70258 
        2.35635         51.1293         5.61237 
        2.37203         50.6032         5.52444 
        2.38768         50.2557          5.4386 
        2.40339         49.6991         5.35429 
        2.41914         49.0756         5.27159 
        2.43483         48.4446         5.19094 
         2.4505         48.1622         5.11213 
        2.46622         47.6149          5.0347 
        2.48195         47.0267         4.95889 
        2.49759         46.4681         4.88506 
        2.51328         46.1491         4.81255 
        2.52906         45.5641         4.74108 
        2.54479          45.293         4.67133 
        2.56049         44.3526         4.60313 
        2.57618          44.123         4.53637 
        2.59189         43.7373         4.47085 
        2.60758         43.0697         4.40673 
        2.62325         42.8882         4.34397 
        2.63898         42.4125         4.28221 
        2.65468         41.9731          4.2218 
        2.67044         41.6401         4.16231 
        2.68618         41.2369         4.10411 
        2.70184         40.5604         4.04727 
        2.71755         40.2933         3.99137 
        2.73329         39.7037         3.93645 
        2.74897         39.5322         3.88276 
        2.76462         38.9319         3.83019 
        2.78034         38.6557         3.77839 
        2.79607         38.1438         3.72751 
        2.81179         37.7977         3.67762 
        2.82749         37.3958         3.62872 
        2.84321         36.9854         3.58065 
        2.85893         36.5877         3.53348 
        2.87462         36.2061         3.48725 
        2.89033         35.9593         3.44181 
        2.90605         35.4999         3.39715 
        2.92176         35.3383         3.35331 
        2.93747         35.0065         3.31028 
        2.95318         34.5568           3.268 
        2.96891         34.1702         3.22644 
        2.98456         33.9713          3.1858 
        3.00023         33.5698          3.1458 
        3.01596          33.232         3.10637 
        3.03164          32.842         3.06774 
        3.04738         32.5759         3.02966 
         3.0631         32.3916         2.99224 
        3.07883         31.9163         2.95546 
        3.09456         31.5256         2.91931 
        3.11026         31.2229         2.88382 
        3.12596          30.962         2.84894 
        3.14163         30.6673         2.81472 
        3.15734         30.3845         2.78098 
        3.17308         30.0684         2.74772 
        3.18879         29.7788          2.7151 
        3.20447         29.5002         2.68306 
         3.2202         29.2114         2.65145 
         3.2359         28.8999          2.6204 
        3.25157          28.732         2.58993 
        3.26729         28.4151         2.55986 
        3.28304         28.0196         2.53021 
        3.29877         27.7497         2.50107 
        3.31446          27.535         2.47246 
        3.33014         27.3052         2.44433 
        3.34585         27.0166         2.41659 
        3.36158         26.8241         2.38925 
        3.37727         26.5066         2.36242 
        3.39294         26.2566         2.33603 
        3.40867         25.9977         2.30995 
        3.42439         25.8033         2.28429 
        3.44008         25.5395         2.25907 
        3.45578         25.4101         2.23422 
        3.47153         25.0541         2.20968 
        3.48724         24.8321         2.18557 
        3.50292         24.6092         2.16187 
        3.51859         24.3761         2.13854 
        3.53431         24.1595         2.11548 
        3.55007         23.9187         2.09271 
        3.56577         23.6871         2.07037 
        3.58146         23.5301         2.04837 
        3.59719         23.2524         2.02664 
        3.61292         23.0735         2.00523 
        3.62859         22.8563         1.98422 
        3.64429         22.5694         1.96347 
        3.66003         22.4722         1.94295 
        3.67578         22.2612         1.92274 
        3.69146          22.029          1.9029 
        3.70712         21.8838         1.88337 
        3.72284         21.6499         1.86405 
        3.73853         21.5133         1.84503 
        3.75422         21.2123         1.82628 
        3.76993          21.069         1.80777 
        3.78564          20.868         1.78953 
        3.80137         20.7037         1.77151 
        3.81707         20.5151         1.75378 
        3.83279         20.3497         1.73628 
        3.84853         20.1136           1.719 
        3.86424         19.9457         1.70198 
        3.87992         19.7584         1.68522 
        3.89561         19.6552         1.66869 
        3.91134         19.3655         1.65235 
        3.92704         19.2855         1.63625 
        3.94273          19.048         1.62038 
        3.95845         18.9317          1.6047 
        3.97418         18.7223         1.58922 
        3.98988         18.5779         1.57396 
        4.00554         18.4732         1.55895 
        4.02125         18.2238          1.5441 
        4.03698         18.0709         1.52942 
        4.05268         17.9434         1.51496 
        4.06839         17.8167         1.50068 
         4.0841          17.603         1.48659 
        4.09983         17.4723         1.47267 
        4.11555         17.3016         1.45893 
        4.13124         17.2108          1.4454 
        4.14693         17.0772         1.43203 
        4.16266         16.9426         1.41881 
        4.17839         16.7669         1.40576 
        4.19408         16.6079         1.39291 
        4.20977         16.4914         1.38021 
        4.22551         16.3579         1.36764 
        4.24123         16.1751         1.35525 
        4.25691         16.0011         1.34304 
        4.27259         15.9447         1.33098 
        4.28831         15.8412         1.31904 
        4.30404         15.6453         1.30724 
        4.31974         15.5603         1.29561 
        4.33543         15.4133         1.28414 
        4.35116         15.2535         1.27277 
        4.36688         15.1506         1.26155 
        4.38255          15.038          1.2505 
        4.39825         14.8454         1.23957 
        4.41398         14.7891         1.22874 
         4.4297         14.6438         1.21806 
        4.44541         14.5119         1.20751 
        4.46111         14.4173         1.19709 
        4.47683         14.2897         1.18678 
        4.49251         14.1799         1.17663 
        4.50819         14.0644         1.16659 
         4.5239         13.9263         1.15666 
        4.53962         13.8457         1.14683 
        4.55535         13.7286         1.13711 
        4.57106         13.6186         1.12752 
        4.58678         13.4959         1.11804 
         4.6025         13.4112         1.10866 
        4.61821         13.2823          1.0994 
        4.63391         13.1911         1.09025 
         4.6496         13.0751         1.08122 
        4.66532         12.9806         1.07227 
        4.68103         12.8413         1.06343 
        4.69673         12.7473          1.0547 
        4.71241         12.6686         1.04607 
        4.72811         12.5866         1.03753 
        4.74384         12.4751         1.02908 
        4.75955         12.3854         1.02073 
        4.77525         12.2709         1.01248 
        4.79096         12.1918         1.00431 
        4.80669         12.1218        0.996229 
         4.8224         12.0205        0.988246 
        4.83809         11.9306         0.98036 
        4.85379         11.8167        0.972557 
         4.8695         11.7249        0.964832 
        4.88521         11.6461        0.957195 
        4.90093         11.5819        0.949641 
        4.91663          11.477        0.942176 
        4.93234         11.3762        0.934783 
        4.94807          11.299        0.927466 
        4.96377         11.1975        0.920241 
        4.97943         11.1307        0.913109 
        4.99514         11.0087        0.906035 
        5.01086           10.96        0.899031 
        5.02654         10.8716         0.89212 
        5.04227          10.752        0.885262 
          5.058         10.6966        0.878473 
        5.07371         10.6253        0.871769 
        5.08942         10.5692        0.865135 
        5.10513         10.4533         0.85857 
        5.12084         10.4021         0.85207 
        5.13656         10.3025        0.845639 
        5.15225         10.2233        0.839286 
        5.16796         10.1636        0.832989 
        5.18369         10.0795        0.826751 
         5.1994         9.99357        0.820589 
        5.21509         9.93653        0.814496 
        5.23079         9.83147        0.808458 
        5.24649         9.78126        0.802486 
        5.26217         9.69742         0.79658 
        5.27788         9.65803        0.790725 
        5.29359         9.55951        0.784928 
        5.30933         9.50862        0.779182 
        5.32504         9.43444        0.773503 
        5.34073         9.37659        0.767887 
        5.35646         9.28946        0.762317 
        5.37218         9.22851        0.756801 
        5.38789          9.1623        0.751349 
        5.40357         9.08269        0.745957 
        5.41929         9.03822        0.740607 
        5.43502         8.97113        0.735309 
         5.4507         8.89425        0.730076 
        5.46639         8.84091        0.724894 
        5.48212         8.77774         0.71975 
        5.49786          8.7087         0.71465 
        5.51353         8.66145        0.709626 
        5.52921         8.61753        0.704645 
        5.54495         8.54729        0.699698 
        5.56066         8.45778        0.694804 
        5.57637         8.41714        0.689958 
        5.59207         8.36065        0.685163 
        5.60778         8.30387        0.680412 
        5.62346         8.23702        0.675712 
        5.63916         8.18648        0.671054 
        5.65487         8.12821        0.666437 
         5.6706          8.0788        0.661858 
        5.68633         8.01083        0.657322 
        5.70203         7.95291        0.652837 
        5.71773          7.8961        0.648396 
        5.73344         7.85806        0.643993 
        5.74916         7.79937        0.639628 
        5.76486         7.75242         0.63531 
        5.78054         7.69121        0.631038 
        5.79626         7.62299        0.626794 
          5.812         7.60473        0.622585 
         5.8277         7.54764        0.618428 
        5.84339         7.48164        0.614309 
        5.85911         7.40854        0.610219 
        5.87484         7.38578        0.606168 
        5.89053         7.33789        0.602162 
        5.90623         7.28407        0.598191 
        5.92195         7.23916        0.594249 
        5.93767         7.17667        0.590345 
        5.95336         7.14502        0.586483 
        5.96905         7.08671        0.582657 
        5.98476         7.04157         0.57886 
        6.00048         6.99126        0.575095 
        6.01617         6.94528         0.57137 
        6.03185         6.90581        0.567683 
        6.04756         6.86164        0.564019 
        6.06331         6.81738         0.56038 
        6.07903         6.76326        0.556782 
        6.09473          6.7275        0.553218 
        6.11044         6.69926        0.549683 
        6.12616         6.63349        0.546179 
        6.14186         6.59151         0.54271 
        6.15755         6.55133        0.539271 
        6.17326         6.51937         0.53586 
        6.18898         6.46562        0.532477 
        6.20467         6.42424        0.529129 
        6.22036         6.38541        0.525811 
         6.2361          6.3308        0.522512 
         6.2518         6.29739        0.519247 
        6.26748         6.26354        0.516018 
        6.28319         6.22583        0.512807 
        6.29893         6.18112        0.509621 
        6.31463         6.13736        0.506468 
        6.33033         6.10789        0.503343 
        6.34604         6.06742        0.500242 
        6.36177         6.02129        0.497164 
        6.37747         5.99136        0.494118 
        6.39316         5.95511          0.4911 
        6.40888         5.91741        0.488102 
         6.4246         5.87578        0.485128 
        6.44031         5.84325        0.482181 
        6.45601          5.8036        0.479263 
        6.47172         5.76042        0.476365 
        6.48744         5.72683         0.47349 
        6.50313         5.68993        0.470644 
        6.51882         5.65953        0.467823 
        6.53452         5.61568        0.465022 
        6.55025         5.58378         0.46224 
        6.56597         5.55808        0.459484 
        6.58166         5.52189        0.456754 
        6.59736          5.4818        0.454045 
        6.61307         5.45666        0.451356 
         6.6288         5.41417        0.448687 
         6.6445         5.39264        0.446044 
         6.6602         5.35275        0.443422 
        6.67592         5.32682        0.440819 
        6.69164         5.28608        0.438238 
        6.70735         5.25324        0.435678 
        6.72304         5.22266        0.433142 
        6.73874         5.18643        0.430625 
        6.75446         5.17724        0.428125 
        6.77016         5.13241        0.425649 
        6.78585         5.09804        0.423193 
        6.80156         5.07132        0.420755 
        6.81729         5.04158        0.418333 
        6.83301         5.01164         0.41593 
         6.8487          4.9845        0.413552 
         6.8644         4.95179        0.411191 
        6.88012         4.92311        0.408846 
        6.89583         4.89066        0.406522 
        6.91151         4.87479        0.404219 
        6.92723         4.83732        0.401929 
        6.94296         4.81293        0.399655 
        6.95866         4.77666        0.397403 
        6.97436         4.75502        0.395169 
        6.99007         4.71979        0.392951 
        7.00578         4.69355         0.39075 
        7.02147         4.66742        0.388569 
        7.03718         4.64286        0.386402 
         7.0529          4.6179         0.38425 
        7.06863         4.58588        0.382114 
        7.08433         4.56034        0.379997 
        7.10004         4.54143        0.377897 
        7.11575         4.51344        0.375812 
        7.13145         4.47912        0.373743 
        7.14715         4.45952        0.371691 
        7.16284         4.43614        0.369656 
        7.17855         4.40798        0.367633 
        7.19428         4.37936        0.365623 
        7.20998          4.3518        0.363632 
        7.22568         4.33409        0.361656 
        7.24139         4.30871        0.359694 
        7.25711         4.28422        0.357746 
        7.27282         4.25824        0.355813 
        7.28852         4.23644        0.353896 
        7.30423         4.21471        0.351991 
        7.31995         4.18656        0.350101 
        7.33565         4.16727        0.348226 
        7.35135         4.14598        0.346364 
        7.36706         4.12647        0.344517 
        7.38277          4.0908        0.342682 
        7.39847         4.07056        0.340861 
        7.41419         4.06124        0.339053 
         7.4299         4.03058        0.337258 
        7.44561         4.00936        0.335477 
        7.46132         3.98247        0.333708 
        7.47701         3.96495        0.331955 
        7.49272         3.94031        0.330212 
        7.50842         3.92364        0.328483 
         7.5241          3.8951        0.326768 
        7.53981         3.87147        0.325063 
        7.55552          3.8544         0.32337 
        7.57125         3.83603        0.321687 
        7.58698         3.81617        0.320016 
        7.60268         3.79345        0.318361 
         7.6184          3.7665        0.316715 
        7.63411         3.75207        0.315082 
        7.64981         3.73077        0.313461 
        7.66552           3.716        0.311852 
        7.68123         3.69571        0.310253 
        7.69695         3.67888        0.308665 
        7.71264         3.65462        0.307091 
        7.72834         3.63253        0.305527 
        7.74407         3.61074        0.303971 
        7.75978         3.59755        0.302427 
        7.77546         3.58099        0.300898 
        7.79116         3.56056        0.299378 
         7.8069         3.53988        0.297865 
         7.8226         3.52345        0.296365 
        7.83828         3.50692        0.294878 
        7.85399         3.48957        0.293399 
        7.86972          3.4719        0.291928 
        7.88543          3.4507        0.290469 
        7.90111         3.43578        0.289023 
        7.91681         3.41733        0.287584 
        7.93255          3.4016        0.286153 
        7.94828         3.37799        0.284732 
        7.96397         3.36416        0.283323 
        7.97967         3.34505        0.281924 
        7.99538         3.32837        0.280534 
         8.0111         3.30792        0.279153 
         8.0268         3.29644        0.277782 
        8.04248         3.28509        0.276422 
         8.0582         3.26392        0.275068 
        8.07393         3.24716        0.273723 
        8.08963         3.22985        0.272389 
        8.10533         3.21343        0.271064 
        8.12104          3.2025        0.269747 
        8.13675         3.18604        0.268439 
        8.15245         3.16481         0.26714 
        8.16815         3.14557        0.265851 
        8.18387         3.13814        0.264568 
        8.19959         3.11811        0.263294 
         8.2153         3.10478        0.262029 
        8.23101         3.09137        0.260772 
        8.24672         3.07138        0.259524 
        8.26241         3.06105        0.258286 
         8.2781         3.03973        0.257055 
        8.29381         3.02734        0.255832 
        8.30952         3.01841        0.254616 
        8.32524         2.99858        0.253407 
        8.34095         2.98456        0.252207 
        8.35666         2.97169        0.251016 
        8.37237         2.95507        0.249831 
        8.38808         2.94045        0.248655 
        8.40379         2.93057        0.247486 
         8.4195         2.91349        0.246325 
         8.4352         2.90191        0.245172 
        8.45091         2.88997        0.244026 
        8.46662          2.8696        0.242887 
        8.48232         2.86104        0.241757 
        8.49802         2.84593        0.240633 
        8.51374         2.83561        0.239515 
        8.52945         2.82254        0.238406 
        8.54515         2.80672        0.237304 
        8.56086         2.79303        0.236207 
        8.57658         2.77642        0.235119 
        8.59228         2.77074        0.234037 
        8.60799         2.75278        0.232962 
        8.62371         2.74319        0.231894 
        8.63942         2.72704        0.230833 
        8.65512         2.71309        0.229778 
        8.67082         2.70076        0.228731 
        8.68653         2.69026         0.22769 
        8.70224         2.67956        0.226655 
        8.71795         2.66777        0.225627 
        8.73365         2.65875        0.224605 
        8.74936         2.64004         0.22359 
        8.76506         2.62903        0.222582 
        8.78076           2.621        0.221579 
        8.79646         2.60332        0.220583 
        8.81218         2.59774        0.219592 
        8.82791         2.58489        0.218607 
         8.8436         2.57397        0.217629 
         8.8593         2.55737        0.216658 
        8.87503         2.55132        0.215691 
        8.89076         2.54168        0.214729 
        8.90644         2.52758        0.213777 
        8.92214         2.51822        0.212829 
        8.93786         2.50703        0.211886 
        8.95357           2.495        0.210949 
        8.96928         2.48469        0.210018 
        8.98498         2.47353        0.209093 
        9.00069         2.46255        0.208173 
        9.01639         2.45301        0.207259 
        9.03208           2.443        0.206352 
        9.04778         2.42963        0.205449 
        9.06351         2.41922         0.20455 
        9.07923         2.40983        0.203657 
        9.09493          2.4011        0.202771 
        9.11062         2.39075         0.20189 
        9.12635         2.38015        0.201013 
        9.14207         2.36919        0.200141 
        9.15777         2.36223        0.199276 
        9.17346         2.35434        0.198416 
        9.18917         2.34274        0.197561 
         9.2049          2.3307        0.196709 
        9.22061         2.32185        0.195864 
        9.23631          2.3124        0.195024 
        9.25201         2.30093        0.194189 
        9.26773         2.29284        0.193358 
        9.28343         2.28456        0.192533 
        9.29913         2.27705        0.191713 
        9.31484         2.26542        0.190897 
        9.33057         2.25389        0.190085 
        9.34627         2.24803        0.189279 
        9.36197         2.23818        0.188478 
        9.37768         2.22849        0.187681 
        9.39338         2.21959        0.186889 
        9.40909         2.21202        0.186101 
        9.42479         2.20196        0.185319 
         9.4405         2.19413         0.18454 
        9.45621         2.18576        0.183766 
        9.47193         2.17574        0.182997 
        9.48763         2.17127        0.182232 
        9.50334         2.16282        0.181472 
        9.51906         2.15168        0.180716 
        9.53476         2.14117        0.179964 
        9.55045         2.13655        0.179218 
        9.56616         2.12814        0.178475 
        9.58188         2.11847        0.177735 
        9.59759         2.11157           0.177 
         9.6133         2.10388        0.176269 
        9.62901         2.09533        0.175542 
        9.64471         2.08943         0.17482 
        9.66041         2.07889        0.174101 
        9.67612         2.07298        0.173385 
        9.69184         2.06558        0.172674 
        9.70754         2.05943        0.171967 
        9.72324          2.0498        0.171264 
        9.73895         2.04225        0.170566 
        9.75467         2.03608        0.169871 
        9.77038         2.02598        0.169181 
        9.78607         2.01949        0.168497 
        9.80177          2.0116        0.167816 
        9.81749         2.00652         0.16714 
         9.8332         1.99804        0.166469 
         9.8489         1.99111        0.165802 
        9.86463         1.98597        0.165138 
        9.88035         1.97698        0.164477 
        9.89606         1.96722        0.163821 
        9.91175         1.96402        0.163168 
        9.92745         1.95781        0.162517 
        9.94317         1.95139        0.161867 
        9.95888         1.94324        0.161218 
        9.97458         1.93838        0.160571 
        9.99029          1.9319        0.159925 
         10.006         1.92403        0.159525 
        10.0217         1.91577        0.159525 
        10.0374         1.91203        0.159525 
        10.0531         1.90334        0.159525 
        10.0688          1.8996        0.159525 
        10.0845         1.89202        0.159525 
        10.1002         1.88624        0.159525 
        10.1159         1.87933        0.159525 
        10.1317         1.87426        0.159525 
        10.1474         1.86837        0.159525 
        10.1631          1.8638        0.159525 
        10.1788         1.85655        0.159525 
        10.1945         1.84984        0.159525 
        10.2102         1.84279        0.159525 
        10.2259         1.83773        0.159525 
        10.2416         1.83135        0.159525 
        10.2573         1.82592        0.159525 
         10.273         1.82318        0.159525 
        10.2887         1.81447        0.159525 
        10.3044         1.81097        0.159525 
        10.3201         1.80531        0.159525 
        10.3359         1.80114        0.159525 
        10.3516         1.79356        0.159525 
        10.3673         1.79085        0.159525 
         10.383         1.78313        0.159525 
        10.3987         1.77908        0.159525 
        10.4144         1.77241        0.159525 
        10.4301         1.76799        0.159525 
        10.4458          1.7648        0.159525 
        10.4615         1.75852        0.159525 
        10.4772          1.7527        0.159525 
        10.4929         1.74842        0.159525 
        10.5086          1.7438        0.159525 
        10.5244         1.73875        0.159525 
        10.5401         1.73432        0.159525 
        10.5558         1.72885        0.159525 
        10.5715         1.72373        0.159525 
        10.5872         1.72031        0.159525 
        10.6029         1.71506        0.159525 
        10.6186         1.70917        0.159525 
        10.6343         1.70735        0.159525 
          10.65         1.70174        0.159525 
        10.6657         1.69757        0.159525 
        10.6814         1.69167        0.159525 
        10.6971          1.6873        0.159525 
        10.7129         1.68465        0.159525 
        10.7286         1.67809        0.159525 
        10.7443         1.67687        0.159525 
          10.76         1.67169        0.159525 
        10.7757         1.66742        0.159525 
        10.7914          1.6656        0.159525 
        10.8071         1.66028        0.159525 
        10.8228         1.65672        0.159525 
        10.8385         1.65229        0.159525 
        10.8542         1.64861        0.159525 
        10.8699         1.64469        0.159525 
        10.8856         1.64207        0.159525 
        10.9014         1.63699        0.159525 
        10.9171         1.63432        0.159525 
        10.9328         1.63021        0.159525 
        10.9485          1.6279        0.159525 
        10.9642         1.62503        0.159525 
        10.9799         1.62007        0.159525 
        10.9956         1.61788        0.159525 
        11.0113         1.61464        0.159525 
         11.027         1.61099        0.159525 
        11.0427         1.60761        0.159525 
        11.0584         1.60185        0.159525 
        11.0741         1.60068        0.159525 
        11.0898          1.5979        0.159525 
        11.1055          1.5953        0.159525 
        11.1212         1.59219        0.159525 
         11.137         1.58781        0.159525 
        11.1527         1.58693        0.159525 
        11.1684         1.58367        0.159525 
        11.1841         1.57959        0.159525 
        11.1998         1.57746        0.159525 
        11.2155         1.57685        0.159525 
        11.2312         1.57366        0.159525 
        11.2469         1.56882        0.159525 
        11.2626         1.56624        0.159525 
        11.2783         1.56584        0.159525 
         11.294         1.56183        0.159525 
        11.3097         1.56169        0.159525 
        11.3254         1.55741        0.159525 
        11.3412         1.55494        0.159525 
        11.3569         1.55359        0.159525 
        11.3726         1.55248        0.159525 
        11.3883          1.5506        0.159525 
         11.404         1.54794        0.159525 
        11.4197         1.54553        0.159525 
        11.4354          1.5424        0.159525 
        11.4511         1.54148        0.159525 
        11.4668         1.53747        0.159525 
        11.4825         1.53725        0.159525 
        11.4982         1.53438        0.159525 
         11.514         1.53384        0.159525 
        11.5297         1.53137        0.159525 
        11.5454         1.53111        0.159525 
        11.5611         1.52923        0.159525 
        11.5768         1.52716        0.159525 
        11.5925         1.52464        0.159525 
        11.6082         1.52471        0.159525 
        11.6239         1.52206        0.159525 
        11.6396          1.5212        0.159525 
        11.6553         1.52016        0.159525 
         11.671         1.51851        0.159525 
        11.6867         1.51733        0.159525 
        11.7024         1.51605        0.159525 
        11.7182         1.51514        0.159525 
        11.7339         1.51557        0.159525 
        11.7496         1.51471        0.159525 
        11.7653         1.51229        0.159525 
         11.781         1.51184        0.159525 
        11.7967         1.51119        0.159525 
        11.8124         1.50967        0.159525 
        11.8281          1.5105        0.159525 
        11.8438          1.5093        0.159525 
        11.8595         1.50992        0.159525 
        11.8752         1.50781        0.159525 
         11.891         1.50863        0.159525 
        11.9067         1.50895        0.159525 
        11.9224         1.50707        0.159525 
        11.9381         1.50709        0.159525 
        11.9538         1.50539        0.159525 
        11.9695         1.50662        0.159525 
        11.9852         1.50615        0.159525 
        12.0009         1.50689        0.159525 
        12.0166         1.50576        0.159525 
        12.0323         1.50524        0.159525 
         12.048          1.5069        0.159525 
        12.0637          1.5051        0.159525 
