# k  (h/Mpc)    Pcb(k)  (Mpc/h)^3    Pcb_linear(k) (Mpc/h)^3   ShotnoiseSubtracted = true
      0.0200456         9320.63         9517.34 
      0.0350414         7051.48         7264.34 
      0.0492313         5417.49         5474.08 
      0.0637834         4755.69         4699.27 
      0.0800726         3822.62         3791.77 
       0.096163         2713.12         2786.98 
       0.111083         2196.68         2277.27 
       0.126058         2056.03         2056.28 
       0.142273         1775.47         1745.61 
       0.158546         1485.88         1388.36 
        0.17375         1213.73         1193.73 
       0.188953         1176.84         1095.05 
       0.204907          1107.4         968.657 
       0.220756         942.653         822.462 
        0.23588         834.889         726.082 
         0.2514          736.47         667.274 
       0.267535         716.233         604.311 
       0.283568         652.002         534.137 
       0.299022         608.047         480.777 
       0.314451         571.511         443.456 
       0.330372         529.384         407.886 
       0.346141         482.283         370.968 
       0.361624         463.404         339.401 
       0.377134         434.127         314.567 
       0.392932         410.718         292.166 
       0.408854         395.208         269.982 
       0.424564         377.697         249.977 
       0.440253         363.589         233.058 
       0.455999         343.211         217.994 
       0.471626         319.038         203.852 
        0.48727         312.178         190.732 
       0.502856         301.617         179.061 
       0.518488         297.833         168.543 
       0.534347         281.192         158.632 
       0.550082         264.314         149.478 
       0.565732         260.653         141.145 
       0.581496         248.065         133.479 
       0.597222          241.88          126.39 
       0.612804         232.835         119.846 
       0.628434          226.06         113.746 
       0.644267         218.687         108.036 
       0.660051         216.051         102.749 
       0.675724          211.76         97.8506 
       0.691403          205.73         93.2714 
       0.707174         196.921         88.9631 
       0.722871         195.336         84.9477 
        0.73838         191.432         81.2265 
       0.754018         185.136         77.7032 
       0.769845         180.652         74.3534 
        0.78569          177.86         71.2011 
       0.801365         173.392         68.2657 
       0.817031         167.605         65.5011 
       0.832809         164.986          62.875 
       0.848511          161.23         60.4075 
       0.864097         158.033          58.092 
       0.879701         155.074         55.8981 
       0.895507         151.076         53.7936 
       0.911279         149.009         51.8039 
        0.92691         146.707         49.9332 
       0.942635         143.802         48.1463 
       0.958396         143.343         46.4446 
       0.974128          139.09         44.8298 
       0.989692         135.612         43.3091 
        1.00528         133.271          41.858 
        1.02113         132.213         40.4517 
        1.03692         127.421         39.1163 
        1.05264           126.9         37.8485 
        1.06832         124.056         36.6399 
        1.08405         122.429         35.4817 
        1.09979         121.664         34.3738 
        1.11537          117.75         33.3251 
        1.13105         117.664         32.3146 
        1.14679         116.367         31.3428 
        1.16256         114.444         30.4098 
        1.17828         111.424         29.5185 
        1.19395          110.63         28.6666 
         1.2097         107.885         27.8445 
        1.22537         107.885         27.0592 
          1.241         105.338         26.3071 
        1.25666         103.387         25.5822 
        1.27241         102.272         24.8817 
        1.28819         100.695         24.2067 
        1.30392         99.3851         23.5591 
        1.31957         97.8685         22.9384 
        1.33529         96.3547         22.3383 
        1.35108         95.4089         21.7576 
        1.36674         94.2607          21.202 
         1.3824         92.5731         20.6667 
        1.39811         91.6548         20.1483 
        1.41389         90.2448         19.6461 
        1.42964         89.2948         19.1621 
        1.44531         87.3507         18.6971 
        1.46101         86.3252         18.2467 
        1.47667         85.9104         17.8128 
        1.49229         84.2427         17.3943 
        1.50793         83.5387         16.9891 
        1.52367         82.5214         16.5943 
        1.53953         81.4005         16.2097 
        1.55526         80.5137         15.8405 
        1.57092         80.1348         15.4845 
        1.58662         78.5432         15.1388 
        1.60235         77.9008         14.8031 
        1.61809         76.7754         14.4777 
        1.63369         75.3979          14.165 
        1.64941          74.736         13.8595 
        1.66519         73.6029          13.562 
        1.68085         72.8273         13.2755 
        1.69652          71.721         12.9974 
        1.71228         71.1214         12.7257 
        1.72806         70.5634         12.4617 
        1.74368         69.5585          12.208 
        1.75933          68.894         11.9609 
        1.77505         68.1418         11.7197 
        1.79081         67.0422         11.4847 
         1.8065          66.604         11.2573 
        1.82218         65.5099         11.0364 
        1.83797         64.9787         10.8199 
        1.85367         64.0053         10.6105 
        1.86928         63.5652         10.4081 
        1.88497          62.661         10.2099 
        1.90073         62.0575         10.0161 
        1.91647         61.5193         9.82771 
        1.93218         60.5252         9.64459 
        1.94787         60.0397         9.46648 
        1.96363          59.163         9.29223 
        1.97935         58.7424         9.12278 
        1.99499         57.8681         8.95859 
        2.01064         57.6963         8.79825 
         2.0264          56.401         8.64089 
        2.04216         55.9466         8.48751 
        2.05781         55.2497         8.33888 
        2.07353         54.6313         8.19333 
        2.08928         54.0626         8.05098 
        2.10499         53.6724         7.91245 
        2.12065         53.0655         7.77764 
        2.13633         52.8279          7.6459 
        2.15211         52.1204          7.5164 
        2.16785         51.1101         7.39031 
        2.18349         50.7853         7.26795 
        2.19916         50.3621         7.14813 
        2.21489         49.7736         7.03066 
        2.23063         49.0928         6.91579 
         2.2463         48.5919         6.80404 
        2.26194         47.8088         6.69507 
        2.27765         47.3166         6.58796 
        2.29341         46.8609         6.48295 
        2.30914         46.3212         6.38048 
        2.32486         45.7854         6.28031 
        2.34061         45.3952         6.18215 
        2.35635         44.8989         6.08621 
        2.37203         44.3962         5.99267 
        2.38768         43.9308         5.90131 
        2.40339         43.6314         5.81156 
        2.41914         43.2033         5.72349 
        2.43483         42.4433         5.63758 
         2.4505         42.1295          5.5536 
        2.46622          41.804         5.47106 
        2.48195         41.4219         5.39023 
        2.49759         40.8377         5.31148 
        2.51328         40.2372         5.23412 
        2.52906         40.1381         5.15783 
        2.54479         39.4658         5.08337 
        2.56049         39.1135         5.01054 
        2.57618         38.6508         4.93922 
        2.59189         38.3846          4.8692 
        2.60758         38.0317         4.80067 
        2.62325         37.5471         4.73356 
        2.63898          37.265         4.66751 
        2.65468         36.7306         4.60288 
        2.67044         36.4519         4.53921 
        2.68618         36.0385         4.47692 
        2.70184         35.6449         4.41605 
        2.71755         35.4647         4.35618 
        2.73329         35.0122         4.29734 
        2.74897         34.6049          4.2398 
        2.76462         34.2447         4.18345 
        2.78034         33.9258         4.12791 
        2.79607         33.5554         4.07333 
        2.81179         33.3692         4.01981 
        2.82749         33.0314         3.96733 
        2.84321         32.5324         3.91573 
        2.85893         32.2446         3.86509 
        2.87462         31.9343         3.81543 
        2.89033         31.7142         3.76662 
        2.90605         31.4182         3.71863 
        2.92176         31.1858         3.67151 
        2.93747         30.7067         3.62524 
        2.95318         30.3533         3.57977 
        2.96891         30.1887         3.53507 
        2.98456         29.7358         3.49134 
        3.00023          29.587          3.4483 
        3.01596         29.2151         3.40585 
        3.03164          28.936         3.36426 
        3.04738         28.8246         3.32324 
         3.0631         28.4438         3.28293 
        3.07883         28.1413          3.2433 
        3.09456         27.8242         3.20433 
        3.11026         27.5602         3.16608 
        3.12596         27.3483         3.12846 
        3.14163         27.0823         3.09155 
        3.15734          26.801         3.05515 
        3.17308         26.5839         3.01926 
        3.18879         26.2758         2.98405 
        3.20447         26.0566         2.94947 
         3.2202         25.7517         2.91533 
         3.2359          25.482         2.88179 
        3.25157         25.4508         2.84888 
        3.26729         25.1603         2.81638 
        3.28304         24.8513         2.78433 
        3.29877         24.5363         2.75283 
        3.31446         24.4756          2.7219 
        3.33014         24.1616         2.69147 
        3.34585         23.8988         2.66146 
        3.36158         23.7644         2.63188 
        3.37727         23.4421         2.60284 
        3.39294         23.2818         2.57427 
        3.40867         23.1673         2.54604 
        3.42439         22.8243         2.51825 
        3.44008         22.6012         2.49093 
        3.45578         22.3885           2.464 
        3.47153         22.2046         2.43742 
        3.48724         21.9364         2.41128 
        3.50292         21.7912         2.38559 
        3.51859         21.6076         2.36029 
        3.53431         21.4333         2.33529 
        3.55007         21.1901         2.31059 
        3.56577         21.0044         2.28635 
        3.58146         20.8333         2.26247 
        3.59719         20.5846         2.23888 
        3.61292         20.3942         2.21564 
        3.62859         20.2496         2.19282 
        3.64429         20.0859         2.17029 
        3.66003         19.9254           2.148 
        3.67578         19.7129         2.12604 
        3.69146           19.51         2.10448 
        3.70712         19.3189         2.08325 
        3.72284         19.2846         2.06225 
        3.73853         19.0533         2.04157 
        3.75422         18.8228         2.02117 
        3.76993         18.6524         2.00104 
        3.78564         18.5037          1.9812 
        3.80137          18.351         1.96159 
        3.81707         18.1808         1.94229 
        3.83279         17.9943         1.92324 
        3.84853         17.8481         1.90442 
        3.86424         17.7261         1.88589 
        3.87992         17.5394         1.86764 
        3.89561          17.404         1.84963 
        3.91134          17.226         1.83183 
        3.92704         17.0799         1.81428 
        3.94273         16.9468         1.79698 
        3.95845         16.7919         1.77988 
        3.97418         16.6596         1.76301 
        3.98988          16.518         1.74637 
        4.00554         16.3739            1.73 
        4.02125         16.1971         1.71379 
        4.03698         16.1513         1.69777 
        4.05268         15.9317           1.682 
        4.06839          15.778         1.66641 
         4.0841         15.6822         1.65103 
        4.09983         15.5401         1.63582 
        4.11555         15.3572         1.62082 
        4.13124          15.282         1.60604 
        4.14693         15.1227         1.59144 
        4.16266         15.0212         1.57699 
        4.17839          14.874         1.56273 
        4.19408         14.7326         1.54868 
        4.20977         14.6646          1.5348 
        4.22551         14.5289         1.52106 
        4.24123         14.4052          1.5075 
        4.25691         14.2259         1.49415 
        4.27259         14.1236         1.48096 
        4.28831         14.0191          1.4679 
        4.30404         13.9159         1.45499 
        4.31974         13.7604         1.44226 
        4.33543         13.6671          1.4297 
        4.35116         13.5694         1.41725 
        4.36688         13.4286         1.40497 
        4.38255         13.3431         1.39287 
        4.39825         13.2168         1.38089 
        4.41398         13.1765         1.36903 
         4.4297          13.002         1.35733 
        4.44541         12.8619         1.34576 
        4.46111         12.7971         1.33434 
        4.47683         12.6972         1.32305 
        4.49251         12.5927         1.31191 
        4.50819         12.5136         1.30091 
         4.5239          12.431         1.29001 
        4.53962          12.267         1.27923 
        4.55535         12.2179         1.26857 
        4.57106          12.087         1.25805 
        4.58678         11.9788         1.24764 
         4.6025         11.9177         1.23736 
        4.61821         11.7879         1.22719 
        4.63391         11.7097         1.21715 
         4.6496         11.6296         1.20723 
        4.66532         11.5425          1.1974 
        4.68103         11.4363         1.18769 
        4.69673         11.3358          1.1781 
        4.71241         11.2289         1.16862 
        4.72811         11.1448         1.15924 
        4.74384         11.0699         1.14994 
        4.75955          10.985         1.14077 
        4.77525         10.8871          1.1317 
        4.79096         10.8343         1.12272 
        4.80669         10.7283         1.11383 
         4.8224         10.6583         1.10505 
        4.83809         10.5731         1.09638 
        4.85379         10.4701         1.08779 
         4.8695         10.4313          1.0793 
        4.88521         10.3435         1.07089 
        4.90093         10.2345         1.06258 
        4.91663         10.1576         1.05436 
        4.93234         10.0992         1.04622 
        4.94807         10.0224         1.03817 
        4.96377         9.93154         1.03021 
        4.97943         9.84191         1.02236 
        4.99514         9.78299         1.01457 
        5.01086          9.7128         1.00685 
        5.02654         9.64876        0.999235 
        5.04227         9.57536        0.991678 
          5.058          9.4748        0.984196 
        5.07371         9.42838        0.976808 
        5.08942         9.35476        0.969494 
        5.10513         9.29589        0.962256 
        5.12084         9.22232        0.955089 
        5.13656         9.14606        0.947998 
        5.15225         9.07553        0.940991 
        5.16796         9.00963        0.934044 
        5.18369         8.96201        0.927163 
         5.1994         8.87607        0.920364 
        5.21509         8.79829         0.91364 
        5.23079         8.74494        0.906976 
        5.24649         8.68245        0.900384 
        5.26217         8.61599        0.893864 
        5.27788         8.54523          0.8874 
        5.29359         8.48976        0.880999 
        5.30933           8.441        0.874653 
        5.32504         8.38121         0.86838 
        5.34073         8.30128        0.862177 
        5.35646         8.26017        0.856023 
        5.37218         8.19397        0.849928 
        5.38789         8.13914        0.843903 
        5.40357         8.08461        0.837945 
        5.41929         8.02392        0.832031 
        5.43502         7.96394        0.826174 
         5.4507         7.90598        0.820389 
        5.46639         7.85248        0.814658 
        5.48212         7.79297         0.80897 
        5.49786         7.76615         0.80333 
        5.51353         7.67772        0.797772 
        5.52921         7.64436        0.792262 
        5.54495         7.56005        0.786788 
        5.56066         7.51243        0.781373 
        5.57637         7.45691         0.77601 
        5.59207         7.43514        0.770702 
        5.60778         7.33806        0.765443 
        5.62346         7.30486        0.760241 
        5.63916         7.26395        0.755083 
        5.65487         7.20969         0.74997 
         5.6706         7.16035          0.7449 
        5.68633         7.10664        0.739875 
        5.70203         7.06425        0.734907 
        5.71773         7.02295        0.729987 
        5.73344         6.96958        0.725109 
        5.74916         6.91674        0.720272 
        5.76486         6.88936        0.715486 
        5.78054         6.83244        0.710752 
        5.79626         6.78577        0.706047 
          5.812         6.73362        0.701381 
         5.8277         6.68759        0.696772 
        5.84339          6.6478        0.692204 
        5.85911         6.59338        0.687669 
        5.87484         6.56078        0.683176 
        5.89053         6.50583        0.678732 
        5.90623         6.46298        0.674326 
        5.92195         6.42757        0.669953 
        5.93767         6.39293        0.665621 
        5.95336         6.32616        0.661335 
        5.96905         6.30707        0.657088 
        5.98476         6.26211        0.652874 
        6.00048         6.21046        0.648695 
        6.01617         6.17306        0.644559 
        6.03185         6.13096        0.640465 
        6.04756         6.09948        0.636396 
        6.06331         6.04294        0.632355 
        6.07903         6.02052        0.628358 
        6.09473         5.98256        0.624399 
        6.11044         5.93681        0.620472 
        6.12616         5.90162        0.616579 
        6.14186         5.85494        0.612724 
        6.15755         5.82433        0.608903 
        6.17326         5.78122        0.605111 
        6.18898          5.7468        0.601351 
        6.20467         5.70508        0.597629 
        6.22036         5.66894         0.59394 
         6.2361          5.6379        0.590272 
         6.2518         5.60399        0.586641 
        6.26748         5.56109         0.58305 
        6.28319         5.52194        0.579479 
        6.29893         5.49804        0.575935 
        6.31463         5.46586        0.572427 
        6.33033         5.42467         0.56895 
        6.34604         5.39421        0.565499 
        6.36177          5.3574        0.562075 
        6.37747         5.33357        0.558685 
        6.39316         5.29607        0.555326 
        6.40888         5.25289        0.551988 
         6.4246          5.2307        0.548677 
        6.44031         5.19363        0.545396 
        6.45601         5.16108        0.542146 
        6.47172         5.13353        0.538919 
        6.48744         5.09462        0.535717 
        6.50313         5.05955        0.532548 
        6.51882          5.0278        0.529405 
        6.53452         5.00703        0.526285 
        6.55025         4.97606        0.523185 
        6.56597         4.95479        0.520114 
        6.58166         4.90657        0.517072 
        6.59736         4.88927        0.514053 
        6.61307         4.84989        0.511055 
         6.6288         4.82955         0.50808 
         6.6445         4.78818        0.505133 
         6.6602         4.76676         0.50221 
        6.67592         4.73531        0.499308 
        6.69164         4.70407        0.496429 
        6.70735         4.67969        0.493574 
        6.72304         4.64903        0.490745 
        6.73874         4.61846        0.487938 
        6.75446         4.60139         0.48515 
        6.77016          4.5752        0.482387 
        6.78585         4.53886        0.479646 
        6.80156         4.51738        0.476926 
        6.81729         4.48338        0.474222 
        6.83301          4.4597        0.471541 
         6.8487         4.43981        0.468886 
         6.8644         4.41433        0.466251 
        6.88012         4.38346        0.463633 
        6.89583         4.36149        0.461038 
        6.91151          4.3363        0.458466 
        6.92723         4.30732        0.455908 
        6.94296         4.28204        0.453369 
        6.95866         4.25672        0.450854 
        6.97436          4.2265        0.448358 
        6.99007         4.21409         0.44588 
        7.00578         4.18533        0.443422 
        7.02147         4.16297        0.440984 
        7.03718         4.14815        0.438563 
         7.0529         4.11246        0.436158 
        7.06863          4.0921         0.43377 
        7.08433         4.06103        0.431404 
        7.10004         4.04505        0.429056 
        7.11575         4.01886        0.426725 
        7.13145         4.00103        0.424412 
        7.14715         3.97163        0.422117 
        7.16284         3.95272        0.419842 
        7.17855         3.92759        0.417579 
        7.19428         3.90686        0.415331 
        7.20998         3.89172        0.413104 
        7.22568         3.86733        0.410894 
        7.24139         3.84801        0.408699 
        7.25711         3.82309        0.406519 
        7.27282          3.8031        0.404356 
        7.28852         3.77982        0.402211 
        7.30423         3.75741        0.400079 
        7.31995         3.73597        0.397963 
        7.33565         3.72728        0.395864 
        7.35135         3.70118         0.39378 
        7.36706         3.68056        0.391712 
        7.38277         3.65924        0.389657 
        7.39847         3.64276        0.387618 
        7.41419         3.61513        0.385593 
         7.4299         3.60371        0.383583 
        7.44561         3.58349        0.381588 
        7.46132          3.5654        0.379607 
        7.47701         3.54507        0.377643 
        7.49272         3.52612         0.37569 
        7.50842         3.50367        0.373752 
         7.5241         3.48854        0.371831 
        7.53981         3.46335        0.369921 
        7.55552          3.4483        0.368023 
        7.57125         3.43207        0.366137 
        7.58698         3.40508        0.364264 
        7.60268         3.39643        0.362408 
         7.6184         3.37278        0.360563 
        7.63411         3.35946        0.358732 
        7.64981         3.34061        0.356914 
        7.66552         3.32344         0.35511 
        7.68123         3.30989        0.353317 
        7.69695          3.2929        0.351536 
        7.71264         3.26848         0.34977 
        7.72834         3.25178        0.348016 
        7.74407          3.2379        0.346271 
        7.75978         3.21826        0.344538 
        7.77546         3.20252        0.342823 
        7.79116         3.19003        0.341117 
         7.8069         3.17185        0.339419 
         7.8226         3.16156        0.337735 
        7.83828         3.14054        0.336066 
        7.85399         3.12288        0.334406 
        7.86972         3.10388        0.332754 
        7.88543         3.09346        0.331117 
        7.90111         3.07896        0.329493 
        7.91681         3.06083        0.327878 
        7.93255          3.0422         0.32627 
        7.94828         3.03058        0.324675 
        7.96397          3.0169        0.323093 
        7.97967         2.99674        0.321521 
        7.99538         2.98377         0.31996 
         8.0111         2.96911        0.318408 
         8.0268         2.95613        0.316868 
        8.04248         2.94043         0.31534 
         8.0582           2.926        0.313819 
        8.07393          2.9082        0.312307 
        8.08963         2.89818        0.310807 
        8.10533         2.87944        0.309319 
        8.12104         2.86868        0.307838 
        8.13675         2.85655        0.306368 
        8.15245          2.8411        0.304908 
        8.16815         2.82359        0.303458 
        8.18387         2.81233        0.302016 
        8.19959         2.79631        0.300583 
         8.2153         2.78862         0.29916 
        8.23101         2.77173        0.297747 
        8.24672         2.76088        0.296343 
        8.26241         2.75049        0.294951 
         8.2781         2.73557        0.293567 
        8.29381         2.72319         0.29219 
        8.30952         2.71256        0.290822 
        8.32524         2.69618        0.289462 
        8.34095         2.68246        0.288112 
        8.35666          2.6725        0.286771 
        8.37237         2.65884        0.285439 
        8.38808         2.64306        0.284114 
        8.40379         2.63048        0.282799 
         8.4195         2.62024        0.281492 
         8.4352         2.60951        0.280194 
        8.45091         2.59866        0.278904 
        8.46662         2.58516        0.277622 
        8.48232         2.57347        0.276348 
        8.49802          2.5566        0.275083 
        8.51374         2.55007        0.273825 
        8.52945         2.53824        0.272575 
        8.54515         2.52585        0.271334 
        8.56086         2.51583        0.270099 
        8.57658         2.50564        0.268872 
        8.59228         2.49365        0.267655 
        8.60799         2.48062        0.266443 
        8.62371          2.4686        0.265239 
        8.63942         2.46339        0.264044 
        8.65512         2.44915        0.262856 
        8.67082         2.43562        0.261675 
        8.68653         2.42616        0.260502 
        8.70224          2.4132        0.259335 
        8.71795         2.40919        0.258176 
        8.73365         2.39812        0.257025 
        8.74936         2.38553         0.25588 
        8.76506         2.37151        0.254743 
        8.78076         2.36279        0.253613 
        8.79646         2.35169         0.25249 
        8.81218         2.33992        0.251373 
        8.82791         2.33156        0.250261 
         8.8436         2.32191        0.249159 
         8.8593         2.31302        0.248064 
        8.87503          2.3007        0.246972 
        8.89076         2.29119        0.245888 
        8.90644         2.28206        0.244813 
        8.92214         2.27494        0.243744 
        8.93786         2.26508         0.24268 
        8.95357         2.25413        0.241623 
        8.96928         2.24361        0.240572 
        8.98498         2.23456        0.239528 
        9.00069         2.22491         0.23849 
        9.01639         2.22002        0.237458 
        9.03208         2.21033        0.236434 
        9.04778         2.20059        0.235415 
        9.06351         2.19142        0.234401 
        9.07923          2.1804        0.233393 
        9.09493         2.17135        0.232392 
        9.11062         2.15912        0.231397 
        9.12635         2.15675        0.230407 
        9.14207         2.14793        0.229423 
        9.15777         2.13966        0.228445 
        9.17346         2.12845        0.227474 
        9.18917         2.11943        0.226508 
         9.2049         2.11331        0.225546 
        9.22061         2.10291        0.224591 
        9.23631         2.09111        0.223642 
        9.25201         2.08498        0.222699 
        9.26773          2.0787         0.22176 
        9.28343         2.07026        0.220827 
        9.29913         2.06516        0.219901 
        9.31484         2.05507        0.218979 
        9.33057         2.04873        0.218061 
        9.34627         2.04155         0.21715 
        9.36197         2.03368        0.216244 
        9.37768         2.02411        0.215343 
        9.39338         2.01764        0.214448 
        9.40909         2.00563        0.213558 
        9.42479         2.00066        0.212673 
         9.4405         1.99305        0.211793 
        9.45621         1.98613        0.210918 
        9.47193         1.97598        0.210047 
        9.48763         1.97167        0.209183 
        9.50334         1.96433        0.208323 
        9.51906         1.95598        0.207467 
        9.53476         1.94609        0.206618 
        9.55045         1.94143        0.205773 
        9.56616         1.93358        0.204933 
        9.58188         1.92754        0.204096 
        9.59759         1.92117        0.203264 
         9.6133         1.91489        0.202437 
        9.62901         1.90879        0.201615 
        9.64471         1.89945        0.200797 
        9.66041         1.89436        0.199983 
        9.67612         1.88796        0.199173 
        9.69184         1.87885        0.198368 
        9.70754         1.87266        0.197568 
        9.72324         1.86719        0.196773 
        9.73895         1.85938        0.195982 
        9.75467          1.8559        0.195196 
        9.77038         1.84762        0.194415 
        9.78607          1.8408        0.193639 
        9.80177         1.83585        0.192869 
        9.81749         1.83144        0.192103 
         9.8332         1.82369        0.191342 
         9.8489         1.81704        0.190587 
        9.86463         1.81013        0.189835 
        9.88035         1.80408        0.189087 
        9.89606         1.79685        0.188344 
        9.91175         1.79231        0.187603 
        9.92745         1.78649        0.186866 
        9.94317         1.78263        0.186129 
        9.95888         1.77449        0.185395 
        9.97458          1.7705        0.184662 
        9.99029         1.76397        0.183929 
         10.006         1.75671        0.183476 
        10.0217         1.75174        0.183476 
        10.0374         1.74549        0.183476 
        10.0531         1.74276        0.183476 
        10.0688         1.73515        0.183476 
        10.0845         1.72857        0.183476 
        10.1002         1.72384        0.183476 
        10.1159         1.71824        0.183476 
        10.1317         1.71356        0.183476 
        10.1474         1.71139        0.183476 
        10.1631         1.70304        0.183476 
        10.1788         1.70071        0.183476 
        10.1945         1.69479        0.183476 
        10.2102         1.68786        0.183476 
        10.2259         1.68339        0.183476 
        10.2416         1.67666        0.183476 
        10.2573         1.67356        0.183476 
         10.273         1.66836        0.183476 
        10.2887          1.6637        0.183476 
        10.3044         1.65925        0.183476 
        10.3201         1.65419        0.183476 
        10.3359         1.64988        0.183476 
        10.3516         1.64639        0.183476 
        10.3673         1.64033        0.183476 
         10.383         1.63595        0.183476 
        10.3987         1.63311        0.183476 
        10.4144         1.62576        0.183476 
        10.4301         1.62184        0.183476 
        10.4458          1.6167        0.183476 
        10.4615         1.61379        0.183476 
        10.4772         1.61076        0.183476 
        10.4929         1.60514        0.183476 
        10.5086         1.60119        0.183476 
        10.5244         1.59727        0.183476 
        10.5401         1.59227        0.183476 
        10.5558         1.58933        0.183476 
        10.5715         1.58471        0.183476 
        10.5872          1.5812        0.183476 
        10.6029         1.57463        0.183476 
        10.6186         1.57302        0.183476 
        10.6343         1.56896        0.183476 
          10.65          1.5645        0.183476 
        10.6657         1.56103        0.183476 
        10.6814         1.55829        0.183476 
        10.6971         1.55422        0.183476 
        10.7129         1.54963        0.183476 
        10.7286         1.54581        0.183476 
        10.7443         1.54359        0.183476 
          10.76         1.54012        0.183476 
        10.7757         1.53648        0.183476 
        10.7914         1.53339        0.183476 
        10.8071         1.52936        0.183476 
        10.8228         1.52822        0.183476 
        10.8385         1.52263        0.183476 
        10.8542         1.52019        0.183476 
        10.8699          1.5169        0.183476 
        10.8856         1.51392        0.183476 
        10.9014         1.51039        0.183476 
        10.9171         1.50671        0.183476 
        10.9328         1.50382        0.183476 
        10.9485           1.502        0.183476 
        10.9642         1.49991        0.183476 
        10.9799         1.49682        0.183476 
        10.9956         1.49213        0.183476 
        11.0113         1.48998        0.183476 
         11.027         1.48844        0.183476 
        11.0427         1.48558        0.183476 
        11.0584         1.48252        0.183476 
        11.0741          1.4793        0.183476 
        11.0898         1.47745        0.183476 
        11.1055         1.47344        0.183476 
        11.1212         1.47131        0.183476 
         11.137         1.46804        0.183476 
        11.1527         1.46642        0.183476 
        11.1684         1.46548        0.183476 
        11.1841         1.46234        0.183476 
        11.1998         1.45967        0.183476 
        11.2155         1.45786        0.183476 
        11.2312         1.45615        0.183476 
        11.2469         1.45247        0.183476 
        11.2626         1.45074        0.183476 
        11.2783          1.4489        0.183476 
         11.294         1.44692        0.183476 
        11.3097          1.4453        0.183476 
        11.3254         1.44387        0.183476 
        11.3412         1.44224        0.183476 
        11.3569         1.44009        0.183476 
        11.3726         1.43834        0.183476 
        11.3883         1.43723        0.183476 
         11.404         1.43325        0.183476 
        11.4197         1.43258        0.183476 
        11.4354         1.43102        0.183476 
        11.4511          1.4292        0.183476 
        11.4668         1.42791        0.183476 
        11.4825         1.42729        0.183476 
        11.4982         1.42594        0.183476 
         11.514         1.42367        0.183476 
        11.5297         1.42289        0.183476 
        11.5454         1.42223        0.183476 
        11.5611         1.41793        0.183476 
        11.5768         1.41741        0.183476 
        11.5925         1.41748        0.183476 
        11.6082         1.41406        0.183476 
        11.6239         1.41513        0.183476 
        11.6396         1.41271        0.183476 
        11.6553         1.41144        0.183476 
         11.671         1.41199        0.183476 
        11.6867         1.41037        0.183476 
        11.7024         1.41069        0.183476 
        11.7182         1.40826        0.183476 
        11.7339         1.40862        0.183476 
        11.7496         1.40778        0.183476 
        11.7653         1.40663        0.183476 
         11.781         1.40602        0.183476 
        11.7967         1.40566        0.183476 
        11.8124         1.40548        0.183476 
        11.8281         1.40559        0.183476 
        11.8438         1.40343        0.183476 
        11.8595          1.4049        0.183476 
        11.8752         1.40333        0.183476 
         11.891         1.40218        0.183476 
        11.9067         1.40318        0.183476 
        11.9224         1.40319        0.183476 
        11.9381         1.40366        0.183476 
        11.9538         1.40223        0.183476 
        11.9695         1.40282        0.183476 
        11.9852         1.40386        0.183476 
        12.0009         1.40351        0.183476 
        12.0166         1.40427        0.183476 
        12.0323         1.40302        0.183476 
         12.048         1.40427        0.183476 
        12.0637         1.40379        0.183476 
