# k  (h/Mpc)    Pcb(k)  (Mpc/h)^3    Pcb_linear(k) (Mpc/h)^3   ShotnoiseSubtracted = true
      0.0200456         11045.3         11243.6 
      0.0350414         7575.85         7784.07 
      0.0492313         5529.44         5565.21 
      0.0637834         4701.37         4605.28 
      0.0800726         3636.22         3557.52 
       0.096163         2493.68         2527.38 
       0.111083         1999.89         2037.11 
       0.126058         1842.33          1809.8 
       0.142273          1561.4         1490.96 
       0.158546         1288.73         1162.81 
        0.17375         1042.93         996.229 
       0.188953         1004.89         903.615 
       0.204907         930.905         781.843 
       0.220756         784.955         654.816 
        0.23588         692.701         576.803 
         0.2514         605.742         526.054 
       0.267535         583.629         468.818 
       0.283568          526.94         409.809 
       0.299022         490.694         367.665 
       0.314451         458.671         337.259 
       0.330372         422.152         306.739 
       0.346141         380.504         276.449 
       0.361624         366.162         251.872 
       0.377134         339.963         232.346 
       0.392932         319.749         214.109 
       0.408854         306.283          196.39 
       0.424564         291.141         180.975 
       0.440253         280.006         167.977 
       0.455999         262.762         156.205 
       0.471626         244.801         145.211 
        0.48727         236.669         135.229 
       0.502856         228.398          126.43 
       0.518488         225.017          118.44 
       0.534347         212.027         110.924 
       0.550082         198.451         104.062 
       0.565732         194.254         97.8751 
       0.581496         184.427         92.1794 
       0.597222         179.466         86.9209 
       0.612804          172.74         82.0955 
       0.628434         166.929         77.6304 
       0.644267         161.337         73.4632 
       0.660051         159.255         69.6148 
       0.675724         155.119         66.0625 
       0.691403         150.372          62.754 
       0.707174         144.035         59.6527 
       0.722871         142.585         56.7725 
        0.73838          139.35         54.1128 
       0.754018         134.709          51.603 
       0.769845          131.01         49.2248 
        0.78569         128.639         46.9942 
       0.801365         124.776         44.9239 
       0.817031         120.528           42.98 
       0.832809         118.894         41.1391 
       0.848511         115.481         39.4146 
       0.864097         113.194          37.801 
       0.879701         110.843         36.2764 
       0.895507         108.164         34.8181 
       0.911279         106.104         33.4431 
        0.92691         104.803         32.1538 
       0.942635         101.828         30.9256 
       0.958396         101.542          29.759 
       0.974128         98.6776         28.6547 
       0.989692         96.2626         27.6175 
        1.00528         94.2405         26.6301 
        1.02113         93.4957         25.6755 
        1.03692          89.984         24.7714 
        1.05264         89.7319         23.9149 
        1.06832         87.3821         23.1004 
        1.08405          86.136         22.3216 
        1.09979         85.7345         21.5784 
        1.11537         82.7777         20.8764 
        1.13105         82.7042         20.2014 
        1.14679         81.4574         19.5537 
        1.16256         80.2396         18.9332 
        1.17828         78.2769         18.3417 
        1.19395         77.1424         17.7775 
         1.2097         75.3719         17.2341 
        1.22537         75.5304         16.7161 
          1.241         73.7502          16.221 
        1.25666         72.1797         15.7447 
        1.27241         71.2605         15.2853 
        1.28819         70.0832         14.8435 
        1.30392         69.2305         14.4205 
        1.31957         68.3599         14.0158 
        1.33529           67.01         13.6252 
        1.35108         66.5615         13.2479 
        1.36674         65.8141         12.8876 
         1.3824         64.4626          12.541 
        1.39811         63.7497          12.206 
        1.41389         62.8395          11.882 
        1.42964         62.0868         11.5703 
        1.44531         60.8634         11.2713 
        1.46101         59.9727         10.9823 
        1.47667         59.9841         10.7042 
        1.49229         58.8067         10.4365 
        1.50793          58.397         10.1777 
        1.52367         57.2654         9.92593 
        1.53953         56.5435         9.68102 
        1.55526         56.0302         9.44633 
        1.57092         55.7383         9.22039 
        1.58662         54.6088          9.0013 
        1.60235         54.1276          8.7889 
        1.61809         53.4433         8.58324 
        1.63369         52.5691         8.38599 
        1.64941         52.1385         8.19352 
        1.66519          51.078          8.0064 
        1.68085         50.8009         7.82645 
        1.69652         49.9279         7.65197 
        1.71228         49.6286         7.48182 
        1.72806         49.1537         7.31671 
        1.74368         48.3982         7.15823 
        1.75933         47.9444         7.00413 
        1.77505         47.3871         6.85383 
        1.79081         46.8434         6.70768 
         1.8065         46.4185         6.56642 
        1.82218         45.7742         6.42934 
        1.83797         45.1753         6.29523 
        1.85367         44.7019         6.16569 
        1.86928         44.1274         6.04056 
        1.88497         43.8587         5.91822 
        1.90073         43.2359         5.79882 
        1.91647         42.8379         5.68281 
        1.93218         42.4028         5.57022 
        1.94787         41.9006         5.46084 
        1.96363         41.4168         5.35396 
        1.97935         40.9418         5.25016 
        1.99499         40.4947         5.14969 
        2.01064         40.2158         5.05171 
         2.0264         39.3651         4.95565 
        2.04216         39.2189         4.86214 
        2.05781          38.653         4.77162 
        2.07353         38.2879         4.68309 
        2.08928         37.9885          4.5966 
        2.10499         37.4846         4.51253 
        2.12065         37.0289         4.43081 
        2.13633         36.8863         4.35104 
        2.15211         36.4755         4.27272 
        2.16785         35.7686         4.19654 
        2.18349         35.5354         4.12269 
        2.19916         35.2803         4.05046 
        2.21489         34.8574         3.97972 
        2.23063         34.3884         3.91062 
         2.2463         33.9855         3.84347 
        2.26194         33.5838         3.77806 
        2.27765         33.2804         3.71383 
        2.29341         32.9402         3.65093 
        2.30914         32.6277         3.58961 
        2.32486         32.1873         3.52973 
        2.34061         31.9804         3.47112 
        2.35635         31.6627         3.41389 
        2.37203         31.3387         3.35814 
        2.38768         30.9865         3.30375 
        2.40339         30.8143         3.25037 
        2.41914         30.4972         3.19804 
        2.43483         29.9818         3.14704 
         2.4505         29.8074         3.09724 
        2.46622         29.5086         3.04835 
        2.48195         29.2953          3.0005 
        2.49759          28.932         2.95394 
        2.51328         28.5484         2.90824 
        2.52906         28.3825         2.86321 
        2.54479         27.9748         2.81931 
        2.56049         27.7591         2.77641 
        2.57618          27.455         2.73444 
        2.59189          27.309         2.69327 
        2.60758          27.053         2.65301 
        2.62325          26.652         2.61362 
        2.63898         26.4925         2.57489 
        2.65468         26.1631         2.53703 
        2.67044         25.9587         2.49976 
        2.68618         25.6802         2.46333 
        2.70184         25.3828         2.42776 
        2.71755         25.2673         2.39281 
        2.73329          24.966         2.35849 
        2.74897         24.6844         2.32496 
        2.76462         24.4218         2.29215 
        2.78034         24.3374         2.25983 
        2.79607         24.1045         2.22811 
        2.81179         23.8111         2.19703 
        2.82749         23.6338         2.16657 
        2.84321         23.2851         2.13666 
        2.85893         23.0443         2.10732 
        2.87462         22.8823         2.07857 
        2.89033         22.7099         2.05034 
        2.90605         22.5074         2.02261 
        2.92176         22.3808          1.9954 
        2.93747          22.132          1.9687 
        2.95318         21.8127         1.94249 
        2.96891         21.6891         1.91674 
        2.98456         21.4272         1.89157 
        3.00023         21.2258         1.86682 
        3.01596         21.0107         1.84243 
        3.03164         20.8417         1.81854 
        3.04738         20.6575         1.79501 
         3.0631         20.4889          1.7719 
        3.07883         20.3436         1.74919 
        3.09456         20.0681         1.72689 
        3.11026         19.8922           1.705 
        3.12596         19.7433          1.6835 
        3.14163         19.5865         1.66242 
        3.15734         19.4275         1.64165 
        3.17308         19.2264         1.62118 
        3.18879         19.0796         1.60112 
        3.20447         18.8607         1.58142 
         3.2202         18.7041           1.562 
         3.2359         18.4773         1.54293 
        3.25157         18.4477         1.52423 
        3.26729          18.235         1.50578 
        3.28304         18.0744         1.48759 
        3.29877         17.8387         1.46973 
        3.31446         17.6875         1.45221 
        3.33014         17.5344         1.43498 
        3.34585         17.3734         1.41801 
        3.36158         17.2352         1.40128 
        3.37727         17.0529         1.38487 
        3.39294         16.9098         1.36875 
        3.40867         16.7466         1.35282 
        3.42439         16.6415         1.33715 
        3.44008         16.4904         1.32176 
        3.45578         16.2934          1.3066 
        3.47153         16.1666         1.29164 
        3.48724         16.0132         1.27695 
        3.50292         15.9362         1.26251 
        3.51859         15.7363         1.24831 
        3.53431         15.6168         1.23428 
        3.55007         15.4781         1.22043 
        3.56577         15.3124         1.20684 
        3.58146         15.2241         1.19347 
        3.59719         15.0627         1.18027 
        3.61292         14.9503         1.16727 
        3.62859          14.807         1.15452 
        3.64429          14.692         1.14193 
        3.66003         14.5599          1.1295 
        3.67578         14.4319         1.11725 
        3.69146         14.3513         1.10523 
        3.70712         14.1663          1.0934 
        3.72284          14.112         1.08171 
        3.73853         13.9651          1.0702 
        3.75422         13.7691         1.05886 
        3.76993         13.7075         1.04767 
        3.78564         13.5703         1.03665 
        3.80137         13.4541         1.02577 
        3.81707         13.3363         1.01507 
        3.83279         13.2439         1.00451 
        3.84853         13.1046        0.994083 
        3.86424         13.0036        0.983824 
        3.87992         12.8792        0.973725 
        3.89561         12.7609        0.963767 
        3.91134         12.6686        0.953928 
        3.92704         12.5675        0.944236 
        3.94273         12.4641        0.934689 
        3.95845         12.3527        0.925256 
        3.97418         12.2715         0.91595 
        3.98988         12.1352        0.906785 
        4.00554         12.0681         0.89777 
        4.02125         11.9621        0.888851 
        4.03698         11.8477        0.880039 
        4.05268         11.7446        0.871367 
        4.06839         11.6519        0.862804 
         4.0841         11.5615        0.854359 
        4.09983         11.4163        0.846014 
        4.11555         11.3575        0.837785 
        4.13124         11.2682        0.829687 
        4.14693         11.1979        0.821688 
        4.16266         11.0797        0.813777 
        4.17839         10.9911        0.805974 
        4.19408         10.9162         0.79829 
        4.20977         10.8167        0.790704 
        4.22551         10.7022        0.783197 
        4.24123         10.6442        0.775795 
        4.25691         10.5427        0.768509 
        4.27259         10.4776        0.761314 
        4.28831         10.3648        0.754196 
        4.30404         10.2881        0.747163 
        4.31974         10.2043        0.740233 
        4.33543         10.1346        0.733396 
        4.35116         10.0412        0.726628 
        4.36688         9.96072        0.719948 
        4.38255         9.89103        0.713376 
        4.39825         9.81173        0.706873 
        4.41398         9.73907        0.700436 
         4.4297         9.62568        0.694087 
        4.44541         9.56013        0.687817 
        4.46111         9.50316         0.68163 
        4.47683         9.42333        0.675513 
        4.49251          9.3501        0.669484 
        4.50819         9.28259         0.66353 
         4.5239         9.19516         0.65764 
        4.53962          9.1381        0.651813 
        4.55535         9.06411        0.646054 
        4.57106         8.96991        0.640373 
        4.58678         8.89977        0.634759 
         4.6025         8.84787         0.62921 
        4.61821         8.75457        0.623729 
        4.63391         8.69589        0.618319 
         4.6496         8.65057        0.612976 
        4.66532         8.56823        0.607688 
        4.68103          8.5115        0.602464 
        4.69673         8.43256        0.597306 
        4.71241         8.36669        0.592214 
        4.72811         8.28643        0.587172 
        4.74384         8.26156        0.582182 
        4.75955         8.18693        0.577258 
        4.77525         8.13352        0.572394 
        4.79096          8.0682        0.567579 
        4.80669         8.00558        0.562817 
         4.8224         7.94786        0.558115 
        4.83809          7.8882        0.553472 
        4.85379         7.81186        0.548878 
         4.8695         7.76551        0.544333 
        4.88521         7.71672        0.539841 
        4.90093         7.62804        0.535399 
        4.91663         7.59353         0.53101 
        4.93234         7.53848        0.526666 
        4.94807         7.46524        0.522368 
        4.96377         7.41031        0.518125 
        4.97943         7.38909        0.513938 
        4.99514         7.31235        0.509787 
        5.01086         7.25703        0.505678 
        5.02654         7.19042        0.501625 
        5.04227         7.16463        0.497604 
          5.058         7.08716        0.493625 
        5.07371          7.0425        0.489698 
        5.08942          7.0002        0.485812 
        5.10513         6.94093        0.481968 
        5.12084          6.8895        0.478164 
        5.13656         6.84968        0.474401 
        5.15225         6.78867        0.470685 
        5.16796         6.74161        0.467003 
        5.18369         6.68898        0.463357 
         5.1994         6.61031        0.459756 
        5.21509          6.6028        0.456196 
        5.23079         6.53532         0.45267 
        5.24649          6.4916        0.449184 
        5.26217         6.43705        0.445737 
        5.27788         6.40641        0.442321 
        5.29359         6.36768         0.43894 
        5.30933         6.31656        0.435589 
        5.32504         6.27203        0.432279 
        5.34073         6.22792        0.429007 
        5.35646         6.18993        0.425762 
        5.37218          6.1504         0.42255 
        5.38789         6.10462        0.419376 
        5.40357         6.05027        0.416238 
        5.41929         5.99897        0.413126 
        5.43502         5.97454        0.410044 
         5.4507         5.94164        0.407002 
        5.46639         5.89155        0.403989 
        5.48212         5.85524           0.401 
        5.49786         5.80817        0.398038 
        5.51353         5.75253         0.39512 
        5.52921         5.72572        0.392228 
        5.54495         5.68796        0.389357 
        5.56066         5.65924        0.386518 
        5.57637         5.59782        0.383707 
        5.59207         5.57688        0.380926 
        5.60778         5.53101        0.378172 
        5.62346         5.49316        0.375449 
        5.63916          5.4601         0.37275 
        5.65487         5.42538        0.370076 
         5.6706         5.38661        0.367425 
        5.68633         5.34709        0.364799 
        5.70203         5.32505        0.362204 
        5.71773         5.27047        0.359635 
        5.73344         5.24188        0.357089 
        5.74916         5.20801        0.354565 
        5.76486         5.17622        0.352069 
        5.78054         5.14261        0.349601 
        5.79626         5.11093         0.34715 
          5.812         5.07217        0.344719 
         5.8277         5.04252        0.342319 
        5.84339         5.00507        0.339941 
        5.85911         4.97039        0.337582 
        5.87484          4.9496        0.335245 
        5.89053         4.90966        0.332935 
        5.90623         4.87696        0.330646 
        5.92195         4.84178        0.328374 
        5.93767           4.806        0.326124 
        5.95336         4.77819          0.3239 
        5.96905         4.76312        0.321697 
        5.98476         4.72209        0.319511 
        6.00048         4.69487        0.317344 
        6.01617         4.66328        0.315201 
        6.03185         4.63401         0.31308 
        6.04756         4.60638        0.310973 
        6.06331          4.5654        0.308881 
        6.07903         4.54224        0.306813 
        6.09473         4.51933        0.304766 
        6.11044         4.47833        0.302735 
        6.12616         4.46144        0.300723 
        6.14186         4.42756        0.298731 
        6.15755         4.40008        0.296758 
        6.17326         4.37611        0.294801 
        6.18898         4.35164         0.29286 
        6.20467         4.31636         0.29094 
        6.22036         4.28641        0.289038 
         6.2361         4.26618        0.287147 
         6.2518         4.23393        0.285276 
        6.26748          4.2081        0.283426 
        6.28319         4.18562        0.281587 
        6.29893         4.16028        0.279763 
        6.31463         4.13437        0.277959 
        6.33033         4.11113         0.27617 
        6.34604           4.089        0.274396 
        6.36177         4.06069        0.272636 
        6.37747         4.03344        0.270894 
        6.39316         4.02033        0.269169 
        6.40888         3.98252        0.267456 
         6.4246         3.95837        0.265757 
        6.44031         3.93988        0.264073 
        6.45601         3.91279        0.262407 
        6.47172         3.88743        0.260752 
        6.48744         3.87007        0.259112 
        6.50313         3.84171        0.257488 
        6.51882         3.81401        0.255879 
        6.53452         3.79325        0.254281 
        6.55025         3.77406        0.252695 
        6.56597         3.75344        0.251124 
        6.58166         3.73291        0.249568 
        6.59736         3.70954        0.248025 
        6.61307         3.68459        0.246493 
         6.6288         3.66377        0.244974 
         6.6445         3.64124        0.243469 
         6.6602         3.61665        0.241977 
        6.67592         3.60059        0.240496 
        6.69164         3.57724        0.239027 
        6.70735         3.55554        0.237572 
        6.72304         3.54108        0.236129 
        6.73874         3.51597        0.234699 
        6.75446          3.4975        0.233278 
        6.77016         3.47839        0.231872 
        6.78585         3.45407        0.230476 
        6.80156         3.43651        0.229092 
        6.81729         3.41664        0.227717 
        6.83301         3.39835        0.226353 
         6.8487         3.37279        0.225004 
         6.8644         3.36059        0.223664 
        6.88012         3.34017        0.222335 
        6.89583         3.32391        0.221017 
        6.91151         3.30749        0.219711 
        6.92723         3.28465        0.218413 
        6.94296         3.26236        0.217125 
        6.95866         3.25481        0.215849 
        6.97436         3.22992        0.214584 
        6.99007         3.21178        0.213328 
        7.00578         3.19546        0.212082 
        7.02147         3.17919        0.210848 
        7.03718         3.16338        0.209622 
         7.0529         3.14404        0.208405 
        7.06863         3.13028        0.207197 
        7.08433         3.11416           0.206 
        7.10004         3.09572        0.204812 
        7.11575         3.08052        0.203634 
        7.13145         3.05743        0.202466 
        7.14715         3.04655        0.201306 
        7.16284         3.02619        0.200157 
        7.17855         3.00799        0.199015 
        7.19428         2.99307        0.197881 
        7.20998         2.97668        0.196757 
        7.22568          2.9612        0.195642 
        7.24139         2.94799        0.194535 
        7.25711         2.93281        0.193437 
        7.27282         2.91797        0.192347 
        7.28852          2.9014        0.191267 
        7.30423         2.88685        0.190193 
        7.31995         2.87279        0.189128 
        7.33565         2.85209        0.188072 
        7.35135         2.83858        0.187024 
        7.36706         2.82714        0.185983 
        7.38277         2.81081         0.18495 
        7.39847         2.79459        0.183926 
        7.41419         2.77938        0.182908 
         7.4299         2.76863        0.181899 
        7.44561         2.74894        0.180897 
        7.46132         2.73538        0.179903 
        7.47701         2.72676        0.178917 
        7.49272         2.71208        0.177938 
        7.50842         2.69586        0.176966 
         7.5241         2.67999        0.176003 
        7.53981         2.66987        0.175045 
        7.55552         2.65302        0.174095 
        7.57125         2.64213         0.17315 
        7.58698         2.63029        0.172212 
        7.60268         2.62063        0.171283 
         7.6184           2.602         0.17036 
        7.63411         2.59058        0.169444 
        7.64981         2.57988        0.168535 
        7.66552         2.56322        0.167633 
        7.68123         2.55236        0.166737 
        7.69695         2.53927        0.165847 
        7.71264         2.52758        0.164965 
        7.72834         2.51286        0.164089 
        7.74407         2.50466        0.163218 
        7.75978         2.49264        0.162353 
        7.77546         2.48043        0.161497 
        7.79116         2.46681        0.160647 
         7.8069         2.45689          0.1598 
         7.8226          2.4423        0.158961 
        7.83828         2.43254        0.158129 
        7.85399         2.41977        0.157302 
        7.86972         2.41203         0.15648 
        7.88543         2.39573        0.155664 
        7.90111         2.38582        0.154856 
        7.91681         2.37659        0.154053 
        7.93255         2.36534        0.153253 
        7.94828         2.35399         0.15246 
        7.96397         2.34067        0.151673 
        7.97967         2.32986        0.150892 
        7.99538          2.3153        0.150116 
         8.0111         2.30822        0.149346 
         8.0268         2.29861        0.148581 
        8.04248         2.28701        0.147822 
         8.0582         2.27632        0.147068 
        8.07393         2.26778        0.146318 
        8.08963         2.25346        0.145574 
        8.10533         2.24313        0.144836 
        8.12104         2.23595        0.144102 
        8.13675          2.2251        0.143373 
        8.15245         2.21506         0.14265 
        8.16815         2.20396        0.141932 
        8.18387         2.19274        0.141218 
        8.19959         2.18486        0.140509 
         8.2153         2.17603        0.139805 
        8.23101         2.16211        0.139106 
        8.24672         2.15622        0.138411 
        8.26241         2.14366        0.137723 
         8.2781         2.13563        0.137039 
        8.29381         2.12713        0.136358 
        8.30952         2.11732        0.135683 
        8.32524         2.10974        0.135011 
        8.34095         2.09689        0.134345 
        8.35666         2.08708        0.133683 
        8.37237         2.08045        0.133025 
        8.38808          2.0696        0.132372 
        8.40379         2.06333        0.131723 
         8.4195         2.05384        0.131079 
         8.4352         2.04398        0.130439 
        8.45091         2.03564        0.129803 
        8.46662         2.02638        0.129172 
        8.48232         2.01649        0.128545 
        8.49802         2.00902        0.127922 
        8.51374          2.0018        0.127302 
        8.52945         1.99347        0.126687 
        8.54515         1.98521        0.126077 
        8.56086         1.97457        0.125469 
        8.57658          1.9632        0.124866 
        8.59228         1.95936        0.124268 
        8.60799         1.95265        0.123672 
        8.62371         1.94361        0.123081 
        8.63942         1.93435        0.122493 
        8.65512         1.92978         0.12191 
        8.67082         1.91861        0.121331 
        8.68653         1.91354        0.120755 
        8.70224         1.90172        0.120182 
        8.71795         1.89689        0.119614 
        8.73365         1.88826        0.119049 
        8.74936         1.88255        0.118488 
        8.76506         1.87377        0.117931 
        8.78076         1.86823        0.117377 
        8.79646         1.85853        0.116827 
        8.81218         1.84957         0.11628 
        8.82791         1.84511        0.115736 
         8.8436         1.83904        0.115196 
         8.8593         1.82812         0.11466 
        8.87503         1.82267        0.114126 
        8.89076         1.81543        0.113596 
        8.90644          1.8087        0.113071 
        8.92214         1.80379        0.112548 
        8.93786         1.79537        0.112028 
        8.95357         1.78862        0.111511 
        8.96928         1.78084        0.110998 
        8.98498         1.77431        0.110488 
        9.00069         1.76707        0.109982 
        9.01639         1.76089        0.109478 
        9.03208         1.75413        0.108978 
        9.04778         1.74757        0.108481 
        9.06351         1.74104        0.107986 
        9.07923         1.73291        0.107495 
        9.09493          1.7286        0.107007 
        9.11062         1.72233        0.106522 
        9.12635         1.71371         0.10604 
        9.14207         1.71132        0.105561 
        9.15777         1.70136        0.105085 
        9.17346         1.69694        0.104612 
        9.18917         1.69094        0.104142 
         9.2049         1.68366        0.103674 
        9.22061         1.67819        0.103209 
        9.23631         1.67032        0.102748 
        9.25201         1.66576        0.102289 
        9.26773         1.66093        0.101833 
        9.28343         1.65609        0.101379 
        9.29913         1.64968        0.100929 
        9.31484         1.64556        0.100481 
        9.33057         1.63908        0.100036 
        9.34627         1.63233       0.0995931 
        9.36197         1.62858       0.0991538 
        9.37768         1.61937       0.0987165 
        9.39338         1.61618       0.0982822 
        9.40909         1.61097       0.0978505 
        9.42479         1.60309       0.0974214 
         9.4405         1.59969       0.0969948 
        9.45621         1.59518       0.0965706 
        9.47193         1.58795        0.096149 
        9.48763          1.5831       0.0957302 
        9.50334         1.57898       0.0953137 
        9.51906         1.57266       0.0948996 
        9.53476         1.56921       0.0944883 
        9.55045         1.56274       0.0940795 
        9.56616         1.55807       0.0936728 
        9.58188         1.55144       0.0932681 
        9.59759         1.54624       0.0928659 
         9.6133         1.54293       0.0924661 
        9.62901         1.53655       0.0920685 
        9.64471         1.53227       0.0916732 
        9.66041         1.52606       0.0912802 
        9.67612         1.52398       0.0908891 
        9.69184         1.51959       0.0905001 
        9.70754         1.51538       0.0901139 
        9.72324         1.50834         0.08973 
        9.73895         1.50321       0.0893484 
        9.75467         1.49841        0.088969 
        9.77038         1.49558       0.0885924 
        9.78607         1.48986       0.0882186 
        9.80177         1.48742       0.0878473 
        9.81749         1.48109       0.0874781 
         9.8332         1.47659       0.0871117 
         9.8489         1.47362       0.0867479 
        9.86463         1.46691       0.0863859 
        9.88035         1.46494       0.0860258 
        9.89606         1.45957       0.0856679 
        9.91175         1.45624       0.0853117 
        9.92745         1.45055       0.0849567 
        9.94317         1.44794       0.0846025 
        9.95888         1.44183       0.0842491 
        9.97458         1.43837       0.0838965 
        9.99029          1.4357       0.0835441 
         10.006         1.42934       0.0833264 
        10.0217         1.42564       0.0833264 
        10.0374          1.4229       0.0833264 
        10.0531         1.41908       0.0833264 
        10.0688         1.41457       0.0833264 
        10.0845         1.41171       0.0833264 
        10.1002          1.4086       0.0833264 
        10.1159         1.40183       0.0833264 
        10.1317         1.39955       0.0833264 
        10.1474         1.39581       0.0833264 
        10.1631         1.39292       0.0833264 
        10.1788         1.38797       0.0833264 
        10.1945         1.38508       0.0833264 
        10.2102          1.3815       0.0833264 
        10.2259         1.37688       0.0833264 
        10.2416         1.37536       0.0833264 
        10.2573          1.3714       0.0833264 
         10.273         1.36812       0.0833264 
        10.2887         1.36531       0.0833264 
        10.3044         1.36207       0.0833264 
        10.3201         1.35806       0.0833264 
        10.3359         1.35572       0.0833264 
        10.3516         1.35164       0.0833264 
        10.3673         1.34765       0.0833264 
         10.383          1.3443       0.0833264 
        10.3987         1.34191       0.0833264 
        10.4144         1.33848       0.0833264 
        10.4301         1.33598       0.0833264 
        10.4458         1.33409       0.0833264 
        10.4615         1.33046       0.0833264 
        10.4772         1.32656       0.0833264 
        10.4929          1.3237       0.0833264 
        10.5086         1.32127       0.0833264 
        10.5244         1.31976       0.0833264 
        10.5401         1.31544       0.0833264 
        10.5558         1.31275       0.0833264 
        10.5715         1.31049       0.0833264 
        10.5872         1.30813       0.0833264 
        10.6029         1.30427       0.0833264 
        10.6186         1.30187       0.0833264 
        10.6343         1.29994       0.0833264 
          10.65         1.29732       0.0833264 
        10.6657         1.29414       0.0833264 
        10.6814         1.29239       0.0833264 
        10.6971         1.28998       0.0833264 
        10.7129         1.28544       0.0833264 
        10.7286         1.28251       0.0833264 
        10.7443         1.28191       0.0833264 
          10.76         1.27864       0.0833264 
        10.7757          1.2769       0.0833264 
        10.7914         1.27469       0.0833264 
        10.8071         1.27226       0.0833264 
        10.8228         1.27041       0.0833264 
        10.8385         1.26841       0.0833264 
        10.8542         1.26619       0.0833264 
        10.8699          1.2634       0.0833264 
        10.8856         1.26235       0.0833264 
        10.9014         1.25889       0.0833264 
        10.9171         1.25703       0.0833264 
        10.9328         1.25466       0.0833264 
        10.9485         1.25212       0.0833264 
        10.9642         1.25185       0.0833264 
        10.9799         1.24918       0.0833264 
        10.9956         1.24791       0.0833264 
        11.0113         1.24574       0.0833264 
         11.027         1.24553       0.0833264 
        11.0427         1.24254       0.0833264 
        11.0584         1.24175       0.0833264 
        11.0741         1.23934       0.0833264 
        11.0898         1.23688       0.0833264 
        11.1055           1.236       0.0833264 
        11.1212         1.23323       0.0833264 
         11.137         1.23223       0.0833264 
        11.1527          1.2306       0.0833264 
        11.1684         1.22958       0.0833264 
        11.1841          1.2288       0.0833264 
        11.1998         1.22746       0.0833264 
        11.2155         1.22501       0.0833264 
        11.2312         1.22331       0.0833264 
        11.2469         1.22238       0.0833264 
        11.2626         1.22168       0.0833264 
        11.2783         1.22054       0.0833264 
         11.294         1.21851       0.0833264 
        11.3097         1.21869       0.0833264 
        11.3254         1.21511       0.0833264 
        11.3412         1.21519       0.0833264 
        11.3569         1.21353       0.0833264 
        11.3726         1.21223       0.0833264 
        11.3883         1.21204       0.0833264 
         11.404          1.2112       0.0833264 
        11.4197         1.21114       0.0833264 
        11.4354         1.20928       0.0833264 
        11.4511         1.20817       0.0833264 
        11.4668           1.207       0.0833264 
        11.4825         1.20704       0.0833264 
        11.4982         1.20601       0.0833264 
         11.514         1.20641       0.0833264 
        11.5297         1.20519       0.0833264 
        11.5454         1.20327       0.0833264 
        11.5611          1.2052       0.0833264 
        11.5768         1.20383       0.0833264 
        11.5925         1.20354       0.0833264 
        11.6082         1.20276       0.0833264 
        11.6239         1.20102       0.0833264 
        11.6396          1.2015       0.0833264 
        11.6553         1.20071       0.0833264 
         11.671         1.20093       0.0833264 
        11.6867         1.20088       0.0833264 
        11.7024         1.20036       0.0833264 
        11.7182         1.19937       0.0833264 
        11.7339         1.19911       0.0833264 
        11.7496         1.19976       0.0833264 
        11.7653         1.19891       0.0833264 
         11.781         1.19997       0.0833264 
        11.7967         1.20014       0.0833264 
        11.8124         1.20008       0.0833264 
        11.8281         1.19993       0.0833264 
        11.8438         1.19868       0.0833264 
        11.8595         1.19927       0.0833264 
        11.8752         1.19954       0.0833264 
         11.891          1.2002       0.0833264 
        11.9067         1.19997       0.0833264 
        11.9224         1.20185       0.0833264 
        11.9381         1.20062       0.0833264 
        11.9538         1.20161       0.0833264 
        11.9695         1.20158       0.0833264 
        11.9852         1.20298       0.0833264 
        12.0009         1.20328       0.0833264 
        12.0166         1.20206       0.0833264 
        12.0323           1.204       0.0833264 
         12.048         1.20384       0.0833264 
        12.0637         1.20389       0.0833264 
