# k  (h/Mpc)    Pcb(k)  (Mpc/h)^3    Pcb_linear(k) (Mpc/h)^3   ShotnoiseSubtracted = true
      0.0200456         16281.3           16482 
      0.0350414         10086.1         9661.66 
      0.0492313         6231.89         6243.25 
      0.0637834         4905.86         5046.37 
      0.0800726         3675.63         3804.12 
       0.096163         2696.16          2508.7 
       0.111083          2109.1         1934.93 
       0.126058         1764.55         1738.64 
       0.142273         1486.86         1425.64 
       0.158546         1166.08         1057.91 
        0.17375          1004.8         880.075 
       0.188953          937.61         805.908 
       0.204907         785.603         698.912 
       0.220756         691.357         568.542 
        0.23588          608.05         489.133 
         0.2514         538.716         446.746 
       0.267535         517.779         399.436 
       0.283568         446.245         343.722 
       0.299022         421.274         302.993 
       0.314451         424.396         277.025 
       0.330372         359.887         252.221 
       0.346141         330.198         225.478 
       0.361624         312.332         202.977 
       0.377134         291.225         186.237 
       0.392932         277.796         171.392 
       0.408854         264.484         156.453 
       0.424564         253.678         143.054 
       0.440253         228.532         132.044 
       0.455999         215.717         122.457 
       0.471626         215.484         113.437 
        0.48727         202.123          105.08 
       0.502856          185.83         97.7862 
       0.518488         184.507         91.3043 
       0.534347         171.904         85.2431 
       0.550082         165.011         79.6545 
       0.565732         163.793         74.6296 
       0.581496         153.167         70.0543 
       0.597222         148.567         65.8654 
       0.612804         142.491         62.0117 
       0.628434         138.749         58.4519 
       0.644267         131.119         55.1477 
       0.660051          129.13          52.108 
       0.675724         125.616         49.3112 
       0.691403         122.786         46.7149 
       0.707174          117.81         44.2885 
       0.722871         115.197          42.042 
        0.73838          113.55         39.9732 
       0.754018         107.652         38.0265 
       0.769845         107.372         36.1869 
        0.78569         103.329          34.466 
       0.801365         99.5361         32.8728 
       0.817031         97.8487         31.3806 
       0.832809         95.5372         29.9709 
       0.848511         92.9427         28.6535 
       0.864097         90.5454         27.4236 
       0.879701          89.488         26.2642 
       0.895507         86.9949         25.1577 
       0.911279         84.3581         24.1168 
        0.92691         82.3446         23.1428 
       0.942635          80.693         22.2169 
       0.958396         79.7052         21.3393 
       0.974128         78.1491         20.5103 
       0.989692         75.5355         19.7331 
        1.00528         74.7733         18.9948 
        1.02113         72.7801         18.2824 
        1.03692         72.0844         17.6088 
        1.05264         70.9678          16.972 
        1.06832         69.3535         16.3674 
        1.08405          67.863         15.7905 
        1.09979         67.1999         15.2407 
        1.11537          65.647         14.7224 
        1.13105         64.4497         14.2249 
        1.14679         63.5314         13.7483 
        1.16256         62.0119         13.2924 
        1.17828         61.5655         12.8585 
        1.19395         60.4547         12.4453 
         1.2097         59.3406          12.048 
        1.22537         58.5621         11.6698 
          1.241         57.7009         11.3089 
        1.25666         56.2939         10.9622 
        1.27241          55.524         10.6283 
        1.28819         54.7662         10.3076 
        1.30392         53.9934         10.0009 
        1.31957         53.4577         9.70802 
        1.33529         52.4073         9.42568 
        1.35108         51.8114         9.15335 
        1.36674          51.117         8.89363 
         1.3824          50.297         8.64413 
        1.39811         49.5013          8.4033 
        1.41389          48.629         8.17064 
        1.42964         48.0614         7.94711 
        1.44531         47.4723         7.73295 
        1.46101         46.9966         7.52616 
        1.47667         46.4159         7.32748 
        1.49229         45.5226         7.13644 
        1.50793         45.0513         6.95194 
        1.52367         44.6833         6.77271 
        1.53953         44.1411         6.59854 
        1.55526         43.1976         6.43183 
        1.57092         42.7012         6.27152 
        1.58662         42.3482         6.11624 
        1.60235         41.9595         5.96586 
        1.61809         41.0053         5.82043 
        1.63369         40.7248         5.68108 
        1.64941         40.2299         5.54526 
        1.66519         39.4707         5.41335 
        1.68085         38.8176         5.28663 
        1.69652         38.3647         5.16389 
        1.71228         37.8932         5.04431 
        1.72806         37.7621         4.92839 
        1.74368         37.0588         4.81724 
        1.75933         36.7224         4.70926 
        1.77505         36.3575         4.60406 
        1.79081          35.809         4.50186 
         1.8065         35.5003         4.40316 
        1.82218         35.0651         4.30748 
        1.83797         34.4174         4.21397 
        1.85367         34.1188         4.12372 
        1.86928         33.6778         4.03662 
        1.88497         33.3331         3.95155 
        1.90073         32.8976         3.86859 
        1.91647         32.7199         3.78806 
        1.93218          32.207         3.70998 
        1.94787         31.8734         3.63418 
        1.96363          31.517         3.56019 
        1.97935         31.0719         3.48838 
        1.99499         30.7206         3.41895 
        2.01064         30.4033         3.35128 
         2.0264         30.1472           3.285 
        2.04216         29.7634         3.22053 
        2.05781         29.2846         3.15818 
        2.07353         29.0212         3.09725 
        2.08928         28.9435         3.03777 
        2.10499         28.4058         2.97999 
        2.12065         28.2346         2.92388 
        2.13633         27.8942         2.86915 
        2.15211         27.6445         2.81546 
        2.16785          27.183         2.76327 
        2.18349         26.8767         2.71272 
        2.19916         26.7069         2.66332 
        2.21489         26.4452         2.61497 
        2.23063         26.2759         2.56777 
         2.2463         25.8501         2.52195 
        2.26194         25.5587         2.47734 
        2.27765         25.2815         2.43357 
        2.29341         25.0215         2.39074 
        2.30914          24.654         2.34901 
        2.32486         24.5176         2.30829 
        2.34061         24.2838         2.26846 
        2.35635         23.9899          2.2296 
        2.37203         23.6486         2.19177 
        2.38768         23.5204         2.15489 
        2.40339          23.281         2.11872 
        2.41914         23.0607         2.08328 
        2.43483         22.7839         2.04877 
         2.4505         22.7705         2.01509 
        2.46622         22.2742         1.98205 
        2.48195         22.1319         1.94974 
        2.49759         21.9906         1.91831 
        2.51328         21.6626         1.88748 
        2.52906         21.5386         1.85714 
        2.54479          21.399         1.82756 
        2.56049         20.9808         1.79868 
        2.57618         20.8372         1.77044 
        2.59189         20.7243         1.74276 
        2.60758         20.3339         1.71571 
        2.62325         20.2529         1.68926 
        2.63898          20.114         1.66327 
        2.65468         19.7965         1.63787 
        2.67044         19.7284          1.6129 
        2.68618         19.4604         1.58849 
        2.70184         19.2695         1.56468 
        2.71755         19.1234          1.5413 
        2.73329         18.9095         1.51835 
        2.74897         18.7239         1.49594 
        2.76462         18.4588         1.47402 
        2.78034         18.3592         1.45245 
        2.79607         18.1665         1.43129 
        2.81179         17.9835         1.41056 
        2.82749         17.8468         1.39027 
        2.84321         17.6322         1.37035 
        2.85893         17.4774         1.35082 
        2.87462         17.2589          1.3317 
        2.89033          17.081         1.31292 
        2.90605         16.9922         1.29449 
        2.92176         16.8574         1.27642 
        2.93747         16.6197          1.2587 
        2.95318         16.5395         1.24131 
        2.96891         16.4073         1.22424 
        2.98456         16.1998         1.20756 
        3.00023         16.0273         1.19116 
        3.01596         15.8757         1.17501 
        3.03164         15.7286         1.15921 
        3.04738         15.5648         1.14365 
         3.0631         15.4184         1.12837 
        3.07883         15.2885         1.11337 
        3.09456         15.1384         1.09864 
        3.11026         14.9769          1.0842 
        3.12596         14.8492         1.07002 
        3.14163           14.74         1.05612 
        3.15734         14.5973         1.04243 
        3.17308           14.46         1.02895 
        3.18879          14.324         1.01574 
        3.20447         14.2088         1.00278 
         3.2202         14.0376        0.990006 
         3.2359         13.8989        0.977473 
        3.25157         13.7651        0.965184 
        3.26729         13.6715        0.953067 
        3.28304         13.5313        0.941133 
        3.29877         13.4092        0.929415 
        3.31446         13.2923        0.917921 
        3.33014         13.1511        0.906629 
        3.34585         13.0458        0.895508 
        3.36158         12.8964        0.884555 
        3.37727         12.8485        0.873817 
        3.39294         12.6983        0.863266 
        3.40867         12.5792        0.852848 
        3.42439         12.5092        0.842607 
        3.44008         12.3805        0.832552 
        3.45578         12.3061        0.822651 
        3.47153         12.1366        0.812889 
        3.48724         12.0718          0.8033 
        3.50292         11.9368        0.793886 
        3.51859         11.8219        0.784626 
        3.53431         11.7367        0.775483 
        3.55007         11.6281        0.766462 
        3.56577         11.5119        0.757619 
        3.58146         11.4107        0.748917 
        3.59719         11.3211        0.740331 
        3.61292         11.2378        0.731881 
        3.62859         11.1437        0.723592 
        3.64429         11.0203        0.715415 
        3.66003         10.9644        0.707338 
        3.67578         10.8555        0.699388 
        3.69146         10.7926        0.691588 
        3.70712         10.6495         0.68392 
        3.72284         10.5809        0.676338 
        3.73853         10.4733        0.668884 
        3.75422         10.3767        0.661537 
        3.76993         10.2918        0.654294 
        3.78564         10.2541        0.647161 
        3.80137         10.1568        0.640121 
        3.81707         10.0492          0.6332 
        3.83279         9.99394        0.626374 
        3.84853         9.86586        0.619637 
        3.86424         9.81024        0.613011 
        3.87992         9.72682         0.60649 
        3.89561         9.64826        0.600063 
        3.91134         9.58943        0.593715 
        3.92704         9.49755        0.587465 
        3.94273         9.37806        0.581311 
        3.95845         9.32429        0.575232 
        3.97418          9.2589        0.569238 
        3.98988         9.16208        0.563337 
        4.00554         9.09563        0.557534 
        4.02125         9.02732        0.551796 
        4.03698         8.93736        0.546128 
        4.05268         8.86555        0.540553 
        4.06839         8.78033         0.53505 
         4.0841         8.73344        0.529624 
        4.09983         8.65457        0.524266 
        4.11555         8.55676        0.518983 
        4.13124         8.50377        0.513786 
        4.14693         8.46261        0.508655 
        4.16266         8.39027        0.503582 
        4.17839         8.30576         0.49858 
        4.19408         8.23485        0.493657 
        4.20977          8.1717        0.488797 
        4.22551         8.11594        0.483991 
        4.24123         8.02967        0.479253 
        4.25691         7.98721        0.474591 
        4.27259         7.89528        0.469989 
        4.28831         7.86258        0.465438 
        4.30404         7.77394        0.460942 
        4.31974         7.73056        0.456514 
        4.33543         7.66038        0.452147 
        4.35116         7.60672        0.447826 
        4.36688          7.5291        0.443562 
        4.38255         7.46742        0.439369 
        4.39825         7.44691        0.435221 
        4.41398         7.35593        0.431117 
         4.4297         7.30635         0.42707 
        4.44541         7.24933        0.423075 
        4.46111          7.1973        0.419134 
        4.47683         7.11647        0.415239 
        4.49251         7.06682        0.411401 
        4.50819         7.03912        0.407613 
         4.5239         6.97312        0.403866 
        4.53962         6.91641        0.400161 
        4.55535         6.85126          0.3965 
        4.57106          6.8055        0.392889 
        4.58678         6.76033        0.389323 
         4.6025         6.71388        0.385799 
        4.61821         6.66742        0.382319 
        4.63391         6.59543        0.378886 
         4.6496         6.54976        0.375496 
        4.66532         6.49562        0.372142 
        4.68103         6.43682         0.36883 
        4.69673         6.41619        0.365561 
        4.71241         6.37352        0.362334 
        4.72811         6.31075        0.359141 
        4.74384         6.26561        0.355981 
        4.75955         6.21486        0.352864 
        4.77525         6.15225        0.349785 
        4.79096         6.10935         0.34674 
        4.80669         6.07081        0.343728 
         4.8224         6.02901        0.340755 
        4.83809         5.98389        0.337821 
        4.85379          5.9363        0.334918 
         4.8695         5.89535        0.332047 
        4.88521         5.85826        0.329211 
        4.90093         5.81466        0.326407 
        4.91663         5.77037        0.323637 
        4.93234         5.72778        0.320897 
        4.94807         5.67661        0.318186 
        4.96377         5.64597        0.315511 
        4.97943         5.59897        0.312872 
        4.99514         5.55626        0.310256 
        5.01086         5.52142        0.307668 
        5.02654         5.48243        0.305115 
        5.04227           5.434        0.302584 
          5.058         5.40871         0.30008 
        5.07371         5.35409        0.297609 
        5.08942          5.3263        0.295165 
        5.10513         5.28094        0.292748 
        5.12084         5.25265        0.290356 
        5.13656         5.20699        0.287992 
        5.15225         5.17407        0.285657 
        5.16796         5.12278        0.283344 
        5.18369         5.09072        0.281055 
         5.1994         5.05614        0.278794 
        5.21509         5.03224        0.276561 
        5.23079         4.98886        0.274348 
        5.24649         4.96234        0.272162 
        5.26217         4.91826        0.270001 
        5.27788         4.87731        0.267859 
        5.29359         4.84546        0.265741 
        5.30933         4.82308        0.263642 
        5.32504         4.78179        0.261568 
        5.34073          4.7592         0.25952 
        5.35646         4.71965        0.257488 
        5.37218         4.69262        0.255478 
        5.38789         4.65259        0.253493 
        5.40357         4.61957         0.25153 
        5.41929         4.59636        0.249584 
        5.43502          4.5658        0.247658 
         5.4507         4.52741        0.245756 
        5.46639         4.49269        0.243874 
        5.48212         4.45955        0.242007 
        5.49786         4.45023        0.240158 
        5.51353         4.41115        0.238336 
        5.52921         4.38352        0.236531 
        5.54495         4.34227         0.23474 
        5.56066         4.32132        0.232969 
        5.57637         4.29064        0.231216 
        5.59207          4.2633        0.229482 
        5.60778         4.24209        0.227766 
        5.62346         4.20681        0.226069 
        5.63916         4.18732        0.224388 
        5.65487         4.15318        0.222723 
         5.6706         4.13008        0.221072 
        5.68633         4.09605        0.219438 
        5.70203         4.07421        0.217823 
        5.71773         4.05098        0.216224 
        5.73344          4.0219        0.214641 
        5.74916         3.98777        0.213071 
        5.76486         3.96064         0.21152 
        5.78054         3.94332        0.209986 
        5.79626         3.91898        0.208463 
          5.812         3.89961        0.206953 
         5.8277         3.86691        0.205462 
        5.84339         3.84567        0.203986 
        5.85911          3.8186        0.202522 
        5.87484         3.79481        0.201072 
        5.89053         3.76623        0.199638 
        5.90623         3.74379        0.198218 
        5.92195         3.73037         0.19681 
        5.93767         3.70175        0.195415 
        5.95336         3.66853        0.194036 
        5.96905         3.65128        0.192671 
        5.98476         3.62327        0.191317 
        6.00048         3.60573        0.189975 
        6.01617         3.59026        0.188648 
        6.03185          3.5569        0.187335 
        6.04756         3.54248        0.186031 
        6.06331         3.51546        0.184737 
        6.07903         3.49902        0.183458 
        6.09473         3.47545        0.182192 
        6.11044         3.45153        0.180936 
        6.12616         3.43129        0.179692 
        6.14186         3.41459        0.178462 
        6.15755         3.39137        0.177242 
        6.17326         3.36668        0.176033 
        6.18898         3.34955        0.174835 
        6.20467         3.33244        0.173649 
        6.22036         3.30924        0.172475 
         6.2361         3.29231        0.171308 
         6.2518         3.26878        0.170154 
        6.26748         3.25031        0.169013 
        6.28319         3.23104        0.167879 
        6.29893         3.21553        0.166754 
        6.31463          3.1878        0.165642 
        6.33033         3.17611         0.16454 
        6.34604         3.15387        0.163447 
        6.36177         3.13057        0.162363 
        6.37747         3.11906         0.16129 
        6.39316         3.10279        0.160228 
        6.40888         3.07995        0.159173 
         6.4246         3.06467        0.158128 
        6.44031         3.04486        0.157092 
        6.45601         3.03481        0.156067 
        6.47172         3.01113        0.155049 
        6.48744         2.98921         0.15404 
        6.50313           2.976        0.153042 
        6.51882         2.96115        0.152053 
        6.53452         2.93682        0.151072 
        6.55025         2.92572        0.150097 
        6.56597           2.905        0.149132 
        6.58166         2.89358        0.148177 
        6.59736         2.87516         0.14723 
        6.61307         2.86004         0.14629 
         6.6288         2.84337        0.145357 
         6.6445         2.82698        0.144434 
         6.6602         2.81967        0.143519 
        6.67592         2.80013        0.142611 
        6.69164         2.78683         0.14171 
        6.70735          2.7667        0.140818 
        6.72304         2.75341        0.139934 
        6.73874         2.73596        0.139058 
        6.75446         2.71919        0.138187 
        6.77016         2.70392        0.137326 
        6.78585         2.69328        0.136472 
        6.80156         2.67686        0.135624 
        6.81729         2.66115        0.134782 
        6.83301          2.6488        0.133948 
         6.8487         2.63655        0.133122 
         6.8644          2.6196        0.132303 
        6.88012         2.60771         0.13149 
        6.89583         2.59068        0.130684 
        6.91151         2.58048        0.129886 
        6.92723         2.56417        0.129093 
        6.94296          2.5471        0.128306 
        6.95866         2.53188        0.127526 
        6.97436         2.52347        0.126754 
        6.99007           2.505        0.125987 
        7.00578         2.49747        0.125226 
        7.02147         2.48857        0.124473 
        7.03718         2.47076        0.123725 
         7.0529         2.45692        0.122982 
        7.06863          2.4449        0.122245 
        7.08433         2.43085        0.121515 
        7.10004         2.41665        0.120791 
        7.11575         2.40585        0.120073 
        7.13145          2.3885         0.11936 
        7.14715         2.38183        0.118654 
        7.16284         2.37176        0.117954 
        7.17855          2.3585        0.117258 
        7.19428         2.34441        0.116567 
        7.20998         2.33275        0.115883 
        7.22568         2.32019        0.115204 
        7.24139          2.3075        0.114531 
        7.25711         2.29566        0.113862 
        7.27282         2.28643        0.113199 
        7.28852         2.27512        0.112542 
        7.30423         2.26123        0.111889 
        7.31995         2.24982        0.111242 
        7.33565         2.24045        0.110599 
        7.35135         2.23267        0.109962 
        7.36706         2.21845         0.10933 
        7.38277         2.21021        0.108702 
        7.39847         2.19781         0.10808 
        7.41419          2.1904        0.107462 
         7.4299         2.17705        0.106849 
        7.44561         2.16502        0.106241 
        7.46132          2.1566        0.105637 
        7.47701         2.14498        0.105039 
        7.49272         2.13694        0.104445 
        7.50842         2.12371        0.103856 
         7.5241         2.11723        0.103271 
        7.53981         2.10575        0.102691 
        7.55552          2.0984        0.102114 
        7.57125         2.08498        0.101542 
        7.58698         2.07712        0.100973 
        7.60268          2.0668         0.10041 
         7.6184         2.05851       0.0998511 
        7.63411         2.04677       0.0992962 
        7.64981         2.03917       0.0987458 
        7.66552         2.02703       0.0981996 
        7.68123         2.02069       0.0976571 
        7.69695         2.00757       0.0971184 
        7.71264         2.00377       0.0965847 
        7.72834         1.99065       0.0960547 
        7.74407         1.98213       0.0955277 
        7.75978         1.97377        0.095005 
        7.77546         1.96553       0.0944873 
        7.79116         1.95746        0.093973 
         7.8069         1.94686       0.0934612 
         7.8226         1.93662        0.092954 
        7.83828          1.9284       0.0924515 
        7.85399         1.91871        0.091952 
        7.86972         1.91252        0.091455 
        7.88543         1.90319       0.0909626 
        7.90111         1.89884       0.0904747 
        7.91681         1.88802       0.0899895 
        7.93255         1.87984       0.0895069 
        7.94828         1.87082        0.089028 
        7.96397         1.86284       0.0885535 
        7.97967         1.85502       0.0880824 
        7.99538         1.84688       0.0876144 
         8.0111         1.83784       0.0871496 
         8.0268         1.83071       0.0866885 
        8.04248         1.82055       0.0862313 
         8.0582         1.81722       0.0857764 
        8.07393         1.80477       0.0853243 
        8.08963         1.80072       0.0848762 
        8.10533         1.79556       0.0844315 
        8.12104         1.78361       0.0839896 
        8.13675         1.77613       0.0835508 
        8.15245          1.7691       0.0831153 
        8.16815         1.76218       0.0826831 
        8.18387         1.75221       0.0822533 
        8.19959         1.74827       0.0818264 
         8.2153         1.73798       0.0814029 
        8.23101         1.73444       0.0809823 
        8.24672          1.7263       0.0805647 
        8.26241         1.71751       0.0801506 
         8.2781         1.71074       0.0797393 
        8.29381         1.70658       0.0793304 
        8.30952          1.6983       0.0789243 
        8.32524         1.69206       0.0785207 
        8.34095         1.68581       0.0781202 
        8.35666         1.67885       0.0777225 
        8.37237         1.66901       0.0773275 
        8.38808         1.66413       0.0769352 
        8.40379         1.65801       0.0765457 
         8.4195         1.65007       0.0761589 
         8.4352         1.64486       0.0757748 
        8.45091         1.63884       0.0753933 
        8.46662         1.63183       0.0750142 
        8.48232          1.6248        0.074638 
        8.49802          1.6189       0.0742644 
        8.51374         1.61379       0.0738928 
        8.52945         1.60854        0.073524 
        8.54515         1.60296       0.0731579 
        8.56086         1.59442       0.0727939 
        8.57658         1.59146       0.0724324 
        8.59228         1.58211       0.0720737 
        8.60799         1.57608        0.071717 
        8.62371         1.56859       0.0713627 
        8.63942         1.56688       0.0710109 
        8.65512         1.56042       0.0706616 
        8.67082         1.55281       0.0703147 
        8.68653         1.54643       0.0699698 
        8.70224         1.54204       0.0696273 
        8.71795         1.53509       0.0692871 
        8.73365         1.53082       0.0689492 
        8.74936         1.52677       0.0686135 
        8.76506         1.52009       0.0682802 
        8.78076          1.5165        0.067949 
        8.79646         1.51185         0.06762 
        8.81218         1.50351       0.0672929 
        8.82791         1.49888       0.0669676 
         8.8436         1.49512       0.0666451 
         8.8593         1.48937       0.0663248 
        8.87503         1.48313       0.0660057 
        8.89076          1.4777       0.0656889 
        8.90644         1.47317        0.065375 
        8.92214         1.46915       0.0650629 
        8.93786         1.46295       0.0647523 
        8.95357         1.45968       0.0644439 
        8.96928          1.4537       0.0641376 
        8.98498         1.44756       0.0638334 
        9.00069         1.44286        0.063531 
        9.01639          1.4364       0.0632305 
        9.03208         1.43298       0.0629323 
        9.04778         1.43025       0.0626358 
        9.06351         1.42356       0.0623407 
        9.07923         1.42124       0.0620477 
        9.09493         1.41524       0.0617568 
        9.11062         1.41166       0.0614679 
        9.12635         1.40651       0.0611803 
        9.14207         1.40248       0.0608946 
        9.15777         1.39591        0.060611 
        9.17346         1.39163       0.0603295 
        9.18917         1.38837       0.0600492 
         9.2049         1.38208       0.0597706 
        9.22061         1.37881       0.0594939 
        9.23631         1.37373       0.0592191 
        9.25201         1.37061       0.0589461 
        9.26773         1.36543       0.0586746 
        9.28343         1.36273       0.0584048 
        9.29913         1.35825       0.0581368 
        9.31484         1.35337       0.0578705 
        9.33057         1.34968       0.0576053 
        9.34627         1.34512       0.0573422 
        9.36197         1.33996       0.0570809 
        9.37768         1.33732       0.0568209 
        9.39338         1.33438       0.0565627 
        9.40909           1.331       0.0563061 
        9.42479         1.32486       0.0560511 
         9.4405         1.32063       0.0557976 
        9.45621           1.317       0.0555456 
        9.47193           1.314       0.0552951 
        9.48763          1.3098       0.0550463 
        9.50334         1.30495        0.054799 
        9.51906         1.30258       0.0545531 
        9.53476         1.29883       0.0543089 
        9.55045         1.29401       0.0540663 
        9.56616         1.29248       0.0538249 
        9.58188         1.28836       0.0535847 
        9.59759         1.28489       0.0533461 
         9.6133         1.28078       0.0531089 
        9.62901         1.27711        0.052873 
        9.64471         1.27392       0.0526386 
        9.66041           1.269       0.0524055 
        9.67612         1.26693       0.0521736 
        9.69184         1.26297        0.051943 
        9.70754         1.26011        0.051714 
        9.72324         1.25642       0.0514865 
        9.73895         1.25473       0.0512604 
        9.75467         1.24884       0.0510356 
        9.77038         1.24758       0.0508125 
        9.78607         1.24207       0.0505911 
        9.80177         1.23994       0.0503712 
        9.81749         1.23713       0.0501526 
         9.8332         1.23321       0.0499357 
         9.8489         1.23061       0.0497204 
        9.86463         1.22858       0.0495061 
        9.88035         1.22515        0.049293 
        9.89606         1.22002       0.0490813 
        9.91175         1.21857       0.0488706 
        9.92745         1.21627       0.0486606 
        9.94317         1.21249        0.048451 
        9.95888         1.21016        0.048242 
        9.97458         1.20533       0.0480335 
        9.99029         1.20397        0.047825 
         10.006         1.20154       0.0476963 
        10.0217         1.19871       0.0476963 
        10.0374         1.19681       0.0476963 
        10.0531         1.19323       0.0476963 
        10.0688         1.19071       0.0476963 
        10.0845         1.18684       0.0476963 
        10.1002         1.18444       0.0476963 
        10.1159         1.18209       0.0476963 
        10.1317         1.17986       0.0476963 
        10.1474         1.17678       0.0476963 
        10.1631         1.17437       0.0476963 
        10.1788         1.17087       0.0476963 
        10.1945         1.16855       0.0476963 
        10.2102         1.16731       0.0476963 
        10.2259         1.16469       0.0476963 
        10.2416         1.16132       0.0476963 
        10.2573          1.1606       0.0476963 
         10.273         1.15866       0.0476963 
        10.2887         1.15498       0.0476963 
        10.3044         1.15334       0.0476963 
        10.3201         1.15151       0.0476963 
        10.3359         1.14874       0.0476963 
        10.3516         1.14555       0.0476963 
        10.3673          1.1442       0.0476963 
         10.383         1.14128       0.0476963 
        10.3987         1.14017       0.0476963 
        10.4144         1.13805       0.0476963 
        10.4301         1.13545       0.0476963 
        10.4458         1.13287       0.0476963 
        10.4615         1.13227       0.0476963 
        10.4772         1.12939       0.0476963 
        10.4929         1.12657       0.0476963 
        10.5086         1.12509       0.0476963 
        10.5244         1.12397       0.0476963 
        10.5401         1.12203       0.0476963 
        10.5558         1.11938       0.0476963 
        10.5715         1.11748       0.0476963 
        10.5872         1.11605       0.0476963 
        10.6029         1.11422       0.0476963 
        10.6186         1.11168       0.0476963 
        10.6343         1.10961       0.0476963 
          10.65         1.10908       0.0476963 
        10.6657         1.10712       0.0476963 
        10.6814         1.10541       0.0476963 
        10.6971         1.10443       0.0476963 
        10.7129         1.10304       0.0476963 
        10.7286         1.10108       0.0476963 
        10.7443         1.09883       0.0476963 
          10.76         1.09832       0.0476963 
        10.7757         1.09552       0.0476963 
        10.7914         1.09402       0.0476963 
        10.8071          1.0925       0.0476963 
        10.8228         1.09241       0.0476963 
        10.8385         1.08953       0.0476963 
        10.8542         1.08901       0.0476963 
        10.8699         1.08691       0.0476963 
        10.8856         1.08662       0.0476963 
        10.9014         1.08446       0.0476963 
        10.9171         1.08302       0.0476963 
        10.9328         1.08166       0.0476963 
        10.9485         1.08006       0.0476963 
        10.9642         1.07863       0.0476963 
        10.9799         1.07798       0.0476963 
        10.9956         1.07703       0.0476963 
        11.0113         1.07621       0.0476963 
         11.027         1.07508       0.0476963 
        11.0427         1.07376       0.0476963 
        11.0584         1.07197       0.0476963 
        11.0741         1.07243       0.0476963 
        11.0898          1.0701       0.0476963 
        11.1055         1.06941       0.0476963 
        11.1212         1.06865       0.0476963 
         11.137         1.06782       0.0476963 
        11.1527         1.06736       0.0476963 
        11.1684         1.06599       0.0476963 
        11.1841         1.06499       0.0476963 
        11.1998         1.06335       0.0476963 
        11.2155         1.06408       0.0476963 
        11.2312         1.06275       0.0476963 
        11.2469         1.06188       0.0476963 
        11.2626         1.06191       0.0476963 
        11.2783         1.06049       0.0476963 
         11.294         1.05984       0.0476963 
        11.3097         1.05953       0.0476963 
        11.3254         1.05902       0.0476963 
        11.3412         1.05774       0.0476963 
        11.3569         1.05912       0.0476963 
        11.3726         1.05572       0.0476963 
        11.3883         1.05806       0.0476963 
         11.404         1.05624       0.0476963 
        11.4197         1.05637       0.0476963 
        11.4354         1.05525       0.0476963 
        11.4511          1.0555       0.0476963 
        11.4668          1.0546       0.0476963 
        11.4825         1.05431       0.0476963 
        11.4982         1.05425       0.0476963 
         11.514         1.05354       0.0476963 
        11.5297         1.05271       0.0476963 
        11.5454         1.05393       0.0476963 
        11.5611         1.05365       0.0476963 
        11.5768         1.05328       0.0476963 
        11.5925           1.053       0.0476963 
        11.6082         1.05292       0.0476963 
        11.6239         1.05234       0.0476963 
        11.6396         1.05237       0.0476963 
        11.6553         1.05411       0.0476963 
         11.671         1.05258       0.0476963 
        11.6867         1.05262       0.0476963 
        11.7024         1.05345       0.0476963 
        11.7182         1.05312       0.0476963 
        11.7339         1.05261       0.0476963 
        11.7496         1.05319       0.0476963 
        11.7653         1.05425       0.0476963 
         11.781         1.05515       0.0476963 
        11.7967          1.0556       0.0476963 
        11.8124         1.05549       0.0476963 
        11.8281         1.05447       0.0476963 
        11.8438         1.05655       0.0476963 
        11.8595          1.0574       0.0476963 
        11.8752         1.05769       0.0476963 
         11.891         1.05699       0.0476963 
        11.9067         1.05859       0.0476963 
        11.9224          1.0597       0.0476963 
        11.9381         1.05991       0.0476963 
        11.9538         1.06009       0.0476963 
        11.9695         1.06069       0.0476963 
        11.9852         1.06217       0.0476963 
        12.0009          1.0636       0.0476963 
        12.0166          1.0633       0.0476963 
        12.0323         1.06481       0.0476963 
         12.048         1.06546       0.0476963 
        12.0637         1.06514       0.0476963 
