# k  (h/Mpc)    Pcb(k)  (Mpc/h)^3    Pcb_linear(k) (Mpc/h)^3   ShotnoiseSubtracted = true
      0.0200456         11787.7         11947.7 
      0.0350414          8333.5         8081.75 
      0.0492313         5716.15          5753.8 
      0.0637834         4577.84         4734.83 
      0.0800726         3461.32         3585.59 
       0.096163          2651.7          2531.2 
       0.111083         2181.32         2061.34 
       0.126058         1815.69         1821.84 
       0.142273         1509.98         1470.36 
       0.158546         1225.81         1146.47 
        0.17375          1085.3         995.061 
       0.188953         1000.83         897.121 
       0.204907         835.575         763.074 
       0.220756         743.706         639.427 
        0.23588           664.6         569.175 
         0.2514         592.879         517.119 
       0.267535         567.949         455.199 
       0.283568         492.848         397.764 
       0.299022          469.03         359.104 
       0.314451         470.018         328.816 
       0.330372         401.273         296.724 
       0.346141         370.533          267.06 
       0.361624         352.086         244.095 
       0.377134         327.241         224.994 
       0.392932          316.23         206.411 
       0.408854         299.911         188.966 
       0.424564         288.499         174.358 
       0.440253         260.003         161.762 
       0.455999         246.987         150.039 
       0.471626         245.816          139.27 
        0.48727         232.867         129.683 
       0.502856         212.884         121.203 
       0.518488         212.979         113.377 
       0.534347         197.609         106.047 
       0.550082          192.02         99.4365 
       0.565732         190.199         93.4773 
       0.581496          177.65         87.9513 
       0.597222         173.077          82.855 
       0.612804         167.231          78.199 
       0.628434         161.953          73.906 
       0.644267         153.874         69.8906 
       0.660051         150.531         66.1804 
       0.675724         148.332         62.7588 
       0.691403         144.403          59.575 
       0.707174         138.996         56.5932 
       0.722871         136.593         53.8264 
        0.73838         134.887         51.2734 
       0.754018         126.898         48.8661 
       0.769845         126.704         46.5867 
        0.78569         122.931         44.4504 
       0.801365          118.81         42.4688 
       0.817031         115.868         40.6094 
       0.832809         113.582         38.8493 
       0.848511         110.713         37.2014 
       0.864097           108.5         35.6602 
       0.879701         107.033         34.2048 
       0.895507          103.83         32.8133 
       0.911279          101.12          31.502 
        0.92691         98.9791         30.2731 
       0.942635         96.7721         29.1029 
       0.958396         95.9718         27.9919 
       0.974128         93.8339         26.9408 
       0.989692         91.2142          25.954 
        1.00528         90.0839          25.015 
        1.02113         87.7261         24.1077 
        1.03692         87.2558         23.2487 
        1.05264         86.1205         22.4354 
        1.06832         83.4663         21.6622 
        1.08405         82.3601         20.9234 
        1.09979         81.7314         20.2185 
        1.11537         79.4258          19.553 
        1.13105         78.3431         18.9135 
        1.14679         77.1437            18.3 
        1.16256         75.4552         17.7125 
        1.17828          74.846         17.1527 
        1.19395         73.0018          16.619 
         1.2097         72.5187         16.1052 
        1.22537         70.9747         15.6155 
          1.241          70.672         15.1477 
        1.25666         68.2187         14.6978 
        1.27241         67.7242         14.2641 
        1.28819         67.1812          13.847 
        1.30392          65.844         13.4478 
        1.31957         65.2173         13.0661 
        1.33529         64.1858         12.6978 
        1.35108         63.7397         12.3422 
        1.36674         62.5233         12.0027 
         1.3824         61.9945         11.6763 
        1.39811         60.4965         11.3608 
        1.41389         59.6674         11.0558 
        1.42964         58.8607         10.7625 
        1.44531         58.3523         10.4812 
        1.46101         57.7669         10.2094 
        1.47667         56.9033         9.94795 
        1.49229         56.0782         9.69635 
        1.50793         55.3598         9.45314 
        1.52367         55.0164         9.21668 
        1.53953         54.1382          8.9867 
        1.55526         53.0138         8.76638 
        1.57092         52.9776         8.55433 
        1.58662         52.2294         8.34876 
        1.60235         51.5742         8.14954 
        1.61809         50.5121          7.9567 
        1.63369         50.0497         7.77178 
        1.64941          49.726          7.5914 
        1.66519         48.5651         7.41608 
        1.68085         48.1376         7.24753 
        1.69652         47.3368         7.08414 
        1.71228         46.9553         6.92485 
        1.72806         46.6053         6.77032 
        1.74368         45.8328         6.62203 
        1.75933         45.4744         6.47788 
        1.77505          44.921         6.33732 
        1.79081         44.3512         6.20068 
         1.8065         44.0336         6.06863 
        1.82218         42.9118         5.94053 
        1.83797         42.5254         5.81524 
        1.85367         42.1818         5.69425 
        1.86928         41.8075          5.5774 
        1.88497         41.1714         5.46319 
        1.90073         40.5784         5.35175 
        1.91647         40.4851          5.2435 
        1.93218         40.0228         5.13846 
        1.94787         39.4663         5.03644 
        1.96363         38.9671         4.93678 
        1.97935         38.4827         4.84001 
        1.99499         38.0916         4.74637 
        2.01064         37.5006         4.65506 
         2.0264         37.4665         4.56558 
        2.04216         36.7977         4.47847 
        2.05781         36.4509         4.39419 
        2.07353         35.8325         4.31176 
        2.08928         35.7752         4.23126 
        2.10499         35.3496         4.15302 
        2.12065         34.9254         4.07698 
        2.13633         34.6945         4.00278 
        2.15211         34.2162         3.92993 
        2.16785         33.6016          3.8591 
        2.18349         33.3552         3.79044 
        2.19916         33.0362         3.72331 
        2.21489         32.8429         3.65757 
        2.23063         32.3928         3.59337 
         2.2463         32.0579         3.53099 
        2.26194         31.7288         3.47025 
        2.27765         31.3631         3.41061 
        2.29341         30.9344         3.35221 
        2.30914         30.6301          3.2953 
        2.32486         30.2928         3.23973 
        2.34061         30.0156         3.18534 
        2.35635         29.7281         3.13225 
        2.37203         29.3885         3.08055 
        2.38768         29.2613         3.03011 
        2.40339         28.8797         2.98062 
        2.41914         28.6811         2.93211 
        2.43483         28.2791         2.88484 
         2.4505         28.1015          2.8387 
        2.46622         27.6979          2.7934 
        2.48195         27.4917         2.74908 
        2.49759         27.1765         2.70595 
        2.51328         26.8931         2.66363 
        2.52906         26.6285         2.62195 
        2.54479         26.4639         2.58131 
        2.56049         26.1478         2.54161 
        2.57618         25.8975         2.50277 
        2.59189         25.6789         2.46468 
        2.60758         25.2876         2.42744 
        2.62325         25.2155         2.39101 
        2.63898         24.9311         2.35519 
        2.65468         24.5677         2.32019 
        2.67044         24.4628         2.28574 
        2.68618         24.1901         2.25206 
        2.70184         23.9348          2.2192 
        2.71755         23.6802         2.18691 
        2.73329         23.5085          2.1552 
        2.74897         23.2131         2.12423 
        2.76462         23.0122         2.09393 
        2.78034         22.7755         2.06409 
        2.79607         22.5905          2.0348 
        2.81179         22.3454         2.00611 
        2.82749         22.1438           1.978 
        2.84321         21.9103          1.9504 
        2.85893         21.7108         1.92333 
        2.87462         21.5517         1.89682 
        2.89033         21.2979         1.87077 
        2.90605         21.1216          1.8452 
        2.92176         20.9411         1.82011 
        2.93747         20.7075          1.7955 
        2.95318         20.6006         1.77134 
        2.96891         20.3173          1.7476 
        2.98456         20.1774         1.72441 
        3.00023         19.8937          1.7016 
        3.01596         19.6485         1.67913 
        3.03164         19.5397         1.65713 
        3.04738         19.3864         1.63546 
         3.0631         19.2103         1.61418 
        3.07883         18.9667         1.59327 
        3.09456         18.7753         1.57274 
        3.11026         18.6051          1.5526 
        3.12596         18.4237         1.53281 
        3.14163         18.3034         1.51341 
        3.15734         18.1876          1.4943 
        3.17308         17.8937         1.47547 
        3.18879         17.7762         1.45701 
        3.20447         17.6707          1.4389 
         3.2202          17.435         1.42104 
         3.2359         17.2455         1.40351 
        3.25157         17.0982         1.38631 
        3.26729         17.0106         1.36935 
        3.28304         16.8231         1.35264 
        3.29877         16.6889         1.33623 
        3.31446         16.5585         1.32013 
        3.33014         16.3261          1.3043 
        3.34585         16.2571         1.28871 
        3.36158          16.048         1.27334 
        3.37727         15.9313         1.25828 
        3.39294          15.841         1.24347 
        3.40867         15.6824         1.22885 
        3.42439         15.4596         1.21446 
        3.44008         15.3461         1.20034 
        3.45578         15.2409         1.18642 
        3.47153         15.1063          1.1727 
        3.48724         14.9876         1.15921 
        3.50292         14.8048         1.14597 
        3.51859         14.7161         1.13294 
        3.53431         14.5778         1.12007 
        3.55007         14.4344         1.10737 
        3.56577         14.3001         1.09492 
        3.58146         14.1866         1.08266 
        3.59719         14.0714         1.07056 
        3.61292         13.9684         1.05864 
        3.62859          13.776         1.04695 
        3.64429         13.6663         1.03542 
        3.66003         13.5804         1.02402 
        3.67578         13.5054          1.0128 
        3.69146         13.3788         1.00179 
        3.70712         13.2081        0.990957 
        3.72284         13.0967        0.980246 
        3.73853         13.0176        0.969712 
        3.75422         12.8651        0.959327 
        3.76993         12.7822        0.949084 
        3.78564         12.6814        0.938995 
        3.80137         12.5338        0.929035 
        3.81707         12.4132        0.919239 
        3.83279          12.382        0.909576 
        3.84853         12.2251        0.900036 
        3.86424         12.1287         0.89065 
        3.87992         12.0509        0.881411 
        3.89561         11.9221        0.872302 
        3.91134          11.841        0.863303 
        3.92704         11.7485         0.85444 
        3.94273         11.6186         0.84571 
        3.95845         11.5264        0.837085 
        3.97418         11.4263        0.828578 
        3.98988         11.3501          0.8202 
        4.00554         11.2118         0.81196 
        4.02125         11.1465        0.803809 
        4.03698          11.044        0.795757 
        4.05268         10.9775        0.787832 
        4.06839         10.8492         0.78001 
         4.0841         10.7732        0.772295 
        4.09983         10.6597        0.764673 
        4.11555         10.5865        0.757156 
        4.13124         10.4963        0.749761 
        4.14693         10.4364        0.742457 
        4.16266         10.3515        0.735234 
        4.17839         10.2265         0.72811 
        4.19408         10.1662        0.721097 
        4.20977         10.0794        0.714172 
        4.22551         9.99642        0.707321 
        4.24123         9.91006        0.700566 
        4.25691         9.83127        0.693918 
        4.27259         9.73621        0.687353 
        4.28831         9.69355        0.680859 
        4.30404         9.59228        0.674443 
        4.31974         9.50837        0.668123 
        4.33543         9.42631        0.661887 
        4.35116         9.36985        0.655716 
        4.36688         9.27505        0.649624 
        4.38255         9.18849        0.643633 
        4.39825         9.14537        0.637704 
        4.41398         9.06514        0.631837 
         4.4297         8.97304        0.626049 
        4.44541         8.91525        0.620335 
        4.46111         8.84087        0.614696 
        4.47683         8.75496        0.609123 
        4.49251         8.69738         0.60363 
        4.50819          8.6391        0.598206 
         4.5239         8.55963         0.59284 
        4.53962         8.49417        0.587533 
        4.55535         8.43206        0.582288 
        4.57106         8.38716        0.577114 
        4.58678         8.29929        0.572001 
         4.6025         8.24487        0.566949 
        4.61821         8.20032        0.561959 
        4.63391         8.11923        0.557034 
         4.6496         8.03986        0.552171 
        4.66532         7.98788        0.547357 
        4.68103         7.92423        0.542603 
        4.69673         7.84999        0.537909 
        4.71241         7.81843        0.533276 
        4.72811         7.73124        0.528688 
        4.74384          7.6869        0.524149 
        4.75955         7.64002         0.51967 
        4.77525          7.5706        0.515245 
        4.79096         7.52041        0.510866 
        4.80669         7.44189        0.506535 
         4.8224          7.4071         0.50226 
        4.83809         7.34333        0.498038 
        4.85379          7.3057        0.493861 
         4.8695         7.23542        0.489729 
        4.88521         7.17496        0.485646 
        4.90093         7.14916        0.481608 
        4.91663         7.07007        0.477619 
        4.93234         7.02571        0.473672 
        4.94807         6.96212        0.469766 
        4.96377         6.90919        0.465911 
        4.97943         6.85576        0.462107 
        4.99514         6.81984        0.458335 
        5.01086         6.76484        0.454603 
        5.02654         6.70481        0.450921 
        5.04227          6.6684         0.44727 
          5.058         6.62181        0.443656 
        5.07371         6.56436         0.44009 
        5.08942         6.52171        0.436562 
        5.10513         6.46569        0.433072 
        5.12084         6.41007        0.429618 
        5.13656         6.38048        0.426202 
        5.15225         6.32094        0.422829 
        5.16796         6.28775        0.419487 
        5.18369         6.24207        0.416178 
         5.1994         6.19724         0.41291 
        5.21509         6.14492         0.40968 
        5.23079         6.10092        0.406481 
        5.24649          6.0625        0.403318 
        5.26217         6.02763        0.400191 
        5.27788         5.98042        0.397092 
        5.29359         5.92075        0.394026 
        5.30933         5.88956        0.390987 
        5.32504         5.84614        0.387985 
        5.34073         5.79895        0.385018 
        5.35646         5.76057        0.382076 
        5.37218         5.73589        0.379163 
        5.38789         5.69726        0.376286 
        5.40357         5.65275        0.373442 
        5.41929         5.61362         0.37062 
        5.43502         5.58237        0.367827 
         5.4507         5.53633         0.36507 
        5.46639         5.48226         0.36234 
        5.48212          5.4554        0.359631 
        5.49786          5.4195        0.356947 
        5.51353         5.38876        0.354304 
        5.52921         5.34413        0.351684 
        5.54495         5.30851        0.349083 
        5.56066         5.27697        0.346511 
        5.57637         5.23575        0.343965 
        5.59207         5.19915        0.341447 
        5.60778         5.17212        0.338953 
        5.62346          5.1283        0.336487 
        5.63916         5.09526        0.334043 
        5.65487         5.07114        0.331622 
         5.6706         5.03475        0.329222 
        5.68633         4.99382        0.326845 
        5.70203          4.9555        0.324496 
        5.71773          4.9325         0.32217 
        5.73344          4.9028        0.319866 
        5.74916         4.86005        0.317582 
        5.76486         4.83207        0.315324 
        5.78054         4.79824         0.31309 
        5.79626           4.775        0.310872 
          5.812         4.74116        0.308674 
         5.8277         4.69873        0.306502 
        5.84339         4.67018        0.304352 
        5.85911         4.64829        0.302218 
        5.87484          4.6116        0.300104 
        5.89053         4.58332        0.298015 
        5.90623         4.54841        0.295945 
        5.92195          4.5232         0.29389 
        5.93767         4.49841        0.291856 
        5.95336         4.45468        0.289845 
        5.96905           4.439        0.287853 
        5.98476         4.40161        0.285877 
        6.00048         4.38396        0.283919 
        6.01617         4.35118        0.281982 
        6.03185         4.33776        0.280065 
        6.04756         4.30977        0.278161 
        6.06331         4.27291        0.276271 
        6.07903         4.24817        0.274402 
        6.09473         4.21771        0.272552 
        6.11044          4.1852        0.270717 
        6.12616           4.157          0.2689 
        6.14186         4.13986          0.2671 
        6.15755         4.11065        0.265318 
        6.17326         4.08141         0.26355 
        6.18898         4.06369        0.261797 
        6.20467         4.03072        0.260063 
        6.22036          4.0083        0.258345 
         6.2361         3.98326        0.256638 
         6.2518         3.95901        0.254949 
        6.26748          3.9294        0.253279 
        6.28319         3.91176        0.251619 
        6.29893         3.88155        0.249972 
        6.31463         3.86558        0.248343 
        6.33033         3.83918        0.246729 
        6.34604         3.81017        0.245128 
        6.36177         3.80029        0.243539 
        6.37747         3.76807        0.241968 
        6.39316         3.75133        0.240411 
        6.40888         3.72729        0.238865 
         6.4246         3.70236        0.237332 
        6.44031         3.68797        0.235813 
        6.45601         3.66129         0.23431 
        6.47172         3.63531        0.232818 
        6.48744         3.61742        0.231338 
        6.50313         3.59441        0.229873 
        6.51882         3.57196        0.228422 
        6.53452         3.54606        0.226981 
        6.55025         3.52515        0.225551 
        6.56597         3.50452        0.224134 
        6.58166         3.48235        0.222732 
        6.59736         3.46794         0.22134 
        6.61307         3.44469         0.21996 
         6.6288         3.42766         0.21859 
         6.6445         3.40913        0.217233 
         6.6602         3.38387        0.215888 
        6.67592          3.3623        0.214553 
        6.69164         3.34828         0.21323 
        6.70735         3.33218        0.211918 
        6.72304         3.30612        0.210619 
        6.73874         3.28771         0.20933 
        6.75446         3.26981         0.20805 
        6.77016         3.25067        0.206782 
        6.78585         3.23481        0.205525 
        6.80156         3.21655        0.204278 
        6.81729         3.20163         0.20304 
        6.83301         3.18058        0.201811 
         6.8487         3.15972        0.200596 
         6.8644         3.13737         0.19939 
        6.88012         3.12623        0.198192 
        6.89583           3.107        0.197005 
        6.91151         3.09039         0.19583 
        6.92723         3.07344        0.194661 
        6.94296         3.05719        0.193501 
        6.95866         3.03953        0.192353 
        6.97436         3.02517        0.191214 
        6.99007         3.01058        0.190083 
        7.00578          2.9923        0.188962 
        7.02147         2.97541        0.187851 
        7.03718         2.95063        0.186748 
         7.0529         2.93759        0.185652 
        7.06863         2.92139        0.184565 
        7.08433         2.91038        0.183488 
        7.10004         2.89484         0.18242 
        7.11575         2.87867         0.18136 
        7.13145         2.86106        0.180308 
        7.14715         2.85174        0.179265 
        7.16284         2.83069        0.178232 
        7.17855         2.81564        0.177204 
        7.19428          2.7985        0.176184 
        7.20998         2.78795        0.175173 
        7.22568         2.76757        0.174171 
        7.24139         2.75599        0.173175 
        7.25711         2.74237        0.172188 
        7.27282         2.72638        0.171207 
        7.28852         2.71327        0.170236 
        7.30423         2.69913        0.169271 
        7.31995         2.68661        0.168313 
        7.33565         2.66671        0.167364 
        7.35135          2.6588        0.166421 
        7.36706          2.6459        0.165487 
        7.38277         2.63128        0.164558 
        7.39847         2.61578        0.163637 
        7.41419         2.59744        0.162723 
         7.4299         2.59145        0.161815 
        7.44561         2.57629        0.160915 
        7.46132         2.55873        0.160022 
        7.47701         2.54817        0.159136 
        7.49272           2.534        0.158256 
        7.50842         2.52392        0.157383 
         7.5241         2.50886        0.156518 
        7.53981         2.49703        0.155658 
        7.55552         2.48406        0.154804 
        7.57125         2.47419        0.153955 
        7.58698         2.45764        0.153113 
        7.60268         2.44706        0.152279 
         7.6184         2.43667         0.15145 
        7.63411         2.42687        0.150627 
        7.64981         2.41387        0.149811 
        7.66552         2.40598        0.149001 
        7.68123         2.38959        0.148196 
        7.69695         2.37887        0.147397 
        7.71264         2.36437        0.146605 
        7.72834         2.35445        0.145819 
        7.74407         2.34329        0.145037 
        7.75978         2.33093        0.144261 
        7.77546         2.32027        0.143493 
        7.79116         2.30773        0.142729 
         7.8069         2.29509        0.141969 
         7.8226         2.28857        0.141216 
        7.83828         2.27717         0.14047 
        7.85399         2.26811        0.139728 
        7.86972         2.25449         0.13899 
        7.88543         2.24697        0.138258 
        7.90111         2.23363        0.137533 
        7.91681         2.22326        0.136812 
        7.93255         2.21307        0.136095 
        7.94828         2.20029        0.135383 
        7.96397         2.19296        0.134678 
        7.97967         2.18329        0.133978 
        7.99538         2.17153        0.133282 
         8.0111         2.16694         0.13259 
         8.0268         2.15329        0.131905 
        8.04248         2.14118        0.131224 
         8.0582         2.13434        0.130548 
        8.07393          2.1248        0.129875 
        8.08963         2.11448        0.129208 
        8.10533         2.10865        0.128547 
        8.12104         2.09406        0.127889 
        8.13675         2.08642        0.127235 
        8.15245          2.0754        0.126587 
        8.16815         2.06591        0.125944 
        8.18387         2.05829        0.125304 
        8.19959         2.04563        0.124668 
         8.2153         2.04015        0.124037 
        8.23101         2.03093         0.12341 
        8.24672         2.02169        0.122788 
        8.26241         2.01422        0.122171 
         8.2781         2.00479        0.121558 
        8.29381         1.99771        0.120949 
        8.30952         1.98651        0.120343 
        8.32524         1.97877        0.119742 
        8.34095         1.96914        0.119145 
        8.35666         1.96322        0.118552 
        8.37237         1.95498        0.117962 
        8.38808          1.9439        0.117377 
        8.40379         1.93975        0.116796 
         8.4195         1.92669        0.116219 
         8.4352         1.92085        0.115646 
        8.45091         1.91206        0.115077 
        8.46662         1.90578        0.114511 
        8.48232         1.89704         0.11395 
        8.49802         1.88941        0.113392 
        8.51374         1.88124        0.112837 
        8.52945         1.87215        0.112287 
        8.54515         1.86411         0.11174 
        8.56086         1.85661        0.111196 
        8.57658         1.84891        0.110657 
        8.59228         1.84475        0.110121 
        8.60799         1.83532        0.109588 
        8.62371          1.8257        0.109058 
        8.63942         1.81749        0.108533 
        8.65512         1.81274        0.108011 
        8.67082         1.80431        0.107492 
        8.68653         1.79973        0.106977 
        8.70224          1.7903        0.106465 
        8.71795         1.78381        0.105956 
        8.73365          1.7776        0.105451 
        8.74936          1.7694        0.104949 
        8.76506         1.76116         0.10445 
        8.78076         1.75365        0.103955 
        8.79646         1.74946        0.103463 
        8.81218         1.74246        0.102973 
        8.82791         1.73534        0.102487 
         8.8436         1.72758        0.102004 
         8.8593         1.72125        0.101525 
        8.87503         1.71574        0.101047 
        8.89076         1.70864        0.100573 
        8.90644         1.70176        0.100103 
        8.92214         1.69809       0.0996355 
        8.93786         1.68981       0.0991705 
        8.95357         1.68301       0.0987086 
        8.96928         1.68022       0.0982498 
        8.98498         1.67371       0.0977941 
        9.00069         1.66602       0.0973411 
        9.01639         1.66014       0.0968909 
        9.03208          1.6532       0.0964441 
        9.04778         1.64773       0.0959997 
        9.06351         1.64143       0.0955575 
        9.07923         1.63564       0.0951182 
        9.09493         1.62728       0.0946822 
        9.11062           1.624       0.0942491 
        9.12635         1.61749        0.093818 
        9.14207         1.61183       0.0933895 
        9.15777         1.60622       0.0929642 
        9.17346          1.6015       0.0925419 
        9.18917         1.59335       0.0921216 
         9.2049         1.58669       0.0917035 
        9.22061         1.58399       0.0912884 
        9.23631         1.57878       0.0908761 
        9.25201         1.57298       0.0904664 
        9.26773         1.56766       0.0900588 
        9.28343         1.56109        0.089654 
        9.29913         1.55789       0.0892517 
        9.31484         1.55413       0.0888518 
        9.33057          1.5447       0.0884537 
        9.34627         1.54123       0.0880586 
        9.36197         1.53643       0.0876662 
        9.37768         1.52924       0.0872757 
        9.39338         1.52647       0.0868879 
        9.40909         1.51862       0.0865024 
        9.42479         1.51575       0.0861193 
         9.4405         1.50805       0.0857384 
        9.45621          1.5054       0.0853597 
        9.47193         1.50042       0.0849833 
        9.48763         1.49721       0.0846094 
        9.50334         1.49223       0.0842376 
        9.51906         1.48649       0.0838679 
        9.53476         1.48193       0.0835008 
        9.55045         1.47868       0.0831359 
        9.56616         1.47085        0.082773 
        9.58188         1.46839       0.0824117 
        9.59759         1.46118       0.0820529 
         9.6133         1.45873       0.0816961 
        9.62901         1.45467       0.0813412 
        9.64471          1.4496       0.0809885 
        9.66041          1.4466       0.0806379 
        9.67612         1.44303       0.0802888 
        9.69184         1.43655       0.0799418 
        9.70754         1.43151       0.0795972 
        9.72324         1.42787       0.0792548 
        9.73895         1.42224       0.0789143 
        9.75467         1.41794       0.0785759 
        9.77038         1.41444       0.0782399 
        9.78607         1.41072       0.0779066 
        9.80177          1.4074       0.0775753 
        9.81749          1.4014        0.077246 
         9.8332         1.39645       0.0769193 
         9.8489         1.39619       0.0765949 
        9.86463         1.39053        0.076272 
        9.88035         1.38636       0.0759509 
        9.89606         1.38265       0.0756318 
        9.91175         1.37871       0.0753143 
        9.92745         1.37606       0.0749977 
        9.94317         1.36989       0.0746819 
        9.95888         1.36686       0.0743668 
        9.97458         1.36265       0.0740525 
        9.99029         1.36049       0.0737382 
         10.006         1.35581       0.0735442 
        10.0217         1.35431       0.0735442 
        10.0374         1.34964       0.0735442 
        10.0531         1.34631       0.0735442 
        10.0688         1.34219       0.0735442 
        10.0845         1.33961       0.0735442 
        10.1002         1.33591       0.0735442 
        10.1159         1.33181       0.0735442 
        10.1317         1.32834       0.0735442 
        10.1474         1.32633       0.0735442 
        10.1631         1.32261       0.0735442 
        10.1788          1.3195       0.0735442 
        10.1945         1.31702       0.0735442 
        10.2102         1.31178       0.0735442 
        10.2259         1.31016       0.0735442 
        10.2416         1.30611       0.0735442 
        10.2573          1.3038       0.0735442 
         10.273         1.29881       0.0735442 
        10.2887         1.29837       0.0735442 
        10.3044         1.29413       0.0735442 
        10.3201         1.29174       0.0735442 
        10.3359         1.28757       0.0735442 
        10.3516         1.28564       0.0735442 
        10.3673         1.28309       0.0735442 
         10.383         1.27824       0.0735442 
        10.3987         1.27461       0.0735442 
        10.4144         1.27159       0.0735442 
        10.4301         1.27151       0.0735442 
        10.4458         1.26822       0.0735442 
        10.4615         1.26642       0.0735442 
        10.4772         1.26205       0.0735442 
        10.4929         1.26072       0.0735442 
        10.5086         1.25704       0.0735442 
        10.5244         1.25443       0.0735442 
        10.5401         1.25355       0.0735442 
        10.5558         1.25004       0.0735442 
        10.5715         1.24768       0.0735442 
        10.5872         1.24554       0.0735442 
        10.6029         1.24242       0.0735442 
        10.6186         1.24111       0.0735442 
        10.6343         1.23869       0.0735442 
          10.65         1.23576       0.0735442 
        10.6657         1.23228       0.0735442 
        10.6814         1.23179       0.0735442 
        10.6971         1.22891       0.0735442 
        10.7129         1.22748       0.0735442 
        10.7286         1.22435       0.0735442 
        10.7443         1.22233       0.0735442 
          10.76         1.21952       0.0735442 
        10.7757         1.21689       0.0735442 
        10.7914          1.2171       0.0735442 
        10.8071         1.21359       0.0735442 
        10.8228         1.21199       0.0735442 
        10.8385         1.20986       0.0735442 
        10.8542         1.20731       0.0735442 
        10.8699         1.20543       0.0735442 
        10.8856         1.20447       0.0735442 
        10.9014         1.20292       0.0735442 
        10.9171         1.20017       0.0735442 
        10.9328         1.19762       0.0735442 
        10.9485         1.19722       0.0735442 
        10.9642         1.19489       0.0735442 
        10.9799         1.19325       0.0735442 
        10.9956         1.19121       0.0735442 
        11.0113         1.19097       0.0735442 
         11.027         1.18934       0.0735442 
        11.0427         1.18755       0.0735442 
        11.0584         1.18353       0.0735442 
        11.0741         1.18352       0.0735442 
        11.0898         1.18207       0.0735442 
        11.1055         1.18097       0.0735442 
        11.1212         1.17959       0.0735442 
         11.137          1.1776       0.0735442 
        11.1527         1.17692       0.0735442 
        11.1684         1.17485       0.0735442 
        11.1841         1.17443       0.0735442 
        11.1998         1.17338       0.0735442 
        11.2155         1.17187       0.0735442 
        11.2312         1.17169       0.0735442 
        11.2469         1.17095       0.0735442 
        11.2626          1.1678       0.0735442 
        11.2783         1.16832       0.0735442 
         11.294         1.16707       0.0735442 
        11.3097          1.1651       0.0735442 
        11.3254         1.16289       0.0735442 
        11.3412         1.16265       0.0735442 
        11.3569         1.16284       0.0735442 
        11.3726         1.16143       0.0735442 
        11.3883         1.16165       0.0735442 
         11.404         1.15988       0.0735442 
        11.4197         1.15966       0.0735442 
        11.4354         1.15865       0.0735442 
        11.4511         1.15758       0.0735442 
        11.4668         1.15691       0.0735442 
        11.4825         1.15533       0.0735442 
        11.4982         1.15578       0.0735442 
         11.514         1.15504       0.0735442 
        11.5297         1.15441       0.0735442 
        11.5454         1.15427       0.0735442 
        11.5611         1.15361       0.0735442 
        11.5768         1.15438       0.0735442 
        11.5925         1.15306       0.0735442 
        11.6082          1.1522       0.0735442 
        11.6239         1.15292       0.0735442 
        11.6396         1.15153       0.0735442 
        11.6553         1.15179       0.0735442 
         11.671         1.15037       0.0735442 
        11.6867         1.15045       0.0735442 
        11.7024         1.15186       0.0735442 
        11.7182         1.15088       0.0735442 
        11.7339         1.15146       0.0735442 
        11.7496         1.15112       0.0735442 
        11.7653         1.15027       0.0735442 
         11.781         1.15145       0.0735442 
        11.7967         1.15051       0.0735442 
        11.8124         1.14929       0.0735442 
        11.8281         1.15001       0.0735442 
        11.8438         1.15181       0.0735442 
        11.8595         1.15088       0.0735442 
        11.8752         1.15214       0.0735442 
         11.891         1.15244       0.0735442 
        11.9067         1.15203       0.0735442 
        11.9224         1.15327       0.0735442 
        11.9381         1.15371       0.0735442 
        11.9538         1.15324       0.0735442 
        11.9695         1.15444       0.0735442 
        11.9852         1.15472       0.0735442 
        12.0009         1.15496       0.0735442 
        12.0166         1.15521       0.0735442 
        12.0323         1.15588       0.0735442 
         12.048         1.15766       0.0735442 
        12.0637         1.15723       0.0735442 
