# k  (h/Mpc)    Pcb(k)  (Mpc/h)^3    Pcb_linear(k) (Mpc/h)^3   ShotnoiseSubtracted = true
      0.0200456         11367.3         11609.8 
      0.0350414         8709.15         9012.58 
      0.0492313         6846.72         6951.21 
      0.0637834         5972.48         5903.63 
      0.0800726         4703.58         4655.58 
       0.096163         3370.75         3480.06 
       0.111083         2781.64         2908.87 
       0.126058          2574.4         2582.14 
       0.142273         2181.92         2130.81 
       0.158546         1865.63         1720.63 
        0.17375         1537.77         1513.78 
       0.188953         1485.72         1366.99 
       0.204907         1384.74         1178.83 
       0.220756         1190.18         1010.01 
        0.23588         1060.91         908.221 
         0.2514         930.578         827.464 
       0.267535         909.486         735.195 
       0.283568         828.109         651.667 
       0.299022         776.745         593.376 
       0.314451         735.109         545.384 
       0.330372         678.954         495.502 
       0.346141          624.01         450.219 
       0.361624         599.107          414.42 
       0.377134          559.07         383.711 
       0.392932         535.254         353.888 
       0.408854          515.35         326.187 
       0.424564         489.183         302.757 
       0.440253         475.401         282.156 
       0.455999         448.902         262.891 
       0.471626         419.969         245.277 
        0.48727         409.918         229.519 
       0.502856         397.151         215.399 
       0.518488         393.039         202.313 
       0.534347         368.611         190.034 
       0.550082          349.37         178.928 
       0.565732         347.461         168.833 
       0.581496         328.735         159.434 
       0.597222         322.362         150.739 
       0.612804         311.226         142.776 
       0.628434         300.165         135.397 
       0.644267          290.85         128.462 
       0.660051         286.129         122.032 
       0.675724         281.772         116.082 
       0.691403         273.474         110.528 
       0.707174         262.499          105.31 
       0.722871         259.936         100.453 
        0.73838         254.974         95.9572 
       0.754018         247.653         91.7049 
       0.769845         239.472         87.6663 
        0.78569         238.575         83.8697 
       0.801365         231.309         80.3376 
       0.817031         224.363         77.0136 
       0.832809         220.815         73.8586 
       0.848511         215.682         70.8964 
       0.864097         212.623         68.1187 
       0.879701          207.95         65.4889 
       0.895507         202.617         62.9683 
       0.911279         197.693         60.5869 
        0.92691         196.659         58.3499 
       0.942635          192.63         56.2145 
       0.958396          191.47         54.1827 
       0.974128          186.17          52.256 
       0.989692         181.439          50.443 
        1.00528         178.728         48.7143 
        1.02113         177.765         47.0403 
        1.03692         171.428          45.452 
        1.05264         168.866         43.9451 
        1.06832         165.867         42.5096 
        1.08405         163.152         41.1351 
        1.09979         162.405         39.8211 
        1.11537         156.991         38.5782 
        1.13105         155.986         37.3815 
        1.14679         155.031         36.2314 
        1.16256         152.227         35.1279 
        1.17828           148.6         34.0745 
        1.19395         147.051         33.0683 
         1.2097         144.853          32.098 
        1.22537         142.848         31.1717 
          1.241         140.264         30.2851 
        1.25666         137.757         29.4311 
        1.27241         135.777         28.6064 
        1.28819         133.971         27.8121 
        1.30392         132.488         27.0507 
        1.31957         130.417         26.3213 
        1.33529         127.625         25.6165 
        1.35108         126.277         24.9349 
        1.36674         125.051         24.2833 
         1.3824         122.274         23.6557 
        1.39811         121.553         23.0484 
        1.41389         119.273         22.4603 
        1.42964         117.396         21.8939 
        1.44531         114.671           21.35 
        1.46101         113.842         20.8236 
        1.47667         112.447         20.3166 
        1.49229         110.686          19.828 
        1.50793         109.533         19.3551 
        1.52367         108.379         18.8947 
        1.53953          106.25         18.4463 
        1.55526          104.94         18.0162 
        1.57092         103.827         17.6017 
        1.58662         102.033         17.1993 
        1.60235         101.248         16.8089 
        1.61809         99.4613         16.4304 
        1.63369         98.2392         16.0671 
        1.64941         97.2222         15.7123 
        1.66519         95.3302          15.367 
        1.68085         94.3425         15.0346 
        1.69652         92.1947          14.712 
        1.71228         92.1614         14.3971 
        1.72806         90.4743         14.0913 
        1.74368         89.5628         13.7975 
        1.75933         88.3127         13.5116 
        1.77505         87.1088         13.2324 
        1.79081         85.8089         12.9608 
         1.8065         85.0309          12.698 
        1.82218         83.1775         12.4427 
        1.83797         82.7462         12.1928 
        1.85367         81.4627         11.9512 
        1.86928         81.1315         11.7176 
        1.88497          79.308         11.4891 
        1.90073         78.4944         11.2658 
        1.91647         77.7156         11.0487 
        1.93218         76.6542         10.8379 
        1.94787         75.6113         10.6329 
        1.96363         74.2391         10.4324 
        1.97935         73.8771         10.2376 
        1.99499         72.7749         10.0488 
        2.01064         71.9805         9.86463 
         2.0264         70.6221         9.68391 
        2.04216         69.7273         9.50784 
        2.05781         69.0242          9.3373 
        2.07353         68.0594         9.17035 
        2.08928         67.0432         9.00716 
        2.10499         66.6203          8.8484 
        2.12065         65.8914         8.69397 
        2.13633         65.0483         8.54312 
        2.15211          64.399          8.3949 
        2.16785         63.4022         8.25064 
        2.18349         62.8842          8.1107 
        2.19916         61.9607         7.97373 
        2.21489         61.5573         7.83949 
        2.23063         60.7218         7.70827 
         2.2463         60.0134         7.58067 
        2.26194         58.9992         7.45629 
        2.27765          58.495         7.33409 
        2.29341         57.8912         7.21433 
        2.30914          56.922          7.0975 
        2.32486         56.1279         6.98335 
        2.34061          55.581         6.87153 
        2.35635         55.1901         6.76228 
        2.37203         54.1364         6.65579 
        2.38768         53.6937         6.55184 
        2.40339         52.9381         6.44974 
        2.41914         52.7085          6.3496 
        2.43483         52.2533         6.25195 
         2.4505         51.5176         6.15653 
        2.46622         50.8955         6.06279 
        2.48195         50.3056         5.97101 
        2.49759         49.5562         5.88163 
        2.51328          49.006         5.79385 
        2.52906         48.5466         5.70733 
        2.54479         48.0504         5.62291 
        2.56049         47.3385         5.54036 
        2.57618         46.8754         5.45956 
        2.59189         46.3743         5.38026 
        2.60758          45.923         5.30267 
        2.62325         45.3449         5.22671 
        2.63898         44.9674         5.15198 
        2.65468         44.2293         5.07889 
        2.67044         43.7603          5.0069 
        2.68618         43.4594         4.93649 
        2.70184         42.8648         4.86772 
        2.71755         42.6303         4.80009 
        2.73329         41.7536         4.73366 
        2.74897         41.4391         4.66871 
        2.76462         40.8752         4.60512 
        2.78034         40.5708         4.54247 
        2.79607         40.0382         4.48092 
        2.81179         39.6523         4.42059 
        2.82749         38.9771         4.36145 
        2.84321         38.8268         4.30333 
        2.85893          38.329         4.24629 
        2.87462          37.852         4.19039 
        2.89033         37.5189         4.13545 
        2.90605          37.031         4.08145 
        2.92176          36.804         4.02845 
        2.93747         36.3038         3.97643 
        2.95318           35.92         3.92532 
        2.96891         35.4071         3.87508 
        2.98456         35.1396         3.82596 
        3.00023         34.7084         3.77762 
        3.01596         34.3833         3.72997 
        3.03164         34.0732         3.68328 
        3.04738         33.6914         3.63726 
         3.0631         33.2443         3.59205 
        3.07883         32.9287         3.54761 
        3.09456         32.6117         3.50393 
        3.11026         32.3115         3.46106 
        3.12596         31.9445         3.41891 
        3.14163          31.575         3.37757 
        3.15734         31.3418         3.33682 
        3.17308         30.9497         3.29664 
        3.18879         30.5722         3.25724 
        3.20447         30.3079         3.21855 
         3.2202         29.9858         3.18037 
         3.2359         29.7002         3.14288 
        3.25157          29.459         3.10609 
        3.26729          29.193         3.06977 
        3.28304         28.8809         3.03397 
        3.29877         28.4637         2.99879 
        3.31446         28.2743         2.96425 
        3.33014         28.0314         2.93029 
        3.34585         27.7374         2.89681 
        3.36158         27.3462         2.86381 
        3.37727         27.1152         2.83142 
        3.39294          26.897         2.79957 
        3.40867         26.6203          2.7681 
        3.42439         26.2389         2.73713 
        3.44008         26.0751          2.7067 
        3.45578         25.8448         2.67671 
        3.47153         25.5576         2.64711 
        3.48724         25.2268         2.61801 
        3.50292         25.0504         2.58942 
        3.51859         24.7471         2.56128 
        3.53431         24.5912         2.53346 
        3.55007         24.3828           2.506 
        3.56577         24.0797         2.47905 
        3.58146         23.9534         2.45251 
        3.59719         23.6493          2.4263 
        3.61292         23.3674         2.40049 
        3.62859         23.1943         2.37515 
        3.64429         22.9445         2.35013 
        3.66003         22.8092          2.3254 
        3.67578         22.5092         2.30103 
        3.69146         22.2921          2.2771 
        3.70712          22.038         2.25356 
        3.72284         21.9193         2.23027 
        3.73853         21.6409         2.20735 
        3.75422         21.4567         2.18475 
        3.76993          21.334         2.16244 
        3.78564         21.0832         2.14046 
        3.80137         20.8868         2.11874 
        3.81707         20.6566         2.09738 
        3.83279         20.4399         2.07629 
        3.84853         20.2365         2.05547 
        3.86424           20.09         2.03497 
        3.87992         19.9232         2.01478 
        3.89561         19.7121         1.99486 
        3.91134         19.5435         1.97518 
        3.92704         19.3563         1.95578 
        3.94273          19.173         1.93667 
        3.95845         18.9938         1.91778 
        3.97418          18.807         1.89914 
        3.98988         18.6259         1.88077 
        4.00554          18.478         1.86269 
        4.02125         18.3112         1.84481 
        4.03698          18.132         1.82713 
        4.05268          17.978         1.80972 
        4.06839         17.8044         1.79253 
         4.0841         17.7001         1.77557 
        4.09983         17.4857         1.75881 
        4.11555         17.2945         1.74227 
        4.13124         17.1806         1.72599 
        4.14693         16.9754          1.7099 
        4.16266         16.8653         1.69399 
        4.17839         16.6808         1.67828 
        4.19408         16.5628         1.66282 
        4.20977         16.4039         1.64754 
        4.22551         16.2941         1.63242 
        4.24123         16.1497          1.6175 
        4.25691         16.0055         1.60281 
        4.27259          15.818         1.58831 
        4.28831         15.6611         1.57395 
        4.30404         15.5629         1.55976 
        4.31974         15.3983         1.54577 
        4.33543         15.2749         1.53196 
        4.35116         15.1549          1.5183 
        4.36688         15.0476          1.5048 
        4.38255         14.9389         1.49152 
        4.39825         14.8108         1.47837 
        4.41398         14.6693         1.46535 
         4.4297          14.521         1.45251 
        4.44541         14.3909         1.43982 
        4.46111         14.2681          1.4273 
        4.47683         14.1762         1.41491 
        4.49251         14.0606          1.4027 
        4.50819         13.9319         1.39064 
         4.5239          13.812          1.3787 
        4.53962         13.6721         1.36689 
        4.55535         13.5739         1.35521 
        4.57106         13.4537         1.34368 
        4.58678         13.3477         1.33229 
         4.6025         13.2411         1.32103 
        4.61821         13.1384          1.3099 
        4.63391         13.0084         1.29891 
         4.6496         12.9001         1.28805 
        4.66532         12.7962         1.27731 
        4.68103         12.7138         1.26669 
        4.69673         12.6001          1.2562 
        4.71241         12.4969         1.24584 
        4.72811         12.3858         1.23558 
        4.74384         12.2911         1.22543 
        4.75955         12.1805          1.2154 
        4.77525         12.0842         1.20549 
        4.79096         12.0034         1.19569 
        4.80669         11.9147         1.18598 
         4.8224         11.7847          1.1764 
        4.83809         11.7236         1.16693 
        4.85379         11.5977         1.15757 
         4.8695         11.5158         1.14829 
        4.88521         11.4126         1.13913 
        4.90093         11.3389         1.13006 
        4.91663         11.2773          1.1211 
        4.93234         11.1483         1.11223 
        4.94807         11.0354         1.10345 
        4.96377         10.9737         1.09478 
        4.97943         10.8951         1.08622 
        4.99514         10.8025         1.07773 
        5.01086         10.7081         1.06933 
        5.02654         10.6458         1.06104 
        5.04227         10.5555         1.05281 
          5.058         10.4694         1.04467 
        5.07371         10.3887         1.03662 
        5.08942         10.3186         1.02867 
        5.10513         10.2271         1.02079 
        5.12084         10.1436           1.013 
        5.13656         10.1017         1.00529 
        5.15225         9.99833        0.997668 
        5.16796         9.90934        0.990117 
        5.18369         9.84825        0.982638 
         5.1994         9.75053         0.97525 
        5.21509         9.68568        0.967945 
        5.23079         9.63797        0.960706 
        5.24649         9.55025        0.953548 
        5.26217         9.46965        0.946467 
        5.27788         9.40465        0.939449 
        5.29359          9.3464        0.932502 
        5.30933         9.26578        0.925614 
        5.32504         9.20051        0.918809 
        5.34073         9.12805        0.912079 
        5.35646          9.0427        0.905404 
        5.37218         8.98559        0.898795 
        5.38789         8.91874        0.892262 
        5.40357         8.87338        0.885803 
        5.41929         8.80097        0.879393 
        5.43502         8.73294        0.873046 
         5.4507         8.66218        0.866777 
        5.46639         8.58004         0.86057 
        5.48212         8.54401        0.854409 
        5.49786         8.47487        0.848301 
        5.51353          8.4192        0.842283 
        5.52921         8.34498        0.836318 
        5.54495         8.29795        0.830394 
        5.56066          8.2094        0.824534 
        5.57637         8.16509        0.818731 
        5.59207           8.099         0.81299 
        5.60778         8.04383        0.807302 
        5.62346         8.01375        0.801676 
        5.63916         7.94475        0.796099 
        5.65487         7.88258        0.790572 
         5.6706         7.82954        0.785092 
        5.68633         7.77452        0.779662 
        5.70203         7.73034        0.774294 
        5.71773         7.65862        0.768978 
        5.73344         7.60746         0.76371 
        5.74916          7.5514        0.758486 
        5.76486         7.49902        0.753319 
        5.78054         7.46245        0.748208 
        5.79626         7.40239         0.74313 
          5.812          7.3341        0.738095 
         5.8277         7.28896        0.733121 
        5.84339          7.2387        0.728193 
        5.85911         7.20238        0.723301 
        5.87484         7.13837        0.718455 
        5.89053         7.10178        0.713664 
        5.90623         7.04272        0.708914 
        5.92195         7.00689        0.704199 
        5.93767         6.95188         0.69953 
        5.95336         6.89494        0.694912 
        5.96905         6.86105        0.690337 
        5.98476         6.80062        0.685796 
        6.00048         6.76279        0.681296 
        6.01617         6.71692        0.676842 
        6.03185          6.6668        0.672433 
        6.04756         6.62877        0.668054 
        6.06331         6.57347        0.663704 
        6.07903         6.52549        0.659402 
        6.09473         6.49445        0.655143 
        6.11044           6.441        0.650917 
        6.12616         6.41795         0.64673 
        6.14186          6.3695        0.642584 
        6.15755         6.31261        0.638474 
        6.17326         6.26969        0.634398 
        6.18898         6.23662        0.630355 
        6.20467         6.20638        0.626355 
        6.22036         6.15376         0.62239 
         6.2361         6.12047        0.618449 
         6.2518         6.07161        0.614549 
        6.26748         6.02942        0.610691 
        6.28319         5.99953        0.606856 
        6.29893         5.94917         0.60305 
        6.31463         5.92244        0.599284 
        6.33033         5.87943        0.595551 
        6.34604         5.84285        0.591848 
        6.36177         5.80876        0.588172 
        6.37747         5.76213        0.584535 
        6.39316         5.72723        0.580931 
        6.40888         5.68982         0.57735 
         6.4246         5.65921          0.5738 
        6.44031         5.62687        0.570281 
        6.45601          5.5923        0.566797 
        6.47172          5.5526        0.563337 
        6.48744          5.5081        0.559905 
        6.50313         5.47934        0.556509 
        6.51882         5.43891        0.553141 
        6.53452         5.40777        0.549798 
        6.55025          5.3675        0.546477 
        6.56597         5.34193        0.543188 
        6.58166         5.29766         0.53993 
        6.59736          5.2569        0.536698 
        6.61307         5.23478        0.533488 
         6.6288         5.20097        0.530304 
         6.6445         5.17091         0.52715 
         6.6602         5.13744        0.524022 
        6.67592         5.11252        0.520916 
        6.69164         5.07659        0.517837 
        6.70735         5.05412        0.514783 
        6.72304         5.01462        0.511757 
        6.73874         4.99048        0.508755 
        6.75446         4.95557        0.505774 
        6.77016          4.9346         0.50282 
        6.78585         4.89623         0.49989 
        6.80156         4.86628        0.496983 
        6.81729         4.83962        0.494094 
        6.83301         4.81209        0.491229 
         6.8487         4.76634        0.488393 
         6.8644         4.75035        0.485578 
        6.88012         4.72204        0.482782 
        6.89583         4.68827        0.480011 
        6.91151         4.66508        0.477266 
        6.92723         4.63967        0.474535 
        6.94296         4.61865        0.471825 
        6.95866         4.57474         0.46914 
        6.97436         4.55154        0.466477 
        6.99007         4.52953        0.463834 
        7.00578         4.49981        0.461211 
        7.02147         4.46961        0.458611 
        7.03718         4.44532        0.456029 
         7.0529         4.41799        0.453464 
        7.06863         4.39347        0.450918 
        7.08433         4.37197        0.448396 
        7.10004         4.34294        0.445893 
        7.11575         4.31636        0.443409 
        7.13145         4.29271        0.440944 
        7.14715         4.27584        0.438499 
        7.16284          4.2453        0.436076 
        7.17855         4.21367        0.433665 
        7.19428         4.19408        0.431271 
        7.20998          4.1743        0.428899 
        7.22568         4.14792        0.426546 
        7.24139         4.12524        0.424209 
        7.25711         4.10535        0.421889 
        7.27282         4.08489        0.419586 
        7.28852         4.05829        0.417304 
        7.30423         4.03018        0.415036 
        7.31995         4.01128        0.412785 
        7.33565         3.97872        0.410552 
        7.35135         3.96024        0.408335 
        7.36706         3.94298        0.406136 
        7.38277         3.91672        0.403951 
        7.39847         3.89835        0.401784 
        7.41419         3.87405        0.399631 
         7.4299         3.85213        0.397494 
        7.44561         3.83525        0.395374 
        7.46132          3.8038        0.393269 
        7.47701         3.79444        0.391182 
        7.49272         3.76923        0.389108 
        7.50842         3.74773         0.38705 
         7.5241         3.72893        0.385009 
        7.53981         3.71086         0.38298 
        7.55552         3.68867        0.380966 
        7.57125         3.67235        0.378963 
        7.58698         3.65584        0.376975 
        7.60268         3.62619        0.375005 
         7.6184         3.61345        0.373048 
        7.63411         3.59002        0.371104 
        7.64981           3.567        0.369176 
        7.66552         3.54793        0.367262 
        7.68123         3.52903         0.36536 
        7.69695         3.51342        0.363471 
        7.71264         3.49498        0.361599 
        7.72834         3.47775        0.359739 
        7.74407         3.46068        0.357889 
        7.75978         3.43877        0.356053 
        7.77546         3.42308        0.354235 
        7.79116          3.4017        0.352427 
         7.8069         3.38557        0.350628 
         7.8226         3.36781        0.348844 
        7.83828         3.35261        0.347076 
        7.85399         3.32857        0.345318 
        7.86972         3.31173        0.343568 
        7.88543         3.29841        0.341834 
        7.90111          3.2804        0.340115 
        7.91681         3.26301        0.338405 
        7.93255         3.24277        0.336704 
        7.94828          3.2331        0.335015 
        7.96397         3.21159        0.333341 
        7.97967         3.19963        0.331678 
        7.99538         3.17687        0.330026 
         8.0111         3.16685        0.328385 
         8.0268         3.14538        0.326756 
        8.04248         3.13115         0.32514 
         8.0582         3.11895        0.323531 
        8.07393         3.09989        0.321933 
        8.08963         3.08608        0.320348 
        8.10533         3.06686        0.318774 
        8.12104         3.05108        0.317209 
        8.13675         3.03844        0.315655 
        8.15245         3.02476        0.314113 
        8.16815         3.00601        0.312581 
        8.18387         2.99081        0.311058 
        8.19959         2.97711        0.309544 
         8.2153         2.96486        0.308042 
        8.23101         2.94943        0.306549 
        8.24672         2.92768        0.305067 
        8.26241         2.92055        0.303597 
         8.2781         2.90535        0.302136 
        8.29381          2.8929        0.300683 
        8.30952         2.87995        0.299239 
        8.32524         2.86563        0.297804 
        8.34095         2.85148         0.29638 
        8.35666         2.83512        0.294965 
        8.37237         2.82309        0.293559 
        8.38808         2.81004        0.292163 
        8.40379         2.79289        0.290775 
         8.4195         2.78329        0.289398 
         8.4352         2.76713        0.288029 
        8.45091         2.75312        0.286669 
        8.46662         2.74166        0.285317 
        8.48232         2.73211        0.283975 
        8.49802         2.71416        0.282642 
        8.51374         2.69996        0.281316 
        8.52945         2.69373        0.279999 
        8.54515         2.67973        0.278692 
        8.56086         2.66905        0.277391 
        8.57658         2.65559        0.276099 
        8.59228         2.64457        0.274817 
        8.60799         2.63115        0.273541 
        8.62371         2.61699        0.272274 
        8.63942         2.60443        0.271015 
        8.65512         2.59556        0.269765 
        8.67082         2.58185        0.268522 
        8.68653         2.56961        0.267287 
        8.70224         2.55826         0.26606 
        8.71795         2.54568        0.264841 
        8.73365         2.53655        0.263629 
        8.74936         2.52241        0.262425 
        8.76506         2.51431         0.26123 
        8.78076         2.50159        0.260041 
        8.79646         2.48925         0.25886 
        8.81218         2.48337        0.257686 
        8.82791         2.46702        0.256517 
         8.8436         2.45802        0.255359 
         8.8593         2.44528        0.254207 
        8.87503          2.4371         0.25306 
        8.89076          2.4245        0.251921 
        8.90644         2.41364        0.250792 
        8.92214         2.40704        0.249669 
        8.93786         2.39285        0.248551 
        8.95357          2.3828        0.247441 
        8.96928         2.37399        0.246337 
        8.98498         2.36119        0.245241 
        9.00069         2.35443        0.244151 
        9.01639         2.34392        0.243068 
        9.03208         2.33563        0.241993 
        9.04778         2.32127        0.240923 
        9.06351         2.31432        0.239859 
        9.07923         2.30294        0.238801 
        9.09493          2.2961        0.237751 
        9.11062         2.28614        0.236708 
        9.12635         2.27536        0.235669 
        9.14207         2.26725        0.234636 
        9.15777         2.25496        0.233611 
        9.17346         2.24355        0.232593 
        9.18917         2.23689         0.23158 
         9.2049         2.22952        0.230571 
        9.22061          2.2205         0.22957 
        9.23631         2.20799        0.228576 
        9.25201         2.20092        0.227587 
        9.26773         2.19259        0.226603 
        9.28343         2.18238        0.225626 
        9.29913         2.17367        0.224655 
        9.31484         2.16424        0.223689 
        9.33057         2.15779        0.222728 
        9.34627         2.15067        0.221773 
        9.36197          2.1442        0.220825 
        9.37768         2.13563        0.219882 
        9.39338         2.12378        0.218944 
        9.40909         2.11486        0.218012 
        9.42479          2.1063        0.217086 
         9.4405         2.09874        0.216165 
        9.45621         2.09286        0.215249 
        9.47193         2.08097        0.214338 
        9.48763         2.07403        0.213433 
        9.50334         2.06756        0.212534 
        9.51906         2.06051        0.211639 
        9.53476         2.05238         0.21075 
        9.55045         2.04255        0.209867 
        9.56616         2.03439        0.208987 
        9.58188         2.02604        0.208112 
        9.59759         2.01756        0.207243 
         9.6133         2.01221        0.206378 
        9.62901         2.00492        0.205518 
        9.64471         1.99745        0.204663 
        9.66041         1.98925        0.203813 
        9.67612         1.98252        0.202967 
        9.69184         1.97821        0.202125 
        9.70754         1.97098        0.201289 
        9.72324         1.96028        0.200458 
        9.73895         1.95387        0.199632 
        9.75467         1.94633        0.198811 
        9.77038         1.94289        0.197995 
        9.78607         1.93447        0.197186 
        9.80177         1.92568        0.196381 
        9.81749         1.91977        0.195581 
         9.8332         1.91493        0.194787 
         9.8489         1.90615        0.193999 
        9.86463         1.90134        0.193214 
        9.88035          1.8925        0.192433 
        9.89606         1.88606        0.191657 
        9.91175         1.88109        0.190885 
        9.92745         1.87678        0.190115 
        9.94317         1.86844        0.189347 
        9.95888          1.8605        0.188581 
        9.97458         1.85454        0.187816 
        9.99029         1.84855        0.187051 
         10.006         1.84399        0.186579 
        10.0217         1.83552        0.186579 
        10.0374         1.83032        0.186579 
        10.0531          1.8251        0.186579 
        10.0688         1.81953        0.186579 
        10.0845         1.81136        0.186579 
        10.1002         1.80864        0.186579 
        10.1159         1.80191        0.186579 
        10.1317         1.79546        0.186579 
        10.1474          1.7904        0.186579 
        10.1631          1.7829        0.186579 
        10.1788         1.77792        0.186579 
        10.1945         1.77287        0.186579 
        10.2102         1.76559        0.186579 
        10.2259         1.76343        0.186579 
        10.2416         1.75619        0.186579 
        10.2573         1.75048        0.186579 
         10.273         1.74591        0.186579 
        10.2887         1.74092        0.186579 
        10.3044         1.73592        0.186579 
        10.3201          1.7303        0.186579 
        10.3359         1.72535        0.186579 
        10.3516         1.71976        0.186579 
        10.3673         1.71536        0.186579 
         10.383         1.70972        0.186579 
        10.3987         1.70415        0.186579 
        10.4144         1.70139        0.186579 
        10.4301         1.69743        0.186579 
        10.4458         1.69376        0.186579 
        10.4615         1.68832        0.186579 
        10.4772          1.6814        0.186579 
        10.4929          1.6767        0.186579 
        10.5086         1.67227        0.186579 
        10.5244         1.66904        0.186579 
        10.5401           1.665        0.186579 
        10.5558         1.65936        0.186579 
        10.5715          1.6549        0.186579 
        10.5872         1.65094        0.186579 
        10.6029         1.64583        0.186579 
        10.6186         1.64294        0.186579 
        10.6343         1.63853        0.186579 
          10.65          1.6345        0.186579 
        10.6657         1.63047        0.186579 
        10.6814         1.62499        0.186579 
        10.6971         1.62136        0.186579 
        10.7129         1.61707        0.186579 
        10.7286         1.61368        0.186579 
        10.7443         1.60928        0.186579 
          10.76         1.60703        0.186579 
        10.7757         1.60143        0.186579 
        10.7914         1.59847        0.186579 
        10.8071         1.59553        0.186579 
        10.8228         1.59084        0.186579 
        10.8385         1.58552        0.186579 
        10.8542         1.58268        0.186579 
        10.8699         1.58242        0.186579 
        10.8856         1.57609        0.186579 
        10.9014         1.57342        0.186579 
        10.9171         1.56993        0.186579 
        10.9328         1.56686        0.186579 
        10.9485         1.56413        0.186579 
        10.9642         1.56234        0.186579 
        10.9799         1.55585        0.186579 
        10.9956         1.55459        0.186579 
        11.0113         1.55084        0.186579 
         11.027         1.54711        0.186579 
        11.0427         1.54416        0.186579 
        11.0584         1.54112        0.186579 
        11.0741         1.53945        0.186579 
        11.0898         1.53601        0.186579 
        11.1055           1.533        0.186579 
        11.1212         1.53166        0.186579 
         11.137         1.52772        0.186579 
        11.1527         1.52557        0.186579 
        11.1684         1.52291        0.186579 
        11.1841         1.52011        0.186579 
        11.1998         1.51879        0.186579 
        11.2155          1.5137        0.186579 
        11.2312         1.51208        0.186579 
        11.2469          1.5105        0.186579 
        11.2626         1.50812        0.186579 
        11.2783         1.50418        0.186579 
         11.294         1.50218        0.186579 
        11.3097          1.5007        0.186579 
        11.3254         1.49739        0.186579 
        11.3412         1.49557        0.186579 
        11.3569         1.49371        0.186579 
        11.3726         1.49177        0.186579 
        11.3883         1.48978        0.186579 
         11.404         1.48937        0.186579 
        11.4197         1.48572        0.186579 
        11.4354         1.48515        0.186579 
        11.4511         1.48397        0.186579 
        11.4668         1.48065        0.186579 
        11.4825         1.48135        0.186579 
        11.4982         1.47912        0.186579 
         11.514         1.47732        0.186579 
        11.5297         1.47546        0.186579 
        11.5454          1.4729        0.186579 
        11.5611         1.47096        0.186579 
        11.5768         1.47173        0.186579 
        11.5925         1.46882        0.186579 
        11.6082         1.46822        0.186579 
        11.6239         1.46642        0.186579 
        11.6396         1.46655        0.186579 
        11.6553         1.46431        0.186579 
         11.671         1.46264        0.186579 
        11.6867          1.4629        0.186579 
        11.7024         1.46048        0.186579 
        11.7182         1.46054        0.186579 
        11.7339         1.46037        0.186579 
        11.7496         1.45779        0.186579 
        11.7653         1.45653        0.186579 
         11.781         1.45598        0.186579 
        11.7967         1.45527        0.186579 
        11.8124         1.45699        0.186579 
        11.8281         1.45541        0.186579 
        11.8438         1.45516        0.186579 
        11.8595         1.45381        0.186579 
        11.8752         1.45379        0.186579 
         11.891         1.45377        0.186579 
        11.9067         1.45356        0.186579 
        11.9224         1.45377        0.186579 
        11.9381         1.45239        0.186579 
        11.9538          1.4534        0.186579 
        11.9695         1.45272        0.186579 
        11.9852         1.45158        0.186579 
        12.0009         1.45292        0.186579 
        12.0166         1.45154        0.186579 
        12.0323         1.45314        0.186579 
         12.048         1.45175        0.186579 
        12.0637          1.4524        0.186579 
