# k  (h/Mpc)    Pcb(k)  (Mpc/h)^3    Pcb_linear(k) (Mpc/h)^3   ShotnoiseSubtracted = true
      0.0200456         32012.4         32718.7 
      0.0350414         26108.1         25399.2 
      0.0492313         18721.7         19589.9 
      0.0637834         15330.3         16637.6 
      0.0800726         11950.1         13120.3 
       0.096163            9964         9807.48 
       0.111083         8376.99         8197.75 
       0.126058         6941.57         7276.97 
       0.142273         6089.33         6005.04 
       0.158546         5049.17         4849.07 
        0.17375         4686.63         4266.12 
       0.188953         4563.91         3852.45 
       0.204907         3934.18         3322.17 
       0.220756         3613.01         2846.41 
        0.23588         3256.87         2559.54 
         0.2514         2998.08         2331.95 
       0.267535         2864.21         2071.92 
       0.283568         2619.69         1836.52 
       0.299022         2505.19         1672.25 
       0.314451         2587.63            1537 
       0.330372         2407.12         1396.42 
       0.346141         2250.62          1268.8 
       0.361624         2131.86         1167.92 
       0.377134         2097.26         1081.37 
       0.392932         1967.82         997.324 
       0.408854         1920.31         919.258 
       0.424564         1878.07         853.227 
       0.440253          1810.4          795.17 
       0.455999         1726.22         740.879 
       0.471626         1705.33         691.239 
        0.48727            1649         646.829 
       0.502856         1629.27         607.036 
       0.518488         1546.22         570.156 
       0.534347          1498.9         535.552 
       0.550082          1470.9         504.254 
       0.565732         1428.43         475.805 
       0.581496         1391.44         449.317 
       0.597222         1387.92         424.812 
       0.612804         1333.71         402.369 
       0.628434         1295.83         381.576 
       0.644267         1282.16         362.031 
       0.660051          1240.4         343.909 
       0.675724         1231.61         327.142 
       0.691403          1176.6         311.491 
       0.707174         1155.22         296.785 
       0.722871         1152.21         283.096 
        0.73838         1102.61         270.426 
       0.754018         1109.19         258.442 
       0.769845         1069.04         247.061 
        0.78569         1042.58         236.361 
       0.801365          1026.9         226.407 
       0.817031         1009.75         217.039 
       0.832809         987.237         208.148 
       0.848511         950.559           199.8 
       0.864097         943.782         191.972 
       0.879701         931.282          184.56 
       0.895507          914.94         177.457 
       0.911279          899.94         170.746 
        0.92691          885.59         164.441 
       0.942635         855.742         158.424 
       0.958396         857.832         152.697 
       0.974128         833.528         147.268 
       0.989692         820.185         142.158 
        1.00528         798.691         137.286 
        1.02113         783.441         132.569 
        1.03692         764.207         128.093 
        1.05264          759.29         123.846 
        1.06832         749.531           119.8 
        1.08405         731.381         115.927 
        1.09979         722.268         112.224 
        1.11537         701.425         108.721 
        1.13105         691.119         105.348 
        1.14679         684.278         102.107 
        1.16256         669.404         98.9973 
        1.17828         663.762         96.0286 
        1.19395         649.838         93.1929 
         1.2097          635.03         90.4584 
        1.22537         622.588         87.8479 
          1.241         612.495         85.3493 
        1.25666         597.927         82.9426 
        1.27241          591.82         80.6183 
        1.28819         579.952           78.38 
        1.30392         572.131          76.234 
        1.31957          562.62         74.1787 
        1.33529           550.9         72.1923 
        1.35108         546.689         70.2715 
        1.36674         537.245         68.4349 
         1.3824          531.28         66.6663 
        1.39811         518.239         64.9549 
        1.41389          515.07         63.2975 
        1.42964         500.687         61.7013 
        1.44531         495.495         60.1684 
        1.46101         484.687         58.6848 
        1.47667         481.625         57.2561 
        1.49229         475.523         55.8792 
        1.50793         462.421         54.5465 
        1.52367         458.736         53.2489 
        1.53953         448.814         51.9853 
        1.55526         438.205         50.7731 
        1.57092         433.818         49.6049 
        1.58662         427.677          48.471 
        1.60235         421.111         47.3706 
        1.61809         413.358         46.3041 
        1.63369         407.078         45.2803 
        1.64941         403.302         44.2803 
        1.66519          396.79         43.3071 
        1.68085         388.519         42.3704 
        1.69652         382.533         41.4613 
        1.71228          379.49         40.5739 
        1.72806         370.027          39.712 
        1.74368         366.839          38.884 
        1.75933         358.801         38.0782 
        1.77505         356.756         37.2916 
        1.79081         351.718          36.526 
         1.8065         345.667         35.7853 
        1.82218          340.92          35.066 
        1.83797         336.735         34.3617 
        1.85367         330.785         33.6808 
        1.86928         325.411         33.0226 
        1.88497         319.578         32.3785 
        1.90073          316.73         31.7493 
        1.91647         312.686         31.1375 
        1.93218         307.389         30.5433 
        1.94787         305.804         29.9656 
        1.96363         299.754         29.4006 
        1.97935         295.282         28.8515 
        1.99499         290.884         28.3196 
        2.01064         288.942         27.8005 
         2.0264         283.924         27.2912 
        2.04216         277.681          26.795 
        2.05781         273.176         26.3143 
        2.07353         271.187         25.8438 
        2.08928         267.205         25.3839 
        2.10499         264.053         24.9365 
        2.12065         259.858         24.5013 
        2.13633         257.341         24.0762 
        2.15211         253.301         23.6585 
        2.16785         249.721         23.2519 
        2.18349         247.519         22.8575 
        2.19916         244.871         22.4715 
        2.21489         241.397         22.0932 
        2.23063         237.701         21.7234 
         2.2463         235.396         21.3638 
        2.26194          230.62         21.0133 
        2.27765         227.718         20.6689 
        2.29341         225.252         20.3314 
        2.30914         222.596         20.0021 
        2.32486          220.25         19.6804 
        2.34061         216.608         19.3653 
        2.35635         214.376         19.0574 
        2.37203           210.8         18.7573 
        2.38768         207.986         18.4644 
        2.40339         205.535         18.1766 
        2.41914         204.083         17.8944 
        2.43483         200.679         17.6192 
         2.4505         198.592         17.3503 
        2.46622         196.724         17.0861 
        2.48195         193.821         16.8275 
        2.49759         190.778         16.5756 
        2.51328         189.367         16.3282 
        2.52906         186.667         16.0844 
        2.54479         183.703         15.8464 
        2.56049         181.925         15.6138 
        2.57618         180.126         15.3861 
        2.59189         178.271         15.1626 
        2.60758         175.207          14.944 
        2.62325         173.485         14.7299 
        2.63898         171.372         14.5193 
        2.65468         169.635         14.3133 
        2.67044          168.07         14.1104 
        2.68618         166.028          13.912 
        2.70184         163.934         13.7182 
        2.71755         161.259         13.5276 
        2.73329         159.992         13.3404 
        2.74897         158.412         13.1573 
        2.76462         156.003         12.9781 
        2.78034         154.142         12.8016 
        2.79607         152.896         12.6281 
        2.81179         151.501         12.4581 
        2.82749         149.717         12.2914 
        2.84321         147.336         12.1276 
        2.85893          145.39         11.9669 
        2.87462         144.437         11.8093 
        2.89033         143.169         11.6545 
        2.90605         140.566         11.5023 
        2.92176         139.973          11.353 
        2.93747         138.221         11.2063 
        2.95318         136.119         11.0623 
        2.96891         134.699         10.9207 
        2.98456         133.326         10.7823 
        3.00023         132.343         10.6461 
        3.01596         131.364         10.5118 
        3.03164         128.982         10.3802 
        3.04738         127.621         10.2505 
         3.0631         126.516         10.1231 
        3.07883         125.128         9.99785 
        3.09456          123.45         9.87475 
        3.11026         121.998         9.75393 
        3.12596         121.424         9.63515 
        3.14163         119.804         9.51864 
        3.15734         118.745          9.4038 
        3.17308         117.377         9.29058 
        3.18879         115.561         9.17955 
        3.20447         114.931          9.0705 
         3.2202         113.746          8.9629 
         3.2359          112.03         8.85725 
        3.25157         110.993         8.75355 
        3.26729         110.335         8.65122 
        3.28304         109.188         8.55033 
        3.29877         107.778         8.45119 
        3.31446           106.8         8.35384 
        3.33014         105.672         8.25813 
        3.34585          104.24         8.16377 
        3.36158         103.414         8.07076 
        3.37727         102.244          7.9795 
        3.39294         101.095         7.88974 
        3.40867         100.071         7.80104 
        3.42439         99.1662         7.71376 
        3.44008         98.1894           7.628 
        3.45578         97.3345         7.54348 
        3.47153         96.3256         7.46007 
        3.48724         95.4369         7.37807 
        3.50292         94.2211          7.2975 
        3.51859         93.8611         7.21818 
        3.53431         92.2388          7.1398 
        3.55007         91.6376         7.06239 
        3.56577         90.5925         6.98645 
        3.58146          89.773         6.91166 
        3.59719         89.1451          6.8378 
        3.61292         88.0202         6.76505 
        3.62859         87.4488         6.69364 
        3.64429         86.4484         6.62313 
        3.66003         85.4442         6.55342 
        3.67578         84.4076         6.48475 
        3.69146         84.1749         6.41732 
        3.70712           83.06         6.35098 
        3.72284         82.4071         6.28534 
        3.73853         81.8136         6.22075 
        3.75422         80.6428         6.15704 
        3.76993         80.1145         6.09418 
        3.78564         79.3174         6.03222 
        3.80137         78.4493         5.97103 
        3.81707         77.6895         5.91083 
        3.83279         76.8932          5.8514 
        3.84853         76.3372          5.7927 
        3.86424         75.5274         5.73493 
        3.87992         74.9702         5.67804 
        3.89561         74.0018         5.62191 
        3.91134          73.302         5.56644 
        3.92704         72.7581         5.51178 
        3.94273         71.9327         5.45791 
        3.95845          71.368         5.40467 
        3.97418         71.0548         5.35213 
        3.98988         70.0719         5.30037 
        4.00554         69.6638         5.24943 
        4.02125         68.9659         5.19903 
        4.03698         68.3607          5.1492 
        4.05268         67.6078         5.10015 
        4.06839         67.1223         5.05171 
         4.0841          66.498         5.00391 
        4.09983         65.8579         4.95666 
        4.11555         65.3035         4.91005 
        4.13124         64.7924         4.86417 
        4.14693         64.1674         4.81884 
        4.16266         63.4274         4.77399 
        4.17839         62.9039         4.72973 
        4.19408         62.3989         4.68614 
        4.20977          61.894         4.64309 
        4.22551         61.3612         4.60047 
        4.24123         60.8129         4.55844 
        4.25691          60.279         4.51704 
        4.27259         59.7523         4.47616 
        4.28831          59.275         4.43569 
        4.30404         58.6328          4.3957 
        4.31974         58.0214         4.35628 
        4.33543         57.6605         4.31737 
        4.35116         57.1756         4.27885 
        4.36688         56.7532         4.24082 
        4.38255         56.1568         4.20339 
        4.39825         55.6828         4.16633 
        4.41398         55.0892         4.12965 
         4.4297         54.7377         4.09345 
        4.44541         54.1826          4.0577 
        4.46111         53.7563          4.0224 
        4.47683         53.2908          3.9875 
        4.49251           52.87         3.95308 
        4.50819         52.4961         3.91908 
         4.5239         52.0251         3.88544 
        4.53962         51.3603         3.85215 
        4.55535         51.1636         3.81924 
        4.57106         50.6553         3.78676 
        4.58678         50.3192         3.75465 
         4.6025         49.8935         3.72291 
        4.61821         49.3037         3.69154 
        4.63391         49.0175         3.66058 
         4.6496         48.4883         3.62999 
        4.66532         48.2767          3.5997 
        4.68103         47.7953         3.56977 
        4.69673          47.403         3.54021 
        4.71241         47.0611         3.51102 
        4.72811         46.7335         3.48211 
        4.74384         46.1047         3.45349 
        4.75955         45.7816         3.42524 
        4.77525         45.5515         3.39732 
        4.79096         45.0191         3.36968 
        4.80669         44.7785         3.34233 
         4.8224         44.3108         3.31533 
        4.83809         44.0367         3.28865 
        4.85379         43.7314         3.26224 
         4.8695         43.2562         3.23611 
        4.88521         42.9579         3.21028 
        4.90093         42.7476         3.18473 
        4.91663         42.3501         3.15948 
        4.93234         42.0004         3.13447 
        4.94807         41.5969         3.10973 
        4.96377         41.2134          3.0853 
        4.97943         41.0091         3.06118 
        4.99514         40.6002         3.03726 
        5.01086         40.2946         3.01358 
        5.02654         39.9989         2.99021 
        5.04227         39.6504         2.96702 
          5.058         39.4292         2.94407 
        5.07371         39.0427         2.92141 
        5.08942         38.7201         2.89899 
        5.10513         38.4134         2.87679 
        5.12084         38.1972         2.85483 
        5.13656         37.8355         2.83309 
        5.15225         37.5591         2.81162 
        5.16796          37.157         2.79034 
        5.18369         37.0666         2.76926 
         5.1994         36.6712         2.74844 
        5.21509         36.4499         2.72786 
        5.23079         36.1296         2.70746 
        5.24649         35.8006         2.68728 
        5.26217         35.5739         2.66733 
        5.27788         35.3303         2.64755 
        5.29359         35.0864         2.62797 
        5.30933         34.7459         2.60856 
        5.32504         34.5209         2.58938 
        5.34073         34.2934         2.57042 
        5.35646          33.954         2.55161 
        5.37218         33.7695         2.53298 
        5.38789          33.486         2.51457 
        5.40357         33.1677         2.49636 
        5.41929         32.9628          2.4783 
        5.43502         32.6926         2.46041 
         5.4507         32.5299         2.44275 
        5.46639         32.2191         2.42525 
        5.48212         31.9722         2.40789 
        5.49786         31.7567         2.39068 
        5.51353         31.4538         2.37372 
        5.52921          31.259         2.35691 
        5.54495         31.0369         2.34021 
        5.56066          30.785          2.3237 
        5.57637         30.5645         2.30734 
        5.59207         30.3667         2.29116 
        5.60778         30.1285         2.27513 
        5.62346         29.9203         2.25928 
        5.63916         29.6853         2.24356 
        5.65487         29.4601         2.22799 
         5.6706         29.2317         2.21254 
        5.68633         29.0339         2.19724 
        5.70203         28.7965         2.18211 
        5.71773         28.6135         2.16713 
        5.73344           28.44         2.15228 
        5.74916         28.1721         2.13756 
        5.76486          27.894           2.123 
        5.78054         27.7096          2.1086 
        5.79626         27.5235         2.09429 
          5.812           27.35         2.08009 
         5.8277         27.1944         2.06608 
        5.84339         26.9708         2.05219 
        5.85911         26.7542          2.0384 
        5.87484         26.5529         2.02475 
        5.89053         26.3912         2.01124 
        5.90623         26.1572         1.99786 
        5.92195         25.9863         1.98457 
        5.93767         25.7866         1.97141 
        5.95336         25.6224          1.9584 
        5.96905         25.5079          1.9455 
        5.98476         25.2584         1.93271 
        6.00048         25.1206         1.92002 
        6.01617         24.9136         1.90747 
        6.03185         24.7673         1.89505 
        6.04756         24.5473         1.88271 
        6.06331         24.4222         1.87045 
        6.07903          24.202         1.85832 
        6.09473         24.0434         1.84632 
        6.11044         23.8998         1.83441 
        6.12616         23.7201         1.82261 
        6.14186         23.5727         1.81093 
        6.15755         23.4184         1.79934 
        6.17326         23.2533         1.78786 
        6.18898         23.0519         1.77646 
        6.20467         22.8927         1.76519 
        6.22036         22.7387         1.75402 
         6.2361          22.557         1.74291 
         6.2518         22.4399         1.73192 
        6.26748         22.2901         1.72105 
        6.28319         22.1366         1.71024 
        6.29893         21.9877         1.69951 
        6.31463         21.8229          1.6889 
        6.33033         21.7063         1.67838 
        6.34604         21.5416         1.66794 
        6.36177         21.3308         1.65758 
        6.37747         21.2012         1.64733 
        6.39316          21.077         1.63718 
        6.40888         20.9441         1.62709 
         6.4246         20.8059         1.61708 
        6.44031         20.6607         1.60716 
        6.45601         20.4858         1.59734 
        6.47172         20.3775         1.58759 
        6.48744         20.2364         1.57792 
        6.50313         20.1306         1.56835 
        6.51882         19.9935         1.55886 
        6.53452         19.8355         1.54944 
        6.55025         19.7091         1.54008 
        6.56597         19.5864         1.53081 
        6.58166         19.4457         1.52163 
        6.59736         19.3049         1.51252 
        6.61307         19.1753         1.50347 
         6.6288         19.0355          1.4945 
         6.6445         18.9366         1.48561 
         6.6602         18.8173          1.4768 
        6.67592         18.6259         1.46804 
        6.69164         18.5421         1.45936 
        6.70735         18.4275         1.45076 
        6.72304          18.334         1.44223 
        6.73874         18.1703         1.43377 
        6.75446         18.0547         1.42537 
        6.77016         17.9576         1.41705 
        6.78585         17.8346         1.40879 
        6.80156         17.7034          1.4006 
        6.81729          17.624         1.39245 
        6.83301         17.4492         1.38438 
         6.8487         17.3843         1.37639 
         6.8644         17.2562         1.36845 
        6.88012         17.1352         1.36058 
        6.89583         17.0297         1.35277 
        6.91151         16.9064         1.34503 
        6.92723         16.8121         1.33733 
        6.94296         16.7112         1.32969 
        6.95866         16.5972         1.32213 
        6.97436          16.492         1.31462 
        6.99007         16.3844         1.30717 
        7.00578         16.2862         1.29978 
        7.02147         16.1597         1.29246 
        7.03718         16.0669         1.28518 
         7.0529         15.9726         1.27795 
        7.06863         15.8499         1.27078 
        7.08433         15.7523         1.26367 
        7.10004         15.6297         1.25661 
        7.11575         15.5344         1.24961 
        7.13145         15.4876         1.24267 
        7.14715           15.38         1.23578 
        7.16284          15.256         1.22895 
        7.17855         15.1543         1.22215 
        7.19428         15.0937         1.21541 
        7.20998         14.9897         1.20872 
        7.22568         14.8802         1.20209 
        7.24139          14.773          1.1955 
        7.25711          14.688         1.18897 
        7.27282         14.5954         1.18248 
        7.28852         14.5191         1.17604 
        7.30423         14.4233         1.16965 
        7.31995          14.339         1.16331 
        7.33565          14.244         1.15702 
        7.35135         14.1712         1.15077 
        7.36706         14.0768         1.14457 
        7.38277         13.9684         1.13841 
        7.39847         13.9043          1.1323 
        7.41419         13.8121         1.12624 
         7.4299         13.7228         1.12022 
        7.44561         13.6171         1.11424 
        7.46132         13.5512         1.10831 
        7.47701         13.4552         1.10243 
        7.49272         13.4098         1.09658 
        7.50842          13.308         1.09078 
         7.5241         13.2118         1.08503 
        7.53981         13.1289         1.07931 
        7.55552         13.0551         1.07364 
        7.57125         12.9604         1.06799 
        7.58698         12.8924         1.06239 
        7.60268         12.8069         1.05684 
         7.6184         12.7422         1.05132 
        7.63411         12.6547         1.04584 
        7.64981         12.5762         1.04041 
        7.66552         12.5048         1.03502 
        7.68123         12.4258         1.02966 
        7.69695         12.3695         1.02433 
        7.71264         12.2854         1.01906 
        7.72834         12.2023         1.01381 
        7.74407         12.1523          1.0086 
        7.75978         12.0552         1.00343 
        7.77546         12.0025        0.998302 
        7.79116         11.9256        0.993207 
         7.8069         11.8183        0.988137 
         7.8226         11.7694         0.98311 
        7.83828         11.6982        0.978128 
        7.85399         11.6172        0.973173 
        7.86972         11.5701        0.968243 
        7.88543          11.484        0.963356 
        7.90111         11.4433        0.958511 
        7.91681         11.3639        0.953692 
        7.93255         11.2945        0.948897 
        7.94828         11.2228        0.944137 
        7.96397         11.1628        0.939419 
        7.97967         11.0932        0.934734 
        7.99538         11.0307        0.930078 
         8.0111         10.9659        0.925452 
         8.0268         10.9054        0.920861 
        8.04248         10.8297        0.916307 
         8.0582         10.7789        0.911775 
        8.07393         10.7151        0.907269 
        8.08963         10.6413        0.902802 
        8.10533         10.5899        0.898367 
        8.12104          10.534        0.893958 
        8.13675         10.4681        0.889578 
        8.15245         10.4116        0.885231 
        8.16815         10.3265        0.880915 
        8.18387         10.2786        0.876621 
        8.19959         10.2171        0.872355 
         8.2153         10.1743        0.868121 
        8.23101         10.1068        0.863916 
        8.24672          10.043        0.859738 
        8.26241          9.9808        0.855594 
         8.2781         9.92172        0.851478 
        8.29381         9.85967        0.847382 
        8.30952         9.81356        0.843315 
        8.32524         9.75249        0.839271 
        8.34095         9.70262        0.835256 
        8.35666         9.65039        0.831269 
        8.37237         9.59561        0.827307 
        8.38808         9.53043        0.823371 
        8.40379         9.47705        0.819462 
         8.4195         9.43211        0.815579 
         8.4352         9.37604        0.811721 
        8.45091         9.32953        0.807889 
        8.46662         9.26699         0.80408 
        8.48232         9.21923        0.800298 
        8.49802         9.18327        0.796541 
        8.51374           9.117        0.792803 
        8.52945         9.07191        0.789092 
        8.54515         9.00428        0.785407 
        8.56086          8.9674        0.781742 
        8.57658           8.912        0.778102 
        8.59228         8.85468        0.774487 
        8.60799         8.81621        0.770892 
        8.62371         8.77551        0.767321 
        8.63942         8.72186        0.763773 
        8.65512         8.67705        0.760249 
        8.67082         8.61755        0.756749 
        8.68653         8.57828        0.753268 
        8.70224         8.52097        0.749809 
        8.71795         8.47602        0.746373 
        8.73365         8.43409        0.742959 
        8.74936         8.40118        0.739566 
        8.76506         8.33833        0.736197 
        8.78076         8.29045        0.732847 
        8.79646         8.24988        0.729519 
        8.81218         8.20282        0.726209 
        8.82791         8.16256        0.722916 
         8.8436         8.11679         0.71965 
         8.8593         8.06349        0.716406 
        8.87503         8.02848        0.713173 
        8.89076          7.9902        0.709963 
        8.90644         7.94103         0.70678 
        8.92214         7.90861        0.703615 
        8.93786         7.85462        0.700465 
        8.95357          7.8116        0.697336 
        8.96928         7.77415        0.694226 
        8.98498         7.73544        0.691137 
        9.00069         7.68978        0.688066 
        9.01639         7.65279        0.685013 
        9.03208           7.614        0.681983 
        9.04778         7.56899        0.678969 
        9.06351         7.52798        0.675969 
        9.07923         7.49823        0.672988 
        9.09493         7.46089        0.670028 
        9.11062         7.42019        0.667088 
        9.12635         7.37489         0.66416 
        9.14207         7.32905        0.661251 
        9.15777         7.30349        0.658362 
        9.17346         7.25873        0.655493 
        9.18917          7.2154        0.652637 
         9.2049         7.18662        0.649795 
        9.22061          7.1452        0.646974 
        9.23631         7.11709         0.64417 
        9.25201         7.07216        0.641384 
        9.26773           7.043        0.638612 
        9.28343         6.99827        0.635858 
        9.29913         6.95227        0.633121 
        9.31484         6.93008          0.6304 
        9.33057         6.89267         0.62769 
        9.34627         6.85816           0.625 
        9.36197         6.81816        0.622329 
        9.37768         6.78259        0.619669 
        9.39338         6.75696        0.617027 
        9.40909         6.72017        0.614401 
        9.42479         6.69352        0.611791 
         9.4405         6.65376        0.609195 
        9.45621         6.63125        0.606613 
        9.47193         6.58359        0.604047 
        9.48763          6.5537        0.601497 
        9.50334         6.52013        0.598961 
        9.51906         6.48699         0.59644 
        9.53476         6.45581        0.593935 
        9.55045         6.41811        0.591445 
        9.56616         6.39774        0.588967 
        9.58188         6.36222        0.586501 
        9.59759         6.32849        0.584051 
         9.6133         6.29649        0.581614 
        9.62901         6.25768        0.579191 
        9.64471         6.23197        0.576781 
        9.66041         6.21203        0.574385 
        9.67612         6.17404           0.572 
        9.69184         6.13962        0.569628 
        9.70754         6.11108        0.567272 
        9.72324         6.07943        0.564931 
        9.73895         6.05293        0.562602 
        9.75467         6.01554        0.560287 
        9.77038         5.99116        0.557989 
        9.78607         5.97095        0.555708 
        9.80177         5.93856         0.55344 
        9.81749         5.90875        0.551186 
         9.8332         5.87896        0.548949 
         9.8489         5.85725        0.546727 
        9.86463         5.82525        0.544515 
        9.88035         5.79771        0.542315 
        9.89606         5.77301        0.540128 
        9.91175         5.74955        0.537952 
        9.92745         5.72249        0.535782 
        9.94317         5.69288        0.533617 
        9.95888         5.66689        0.531457 
        9.97458         5.64122        0.529302 
        9.99029         5.61532        0.527147 
         10.006         5.59022        0.525817 
        10.0217         5.56037        0.525817 
        10.0374         5.53923        0.525817 
        10.0531         5.50747        0.525817 
        10.0688          5.4826        0.525817 
        10.0845          5.4654        0.525817 
        10.1002         5.43748        0.525817 
        10.1159         5.41028        0.525817 
        10.1317         5.38904        0.525817 
        10.1474         5.36138        0.525817 
        10.1631         5.33591        0.525817 
        10.1788         5.31143        0.525817 
        10.1945         5.29232        0.525817 
        10.2102          5.2627        0.525817 
        10.2259         5.24256        0.525817 
        10.2416         5.21634        0.525817 
        10.2573         5.20127        0.525817 
         10.273         5.17047        0.525817 
        10.2887         5.15087        0.525817 
        10.3044         5.12993        0.525817 
        10.3201         5.10994        0.525817 
        10.3359         5.08539        0.525817 
        10.3516         5.06298        0.525817 
        10.3673         5.04166        0.525817 
         10.383         5.02451        0.525817 
        10.3987         5.00232        0.525817 
        10.4144         4.97806        0.525817 
        10.4301         4.95613        0.525817 
        10.4458         4.93613        0.525817 
        10.4615         4.91506        0.525817 
        10.4772         4.89625        0.525817 
        10.4929         4.87169        0.525817 
        10.5086         4.85338        0.525817 
        10.5244         4.83713        0.525817 
        10.5401         4.81281        0.525817 
        10.5558         4.79455        0.525817 
        10.5715         4.77555        0.525817 
        10.5872         4.75985        0.525817 
        10.6029         4.73605        0.525817 
        10.6186         4.71562        0.525817 
        10.6343         4.70291        0.525817 
          10.65         4.68309        0.525817 
        10.6657         4.66717        0.525817 
        10.6814         4.64788        0.525817 
        10.6971         4.62349        0.525817 
        10.7129         4.61302        0.525817 
        10.7286         4.58687        0.525817 
        10.7443         4.57307        0.525817 
          10.76         4.55267        0.525817 
        10.7757         4.54063        0.525817 
        10.7914         4.51861        0.525817 
        10.8071         4.50668        0.525817 
        10.8228         4.48543        0.525817 
        10.8385         4.47143        0.525817 
        10.8542         4.45235        0.525817 
        10.8699         4.43527        0.525817 
        10.8856         4.41796        0.525817 
        10.9014         4.40468        0.525817 
        10.9171           4.392        0.525817 
        10.9328         4.37785        0.525817 
        10.9485          4.3564        0.525817 
        10.9642         4.34244        0.525817 
        10.9799          4.3228        0.525817 
        10.9956         4.31435        0.525817 
        11.0113         4.29666        0.525817 
         11.027         4.28488        0.525817 
        11.0427         4.26721        0.525817 
        11.0584         4.25449        0.525817 
        11.0741         4.24136        0.525817 
        11.0898         4.22837        0.525817 
        11.1055         4.21249        0.525817 
        11.1212         4.20051        0.525817 
         11.137         4.18419        0.525817 
        11.1527         4.17465        0.525817 
        11.1684         4.15958        0.525817 
        11.1841         4.14602        0.525817 
        11.1998         4.13277        0.525817 
        11.2155          4.1173        0.525817 
        11.2312         4.10645        0.525817 
        11.2469         4.09547        0.525817 
        11.2626         4.08575        0.525817 
        11.2783         4.07181        0.525817 
         11.294         4.05907        0.525817 
        11.3097         4.04626        0.525817 
        11.3254         4.03406        0.525817 
        11.3412         4.02128        0.525817 
        11.3569         4.01354        0.525817 
        11.3726         3.99692        0.525817 
        11.3883         3.98708        0.525817 
         11.404         3.98026        0.525817 
        11.4197         3.96607        0.525817 
        11.4354         3.95772        0.525817 
        11.4511         3.94891        0.525817 
        11.4668         3.93304        0.525817 
        11.4825         3.92202        0.525817 
        11.4982         3.91468        0.525817 
         11.514           3.907        0.525817 
        11.5297         3.89453        0.525817 
        11.5454         3.88675        0.525817 
        11.5611          3.8802        0.525817 
        11.5768           3.866        0.525817 
        11.5925         3.85765        0.525817 
        11.6082          3.8504        0.525817 
        11.6239         3.84334        0.525817 
        11.6396         3.83268        0.525817 
        11.6553         3.82155        0.525817 
         11.671         3.81296        0.525817 
        11.6867         3.80897        0.525817 
        11.7024         3.79608        0.525817 
        11.7182         3.79162        0.525817 
        11.7339         3.77955        0.525817 
        11.7496         3.77615        0.525817 
        11.7653         3.76918        0.525817 
         11.781         3.76048        0.525817 
        11.7967         3.75576        0.525817 
        11.8124         3.74472        0.525817 
        11.8281         3.74392        0.525817 
        11.8438         3.73438        0.525817 
        11.8595         3.73159        0.525817 
        11.8752         3.72526        0.525817 
         11.891         3.71771        0.525817 
        11.9067         3.71016        0.525817 
        11.9224         3.70681        0.525817 
        11.9381         3.70029        0.525817 
        11.9538         3.69669        0.525817 
        11.9695          3.6921        0.525817 
        11.9852         3.68634        0.525817 
        12.0009         3.67842        0.525817 
        12.0166          3.6762        0.525817 
        12.0323         3.67219        0.525817 
         12.048         3.66529        0.525817 
        12.0637         3.66005        0.525817 
