# k  (h/Mpc)    Pcb(k)  (Mpc/h)^3    Pcb_linear(k) (Mpc/h)^3   ShotnoiseSubtracted = true
      0.0200456         4725.96         4808.91 
      0.0350414         3662.19         3733.11 
      0.0492313         2866.79         2879.27 
      0.0637834         2474.29         2445.35 
      0.0800726         1952.84         1928.39 
       0.096163         1419.01         1441.48 
       0.111083         1171.35         1204.88 
       0.126058         1073.67         1069.55 
       0.142273         903.535         882.605 
       0.158546         745.879         712.704 
        0.17375         627.978         627.023 
       0.188953         592.033         566.223 
       0.204907         543.584         488.284 
       0.220756          459.24         418.358 
        0.23588         409.657         376.195 
         0.2514         364.216         342.744 
       0.267535         340.449         304.526 
       0.283568         308.911         269.928 
       0.299022         286.306         245.783 
       0.314451         261.861         225.904 
       0.330372          242.76         205.242 
       0.346141         219.731         186.486 
       0.361624         208.548         171.657 
       0.377134         197.242         158.937 
       0.392932         179.132         146.584 
       0.408854         172.438          135.11 
       0.424564         165.604         125.405 
       0.440253         154.779         116.872 
       0.455999         146.369         108.893 
       0.471626         135.363         101.597 
        0.48727         131.952         95.0693 
       0.502856         125.731         89.2205 
       0.518488         121.725         83.8001 
       0.534347         116.707         78.7141 
       0.550082         108.123         74.1139 
       0.565732          103.61         69.9325 
       0.581496         99.9226         66.0394 
       0.597222         96.8872         62.4377 
       0.612804         91.8302         59.1392 
       0.628434         89.8942         56.0831 
       0.644267          87.205         53.2104 
       0.660051         84.4029         50.5468 
       0.675724         81.1215         48.0825 
       0.691403         78.7677         45.7821 
       0.707174         76.4563         43.6207 
       0.722871         74.1003         41.6088 
        0.73838         72.4359         39.7465 
       0.754018          69.096         37.9852 
       0.769845         67.6287         36.3124 
        0.78569         65.8688         34.7397 
       0.801365         63.6877         33.2767 
       0.817031          62.107         31.8999 
       0.832809         61.2472          30.593 
       0.848511         58.1827          29.366 
       0.864097         56.8923         28.2155 
       0.879701         56.2719         27.1262 
       0.895507         55.3109         26.0821 
       0.911279         53.9527         25.0958 
        0.92691         52.4273         24.1692 
       0.942635         50.8009         23.2847 
       0.958396         50.4392         22.4431 
       0.974128         49.0679          21.645 
       0.989692          48.283         20.8941 
        1.00528         47.3338          20.178 
        1.02113         45.7974         19.4846 
        1.03692          45.038         18.8267 
        1.05264         44.2619         18.2025 
        1.06832         43.4268         17.6079 
        1.08405         42.7185         17.0386 
        1.09979         41.8235         16.4943 
        1.11537         40.5955         15.9795 
        1.13105         40.5429         15.4838 
        1.14679          39.978         15.0074 
        1.16256         38.8339         14.5504 
        1.17828         38.2811          14.114 
        1.19395         37.4565         13.6972 
         1.2097         37.1906         13.2953 
        1.22537          36.508         12.9117 
          1.241           35.85         12.5444 
        1.25666         34.9169         12.1907 
        1.27241         34.7126         11.8491 
        1.28819         33.7573         11.5201 
        1.30392         33.4847         11.2047 
        1.31957         33.2126         10.9026 
        1.33529          32.859         10.6106 
        1.35108         32.0962         10.3283 
        1.36674         31.5242         10.0584 
         1.3824         30.9566         9.79844 
        1.39811         30.7163          9.5469 
        1.41389         30.3308          9.3033 
        1.42964         29.8858          9.0687 
        1.44531          29.637          8.8434 
        1.46101         28.8518         8.62534 
        1.47667         28.5995         8.41536 
        1.49229         28.3911         8.21298 
        1.50793         27.9033          8.0171 
        1.52367         27.6643         7.82639 
        1.53953         27.2913         7.64066 
        1.55526         26.8168          7.4625 
        1.57092         26.5128          7.2908 
        1.58662          26.145         7.12414 
        1.60235         25.8373         6.96241 
        1.61809         25.5299         6.80566 
        1.63369         25.2171         6.65517 
        1.64941         24.7386          6.5082 
        1.66519         24.6353         6.36517 
        1.68085         24.2676         6.22749 
        1.69652         23.9507         6.09387 
        1.71228          23.719         5.96345 
        1.72806         23.4584         5.83677 
        1.74368         23.1461         5.71508 
        1.75933         22.8411         5.59663 
        1.77505         22.5997         5.48102 
        1.79081         22.3054          5.3685 
         1.8065         22.1805         5.25964 
        1.82218         21.7996         5.15391 
        1.83797         21.5502          5.0504 
        1.85367         21.3275         4.95032 
        1.86928         21.1328         4.85357 
        1.88497         20.8238          4.7589 
        1.90073         20.7725         4.66643 
        1.91647         20.4541         4.57651 
        1.93218          20.284         4.48917 
        1.94787         20.0945         4.40426 
        1.96363         19.9178         4.32123 
        1.97935         19.6558         4.24052 
        1.99499         19.4165         4.16234 
        2.01064          19.183         4.08604 
         2.0264          18.978         4.01118 
        2.04216         18.8139         3.93825 
        2.05781         18.5308         3.86761 
        2.07353         18.3671         3.79846 
        2.08928         18.2319         3.73086 
        2.10499         17.9944          3.6651 
        2.12065         17.7359         3.60114 
        2.13633         17.6912         3.53865 
        2.15211         17.4587         3.47726 
        2.16785         17.4114         3.41751 
        2.18349         17.2177         3.35954 
        2.19916         16.9405          3.3028 
        2.21489           16.85          3.2472 
        2.23063         16.6377         3.19285 
         2.2463         16.4754            3.14 
        2.26194         16.3413         3.08848 
        2.27765         16.2126         3.03786 
        2.29341         16.0219         2.98825 
        2.30914         15.7913         2.93986 
        2.32486         15.7597         2.89258 
        2.34061         15.5644         2.84626 
        2.35635         15.4092         2.80101 
        2.37203           15.31          2.7569 
        2.38768         15.1316         2.71384 
        2.40339         14.9063         2.67155 
        2.41914         14.7947         2.63007 
        2.43483         14.7325         2.58963 
         2.4505         14.5875          2.5501 
        2.46622         14.4464         2.51127 
        2.48195         14.3067         2.47326 
        2.49759         14.2113         2.43623 
        2.51328         14.0372         2.39988 
        2.52906         13.8725         2.36404 
        2.54479         13.8067         2.32907 
        2.56049         13.6774         2.29488 
        2.57618         13.6158         2.26141 
        2.59189         13.4149         2.22856 
        2.60758         13.3491         2.19642 
        2.62325         13.2505         2.16496 
        2.63898         13.0286         2.13401 
        2.65468         12.9654         2.10373 
        2.67044         12.8601         2.07391 
        2.68618         12.7336         2.04475 
        2.70184         12.6234         2.01626 
        2.71755         12.4881         1.98825 
        2.73329         12.3957         1.96073 
        2.74897         12.2651         1.93383 
        2.76462         12.2449         1.90749 
        2.78034         12.0438         1.88154 
        2.79607         11.9548         1.85605 
        2.81179         11.8406         1.83106 
        2.82749         11.7962         1.80656 
        2.84321         11.6512         1.78249 
        2.85893         11.5684         1.75886 
        2.87462         11.4677          1.7357 
        2.89033         11.3404         1.71295 
        2.90605         11.2501         1.69058 
        2.92176         11.1673         1.66863 
        2.93747         11.0312         1.64708 
        2.95318         11.0294         1.62591 
        2.96891         10.9052          1.6051 
        2.98456         10.8027         1.58475 
        3.00023         10.7093         1.56473 
        3.01596         10.6345         1.54499 
        3.03164         10.5457         1.52566 
        3.04738         10.4602         1.50659 
         3.0631         10.3297         1.48787 
        3.07883         10.2673         1.46946 
        3.09456         10.2254         1.45137 
        3.11026         10.0715         1.43361 
        3.12596         10.0578         1.41615 
        3.14163         9.94294         1.39903 
        3.15734         9.85128         1.38215 
        3.17308         9.79926         1.36551 
        3.18879         9.68447         1.34919 
        3.20447         9.60802         1.33316 
         3.2202          9.5375         1.31734 
         3.2359         9.47387         1.30181 
        3.25157         9.39994         1.28657 
        3.26729         9.32038         1.27153 
        3.28304         9.24989         1.25671 
        3.29877         9.16476         1.24213 
        3.31446         9.11986         1.22783 
        3.33014         9.00656         1.21376 
        3.34585         8.94273         1.19989 
        3.36158         8.86981         1.18622 
        3.37727         8.83842         1.17281 
        3.39294         8.75802         1.15961 
        3.40867         8.63928         1.14658 
        3.42439         8.60568         1.13375 
        3.44008         8.53567         1.12114 
        3.45578          8.4773         1.10872 
        3.47153         8.41111         1.09646 
        3.48724         8.34066         1.08441 
        3.50292         8.28855         1.07257 
        3.51859         8.20094         1.06091 
        3.53431         8.15234         1.04939 
        3.55007         8.10287         1.03801 
        3.56577         8.05435         1.02685 
        3.58146          7.9697         1.01586 
        3.59719         7.90392           1.005 
        3.61292         7.84199        0.994309 
        3.62859           7.771        0.983813 
        3.64429         7.73039         0.97345 
        3.66003         7.65572        0.963204 
        3.67578         7.61277        0.953111 
        3.69146         7.53136        0.943201 
        3.70712         7.51193        0.933451 
        3.72284         7.41161        0.923803 
        3.73853         7.38111         0.91431 
        3.75422         7.30865        0.904946 
        3.76993          7.2893        0.895707 
        3.78564         7.22456        0.886601 
        3.80137          7.1512        0.877607 
        3.81707         7.09939        0.868758 
        3.83279         7.08078        0.860024 
        3.84853         6.99449        0.851397 
        3.86424         6.94044        0.842905 
        3.87992         6.89465        0.834543 
        3.89561         6.83254        0.826294 
        3.91134         6.80324        0.818141 
        3.92704         6.74496        0.810107 
        3.94273         6.69047         0.80219 
        3.95845          6.6564        0.794365 
        3.97418         6.61915        0.786643 
        3.98988         6.54689        0.779035 
        4.00554         6.50512        0.771548 
        4.02125         6.44792        0.764139 
        4.03698         6.40675        0.756817 
        4.05268         6.37662        0.749607 
        4.06839         6.32484        0.742487 
         4.0841          6.2744        0.735461 
        4.09983         6.23006        0.728518 
        4.11555         6.18607        0.721667 
        4.13124          6.1181        0.714923 
        4.14693         6.07501        0.708261 
        4.16266         6.02042        0.701668 
        4.17839         5.98882        0.695164 
        4.19408         5.95157        0.688757 
        4.20977         5.89443        0.682429 
        4.22551         5.86144        0.676165 
        4.24123         5.80728        0.669987 
        4.25691         5.77732        0.663903 
        4.27259         5.72043        0.657894 
        4.28831         5.68744        0.651947 
        4.30404         5.64452        0.646068 
        4.31974         5.61458        0.640275 
        4.33543         5.56181        0.634556 
        4.35116         5.52366        0.628895 
        4.36688         5.47298        0.623304 
        4.38255         5.43105        0.617803 
        4.39825         5.41331        0.612357 
        4.41398         5.37282        0.606965 
         4.4297         5.34155        0.601645 
        4.44541          5.2839         0.59639 
        4.46111         5.25112        0.591202 
        4.47683         5.20467        0.586072 
        4.49251         5.18287        0.581014 
        4.50819         5.14914        0.576017 
         4.5239         5.11106        0.571072 
        4.53962         5.08346        0.566179 
        4.55535         5.03342        0.561341 
        4.57106         4.99822        0.556568 
        4.58678         4.96554        0.551848 
         4.6025         4.92909        0.547183 
        4.61821         4.89733        0.542573 
        4.63391         4.85924        0.538022 
         4.6496         4.83039        0.533526 
        4.66532         4.79841        0.529074 
        4.68103         4.76382        0.524675 
        4.69673         4.72217        0.520331 
        4.71241         4.68736         0.51604 
        4.72811         4.66903        0.511791 
        4.74384         4.63652        0.507585 
        4.75955         4.60535        0.503433 
        4.77525         4.56909        0.499329 
        4.79096         4.53726        0.495267 
        4.80669         4.49072        0.491248 
         4.8224         4.47674        0.487278 
        4.83809         4.44339        0.483357 
        4.85379         4.40978        0.479476 
         4.8695         4.38601        0.475635 
        4.88521          4.3583        0.471839 
        4.90093          4.3258        0.468083 
        4.91663         4.29112        0.464372 
        4.93234         4.27121        0.460697 
        4.94807         4.24076         0.45706 
        4.96377         4.21189        0.453469 
        4.97943         4.18013        0.449924 
        4.99514         4.15241        0.446408 
        5.01086         4.13116        0.442928 
        5.02654         4.09985        0.439493 
        5.04227         4.07656        0.436085 
          5.058         4.04878        0.432712 
        5.07371         4.02407        0.429381 
        5.08942         3.99442        0.426085 
        5.10513         3.96956        0.422824 
        5.12084          3.9457        0.419595 
        5.13656         3.92231        0.416401 
        5.15225         3.89807        0.413245 
        5.16796         3.86341        0.410117 
        5.18369         3.84265        0.407019 
         5.1994         3.81796        0.403959 
        5.21509         3.79001        0.400933 
        5.23079         3.76799        0.397935 
        5.24649         3.74968         0.39497 
        5.26217         3.71515        0.392037 
        5.27788         3.69004         0.38913 
        5.29359         3.66453        0.386252 
        5.30933         3.64952          0.3834 
        5.32504         3.62252        0.380581 
        5.34073         3.60487        0.377793 
        5.35646         3.58055        0.375028 
        5.37218         3.56291        0.372291 
        5.38789         3.53521        0.369585 
        5.40357         3.52144        0.366909 
        5.41929         3.48694        0.364254 
        5.43502         3.46767        0.361625 
         5.4507          3.4504        0.359029 
        5.46639         3.42669        0.356457 
        5.48212          3.4062        0.353905 
        5.49786         3.38751        0.351376 
        5.51353         3.36262        0.348883 
        5.52921         3.34025        0.346412 
        5.54495         3.32585        0.343958 
        5.56066         3.29803        0.341531 
        5.57637         3.28641        0.339127 
        5.59207         3.26424        0.336749 
        5.60778         3.24306        0.334393 
        5.62346         3.21995        0.332063 
        5.63916         3.20058        0.329753 
        5.65487         3.18053        0.327464 
         5.6706         3.16621        0.325194 
        5.68633         3.14635        0.322944 
        5.70203         3.12807        0.320721 
        5.71773         3.10939        0.318519 
        5.73344          3.0907        0.316337 
        5.74916         3.07146        0.314173 
        5.76486         3.05334        0.312033 
        5.78054         3.03744        0.309916 
        5.79626         3.02045        0.307813 
          5.812         3.00058        0.305727 
         5.8277         2.99036        0.303667 
        5.84339         2.96602        0.301625 
        5.85911         2.95297        0.299599 
        5.87484         2.93444        0.297592 
        5.89053         2.90574        0.295607 
        5.90623         2.90141         0.29364 
        5.92195         2.88383        0.291687 
        5.93767         2.86406        0.289753 
        5.95336         2.84987         0.28784 
        5.96905         2.83295        0.285945 
        5.98476         2.81622        0.284064 
        6.00048         2.79682          0.2822 
        6.01617         2.78335        0.280355 
        6.03185         2.76659        0.278529 
        6.04756         2.74781        0.276715 
        6.06331         2.73289        0.274913 
        6.07903         2.71848        0.273132 
        6.09473         2.70608        0.271367 
        6.11044         2.68854        0.269617 
        6.12616         2.67569        0.267883 
        6.14186         2.65388        0.266165 
        6.15755         2.63974        0.264463 
        6.17326         2.63251        0.262775 
        6.18898         2.61632          0.2611 
        6.20467         2.60129        0.259443 
        6.22036         2.58764        0.257801 
         6.2361         2.57127        0.256168 
         6.2518         2.55979        0.254553 
        6.26748         2.54425        0.252955 
        6.28319         2.53092        0.251366 
        6.29893         2.51885         0.24979 
        6.31463         2.50483         0.24823 
        6.33033         2.48935        0.246684 
        6.34604         2.47769         0.24515 
        6.36177         2.46537        0.243627 
        6.37747         2.44574        0.242121 
        6.39316         2.43509        0.240628 
        6.40888         2.42531        0.239145 
         6.4246          2.4105        0.237674 
        6.44031         2.39907        0.236217 
        6.45601          2.3871        0.234773 
        6.47172         2.37384         0.23334 
        6.48744         2.36067        0.231919 
        6.50313          2.3467        0.230512 
        6.51882         2.33163        0.229117 
        6.53452         2.32178        0.227732 
        6.55025         2.31079        0.226357 
        6.56597         2.29461        0.224994 
        6.58166         2.28316        0.223645 
        6.59736         2.27207        0.222306 
        6.61307         2.25826        0.220977 
         6.6288         2.24802        0.219658 
         6.6445           2.239        0.218351 
         6.6602         2.23007        0.217056 
        6.67592         2.21672        0.215769 
        6.69164         2.20494        0.214494 
        6.70735         2.19394        0.213229 
        6.72304         2.18388        0.211975 
        6.73874         2.17104        0.210732 
        6.75446          2.1641        0.209497 
        6.77016         2.15249        0.208274 
        6.78585         2.13815         0.20706 
        6.80156         2.12839        0.205856 
        6.81729         2.11887        0.204659 
        6.83301         2.10972        0.203473 
         6.8487         2.09821        0.202298 
         6.8644         2.08565        0.201132 
        6.88012         2.07918        0.199974 
        6.89583         2.06836        0.198826 
        6.91151          2.0555        0.197689 
        6.92723         2.04339        0.196558 
        6.94296         2.03715        0.195435 
        6.95866         2.02172        0.194323 
        6.97436         2.01555         0.19322 
        6.99007         2.00395        0.192125 
        7.00578         1.99768        0.191039 
        7.02147         1.98907        0.189962 
        7.03718         1.97726        0.188892 
         7.0529         1.96886         0.18783 
        7.06863          1.9579        0.186775 
        7.08433         1.94906         0.18573 
        7.10004         1.94059        0.184694 
        7.11575          1.9319        0.183665 
        7.13145         1.92321        0.182644 
        7.14715         1.91333        0.181631 
        7.16284         1.90334        0.180627 
        7.17855         1.89616        0.179629 
        7.19428         1.88654        0.178637 
        7.20998          1.8785        0.177655 
        7.22568         1.86648         0.17668 
        7.24139         1.85975        0.175712 
        7.25711         1.85512        0.174751 
        7.27282         1.84222        0.173797 
        7.28852         1.83815        0.172852 
        7.30423         1.82922        0.171912 
        7.31995         1.81997         0.17098 
        7.33565         1.81144        0.170055 
        7.35135         1.80274        0.169137 
        7.36706           1.796        0.168226 
        7.38277         1.78838        0.167321 
        7.39847         1.78063        0.166423 
        7.41419          1.7693        0.165532 
         7.4299         1.76301        0.164647 
        7.44561         1.75292        0.163768 
        7.46132          1.7455        0.162896 
        7.47701         1.73845        0.162032 
        7.49272         1.73021        0.161173 
        7.50842         1.72341         0.16032 
         7.5241         1.71818        0.159475 
        7.53981         1.70869        0.158635 
        7.55552         1.70128          0.1578 
        7.57125         1.69472        0.156971 
        7.58698         1.68915        0.156147 
        7.60268         1.68109        0.155331 
         7.6184         1.67315         0.15452 
        7.63411         1.66663        0.153716 
        7.64981         1.66049        0.152917 
        7.66552         1.65243        0.152124 
        7.68123         1.64709        0.151336 
        7.69695         1.63817        0.150554 
        7.71264         1.63264        0.149778 
        7.72834         1.62437        0.149008 
        7.74407         1.61666        0.148242 
        7.75978         1.61008        0.147481 
        7.77546          1.6063        0.146728 
        7.79116         1.59797        0.145979 
         7.8069         1.59229        0.145234 
         7.8226          1.5867        0.144495 
        7.83828         1.58027        0.143763 
        7.85399         1.57255        0.143034 
        7.86972         1.56745         0.14231 
        7.88543         1.56112        0.141591 
        7.90111         1.55394        0.140879 
        7.91681         1.54944        0.140171 
        7.93255         1.54087        0.139466 
        7.94828         1.53532        0.138767 
        7.96397         1.53021        0.138073 
        7.97967         1.52133        0.137385 
        7.99538         1.52015          0.1367 
         8.0111         1.51225         0.13602 
         8.0268         1.50614        0.135346 
        8.04248         1.50043        0.134676 
         8.0582         1.49362         0.13401 
        8.07393         1.48937        0.133348 
        8.08963         1.48431        0.132691 
        8.10533         1.47737         0.13204 
        8.12104         1.47159        0.131392 
        8.13675         1.46606        0.130748 
        8.15245         1.46256        0.130109 
        8.16815         1.45576        0.129475 
        8.18387         1.45113        0.128843 
        8.19959         1.44739        0.128216 
         8.2153         1.43842        0.127594 
        8.23101         1.43604        0.126976 
        8.24672         1.42968        0.126362 
        8.26241         1.42302        0.125753 
         8.2781         1.41986        0.125148 
        8.29381         1.41483        0.124546 
        8.30952         1.40929        0.123948 
        8.32524         1.40402        0.123354 
        8.34095         1.39906        0.122764 
        8.35666         1.39246        0.122178 
        8.37237         1.38658        0.121595 
        8.38808         1.38233        0.121017 
        8.40379         1.38035        0.120442 
         8.4195         1.37288        0.119872 
         8.4352         1.36801        0.119305 
        8.45091         1.36531        0.118741 
        8.46662         1.35969        0.118182 
        8.48232         1.35538        0.117626 
        8.49802         1.34922        0.117073 
        8.51374         1.34613        0.116524 
        8.52945         1.34178        0.115979 
        8.54515         1.33676        0.115437 
        8.56086          1.3313        0.114898 
        8.57658         1.32671        0.114363 
        8.59228         1.32307        0.113832 
        8.60799         1.31973        0.113304 
        8.62371         1.31483        0.112779 
        8.63942         1.31043        0.112257 
        8.65512         1.30448        0.111739 
        8.67082         1.30385        0.111225 
        8.68653         1.29771        0.110713 
        8.70224         1.29403        0.110205 
        8.71795         1.28971          0.1097 
        8.73365         1.28476        0.109198 
        8.74936         1.27901        0.108699 
        8.76506         1.27798        0.108204 
        8.78076         1.27505        0.107712 
        8.79646         1.26786        0.107223 
        8.81218         1.26461        0.106736 
        8.82791         1.26128        0.106252 
         8.8436          1.2566        0.105772 
         8.8593         1.25557        0.105295 
        8.87503         1.24854         0.10482 
        8.89076         1.24678        0.104349 
        8.90644         1.24414        0.103881 
        8.92214         1.23987        0.103416 
        8.93786         1.23387        0.102952 
        8.95357         1.23165        0.102493 
        8.96928         1.22869        0.102036 
        8.98498         1.22498        0.101582 
        9.00069         1.22126         0.10113 
        9.01639         1.21704        0.100681 
        9.03208         1.21432        0.100236 
        9.04778          1.2097       0.0997931 
        9.06351         1.20628       0.0993521 
        9.07923         1.20457        0.098914 
        9.09493          1.2004        0.098479 
        9.11062         1.19612       0.0980469 
        9.12635         1.19347       0.0976166 
        9.14207         1.19185       0.0971889 
        9.15777         1.18753       0.0967643 
        9.17346         1.18417       0.0963426 
        9.18917         1.17929       0.0959228 
         9.2049          1.1783       0.0955052 
        9.22061          1.1735       0.0950905 
        9.23631         1.16979       0.0946785 
        9.25201         1.16832        0.094269 
        9.26773         1.16474       0.0938616 
        9.28343         1.16086       0.0934568 
        9.29913          1.1582       0.0930545 
        9.31484         1.15506       0.0926545 
        9.33057         1.15151       0.0922562 
        9.34627         1.14765       0.0918609 
        9.36197         1.14594       0.0914682 
        9.37768         1.14212       0.0910773 
        9.39338          1.1405       0.0906891 
        9.40909         1.13614       0.0903031 
        9.42479          1.1342       0.0899194 
         9.4405         1.13031       0.0895378 
        9.45621         1.12918       0.0891584 
        9.47193         1.12553       0.0887812 
        9.48763         1.12233       0.0884065 
        9.50334         1.12027       0.0880337 
        9.51906         1.11666       0.0876631 
        9.53476          1.1156        0.087295 
        9.55045         1.11242        0.086929 
        9.56616         1.10956       0.0865649 
        9.58188         1.10504       0.0862024 
        9.59759         1.10437       0.0858423 
         9.6133          1.1031       0.0854842 
        9.62901         1.09948       0.0851279 
        9.64471         1.09676       0.0847738 
        9.66041         1.09461       0.0844216 
        9.67612         1.09186       0.0840711 
        9.69184          1.0892       0.0837224 
        9.70754         1.08623       0.0833762 
        9.72324         1.08375        0.083032 
        9.73895         1.08232       0.0826898 
        9.75467          1.0802       0.0823496 
        9.77038         1.07663       0.0820117 
        9.78607         1.07408       0.0816764 
        9.80177         1.07166       0.0813432 
        9.81749         1.06876       0.0810119 
         9.8332         1.06659        0.080683 
         9.8489         1.06443       0.0803565 
        9.86463          1.0637       0.0800314 
        9.88035         1.06234        0.079708 
        9.89606         1.05882       0.0793866 
        9.91175          1.0571       0.0790667 
        9.92745         1.05417       0.0787479 
        9.94317         1.05281       0.0784296 
        9.95888         1.05025       0.0781122 
        9.97458         1.04879       0.0777954 
        9.99029         1.04635       0.0774787 
         10.006         1.04452       0.0772832 
        10.0217         1.04334       0.0772832 
        10.0374         1.04087       0.0772832 
        10.0531         1.03792       0.0772832 
        10.0688         1.03654       0.0772832 
        10.0845         1.03461       0.0772832 
        10.1002         1.03187       0.0772832 
        10.1159         1.03076       0.0772832 
        10.1317         1.02851       0.0772832 
        10.1474         1.02747       0.0772832 
        10.1631         1.02527       0.0772832 
        10.1788         1.02378       0.0772832 
        10.1945         1.02186       0.0772832 
        10.2102         1.01994       0.0772832 
        10.2259         1.01725       0.0772832 
        10.2416         1.01671       0.0772832 
        10.2573         1.01563       0.0772832 
         10.273         1.01366       0.0772832 
        10.2887          1.0125       0.0772832 
        10.3044         1.00856       0.0772832 
        10.3201         1.00863       0.0772832 
        10.3359          1.0073       0.0772832 
        10.3516         1.00436       0.0772832 
        10.3673         1.00385       0.0772832 
         10.383         1.00228       0.0772832 
        10.3987         1.00058       0.0772832 
        10.4144        0.998371       0.0772832 
        10.4301        0.997725       0.0772832 
        10.4458        0.995899       0.0772832 
        10.4615        0.994693       0.0772832 
        10.4772        0.993186       0.0772832 
        10.4929         0.99196       0.0772832 
        10.5086         0.99109       0.0772832 
        10.5244        0.989527       0.0772832 
        10.5401        0.987773       0.0772832 
        10.5558        0.986658       0.0772832 
        10.5715        0.985612       0.0772832 
        10.5872         0.98429       0.0772832 
        10.6029        0.983928       0.0772832 
        10.6186        0.982328       0.0772832 
        10.6343        0.979748       0.0772832 
          10.65        0.979219       0.0772832 
        10.6657        0.978176       0.0772832 
        10.6814        0.977307       0.0772832 
        10.6971        0.975733       0.0772832 
        10.7129        0.975435       0.0772832 
        10.7286        0.974821       0.0772832 
        10.7443        0.972374       0.0772832 
          10.76        0.971329       0.0772832 
        10.7757        0.971163       0.0772832 
        10.7914        0.970361       0.0772832 
        10.8071        0.969436       0.0772832 
        10.8228        0.968125       0.0772832 
        10.8385        0.966436       0.0772832 
        10.8542        0.966372       0.0772832 
        10.8699        0.966036       0.0772832 
        10.8856        0.964187       0.0772832 
        10.9014        0.964595       0.0772832 
        10.9171        0.962052       0.0772832 
        10.9328          0.9632       0.0772832 
        10.9485        0.960375       0.0772832 
        10.9642        0.961275       0.0772832 
        10.9799        0.960029       0.0772832 
        10.9956        0.959189       0.0772832 
        11.0113        0.958813       0.0772832 
         11.027        0.958055       0.0772832 
        11.0427        0.957807       0.0772832 
        11.0584        0.956808       0.0772832 
        11.0741        0.956265       0.0772832 
        11.0898        0.955449       0.0772832 
        11.1055        0.955187       0.0772832 
        11.1212          0.9546       0.0772832 
         11.137         0.95458       0.0772832 
        11.1527        0.953584       0.0772832 
        11.1684        0.953732       0.0772832 
        11.1841        0.952956       0.0772832 
        11.1998        0.952671       0.0772832 
        11.2155         0.95179       0.0772832 
        11.2312        0.952079       0.0772832 
        11.2469        0.951287       0.0772832 
        11.2626        0.950906       0.0772832 
        11.2783        0.950473       0.0772832 
         11.294        0.951196       0.0772832 
        11.3097        0.950854       0.0772832 
        11.3254        0.950235       0.0772832 
        11.3412        0.950182       0.0772832 
        11.3569         0.94972       0.0772832 
        11.3726        0.950481       0.0772832 
        11.3883        0.950429       0.0772832 
         11.404        0.950207       0.0772832 
        11.4197        0.949631       0.0772832 
        11.4354        0.949648       0.0772832 
        11.4511        0.948398       0.0772832 
        11.4668        0.949774       0.0772832 
        11.4825        0.949835       0.0772832 
        11.4982        0.950216       0.0772832 
         11.514        0.950431       0.0772832 
        11.5297        0.950617       0.0772832 
        11.5454        0.950572       0.0772832 
        11.5611         0.95023       0.0772832 
        11.5768        0.950864       0.0772832 
        11.5925        0.951359       0.0772832 
        11.6082        0.951179       0.0772832 
        11.6239        0.951919       0.0772832 
        11.6396        0.952756       0.0772832 
        11.6553         0.95171       0.0772832 
         11.671         0.95266       0.0772832 
        11.6867         0.95235       0.0772832 
        11.7024        0.952951       0.0772832 
        11.7182        0.953028       0.0772832 
        11.7339        0.954434       0.0772832 
        11.7496        0.954673       0.0772832 
        11.7653        0.955888       0.0772832 
         11.781        0.955174       0.0772832 
        11.7967         0.95627       0.0772832 
        11.8124        0.956867       0.0772832 
        11.8281        0.958314       0.0772832 
        11.8438        0.958721       0.0772832 
        11.8595        0.959109       0.0772832 
        11.8752        0.959598       0.0772832 
         11.891        0.960288       0.0772832 
        11.9067        0.960565       0.0772832 
        11.9224        0.961373       0.0772832 
        11.9381        0.962278       0.0772832 
        11.9538         0.96286       0.0772832 
        11.9695        0.964052       0.0772832 
        11.9852        0.965471       0.0772832 
        12.0009        0.966297       0.0772832 
        12.0166        0.967233       0.0772832 
        12.0323        0.967865       0.0772832 
         12.048        0.969346       0.0772832 
        12.0637        0.970378       0.0772832 
