#  a  GeffG(a,k)  D1(a,k)  D1mnu(a,k) ( D1_transfer(a,k) D1mnu_transfer(a,k) )  D2(a,k)  D3a(a,k)  D3b(a,k)  (source terms)  (Output for k = 0.1 h/Mpc)
          0.002                1        0.105104        0.105104     -0.00473441    -0.000387028     0.000276449               1               1               1               1 
     0.00207064                1        0.108808        0.108808     -0.00507318     -0.00042921     0.000306578               1               1               1               1 
     0.00214378                1        0.112626        0.112626     -0.00543323    -0.000475444     0.000339603               1               1               1               1 
      0.0022195                1        0.116562        0.116562     -0.00581617    -0.000526192     0.000375851               1               1               1               1 
      0.0022979                1        0.120622        0.120622     -0.00622381    -0.000581978     0.000415695               1               1               1               1 
     0.00237907                1        0.124811        0.124811     -0.00665802    -0.000643372     0.000459544               1               1               1               1 
      0.0024631                1        0.129134        0.129134     -0.00712082    -0.000711011      0.00050785               1               1               1               1 
      0.0025501                1        0.133595        0.133595     -0.00761439    -0.000785596     0.000561112               1               1               1               1 
     0.00264018                1        0.138202        0.138202     -0.00814102    -0.000867906     0.000619885               1               1               1               1 
     0.00273343                1        0.142959        0.142959     -0.00870317    -0.000958799     0.000684778               1               1               1               1 
     0.00282998                1        0.147872        0.147872     -0.00930349     -0.00105923     0.000756471               1               1               1               1 
     0.00292994                1        0.152947        0.152947     -0.00994479     -0.00117025     0.000835713               1               1               1               1 
     0.00303343                1        0.158191        0.158191      -0.0106301     -0.00129302     0.000923333               1               1               1               1 
     0.00314058                1        0.163611        0.163611      -0.0113626     -0.00142885      0.00102025               1               1               1               1 
     0.00325151                1        0.169212        0.169212      -0.0121458     -0.00157916      0.00112749               1               1               1               1 
     0.00336636                1        0.175001        0.175001      -0.0129833     -0.00174554      0.00124616               1               1               1               1 
     0.00348527                1        0.180986        0.180986      -0.0138791     -0.00192974      0.00137753               1               1               1               1 
     0.00360837                1        0.187174        0.187174      -0.0148375     -0.00213371      0.00152298               1               1               1               1 
     0.00373583                1        0.193573        0.193573      -0.0158629     -0.00235961      0.00168403               1               1               1               1 
     0.00386778                1         0.20019         0.20019      -0.0169602     -0.00260981      0.00186239               1               1               1               1 
      0.0040044                1        0.207034        0.207034      -0.0181346     -0.00288698      0.00205994               1               1               1               1 
     0.00414584                1        0.214112        0.214112      -0.0193916     -0.00319403      0.00227875               1               1               1               1 
     0.00429228                1        0.221434        0.221434      -0.0207372     -0.00353422      0.00252115               1               1               1               1 
     0.00444389                1        0.229007        0.229007      -0.0221777     -0.00391114      0.00278969               1               1               1               1 
     0.00460086                1        0.236843        0.236843        -0.02372     -0.00432879      0.00308721               1               1               1               1 
     0.00476337                1         0.24495         0.24495      -0.0253714     -0.00479158      0.00341685               1               1               1               1 
     0.00493162                1        0.253337        0.253337      -0.0271397     -0.00530442      0.00378209               1               1               1               1 
     0.00510582                1        0.262015        0.262015      -0.0290333     -0.00587272      0.00418681               1               1               1               1 
     0.00528616                1        0.270996        0.270996       -0.031061     -0.00650251      0.00463528               1               1               1               1 
     0.00547288                1        0.280288        0.280288      -0.0332327     -0.00720045      0.00513225               1               1               1               1 
     0.00566619                1        0.289905        0.289905      -0.0355585     -0.00797394      0.00568298               1               1               1               1 
     0.00586633                1        0.299856        0.299856      -0.0380495     -0.00883116       0.0062933               1               1               1               1 
     0.00607354                1        0.310155        0.310155      -0.0407176      -0.0097812      0.00696968               1               1               1               1 
     0.00628807                1        0.320815        0.320815      -0.0435753      -0.0108341      0.00771929               1               1               1               1 
     0.00651018                1        0.331847        0.331847      -0.0466363      -0.0120011      0.00855008               1               1               1               1 
     0.00674013                1        0.343265        0.343265      -0.0499151      -0.0132945      0.00947085               1               1               1               1 
      0.0069782                1        0.355083        0.355083      -0.0534273       -0.014728       0.0104914               1               1               1               1 
     0.00722469                1        0.367315        0.367315      -0.0571895      -0.0163169       0.0116225               1               1               1               1 
     0.00747987                1        0.379977        0.379977      -0.0612197      -0.0180779       0.0128762               1               1               1               1 
     0.00774408                1        0.393082        0.393082      -0.0655371      -0.0200298       0.0142659               1               1               1               1 
     0.00801761                1        0.406648        0.406648      -0.0701621      -0.0221934       0.0158062               1               1               1               1 
     0.00830081                1        0.420691        0.420691      -0.0751168      -0.0245915       0.0175136               1               1               1               1 
     0.00859401                1        0.435227        0.435227      -0.0804247      -0.0272496       0.0194062               1               1               1               1 
     0.00889757                1        0.450274        0.450274      -0.0861112      -0.0301961       0.0215042               1               1               1               1 
     0.00921184                1        0.465851        0.465851      -0.0922032      -0.0334622       0.0238298               1               1               1               1 
     0.00953722                1        0.481975        0.481975      -0.0987299      -0.0370826        0.026408               1               1               1               1 
      0.0098741                1        0.498667        0.498667       -0.105722       -0.041096        0.029266               1               1               1               1 
      0.0102229                1        0.515947        0.515947       -0.113214      -0.0455448       0.0324344               1               1               1               1 
       0.010584                1        0.533835        0.533835        -0.12124      -0.0504766        0.035947               1               1               1               1 
      0.0109578                1        0.552353        0.552353       -0.129839      -0.0559439       0.0398412               1               1               1               1 
      0.0113449                1        0.571524        0.571524       -0.139053      -0.0620049       0.0441586               1               1               1               1 
      0.0117456                1         0.59137         0.59137       -0.148924      -0.0687241       0.0489452               1               1               1               1 
      0.0121604                1        0.611916        0.611916         -0.1595      -0.0761734       0.0542522               1               1               1               1 
        0.01259                1        0.633186        0.633186       -0.170832       -0.084432       0.0601363               1               1               1               1 
      0.0130347                1        0.655206        0.655206       -0.182974      -0.0935883       0.0666603               1               1               1               1 
      0.0134951                1        0.678002        0.678002       -0.195984        -0.10374       0.0738941               1               1               1               1 
      0.0139718                1        0.701603        0.701603       -0.209923       -0.114995       0.0819149               1               1               1               1 
      0.0144653                1        0.726036        0.726036       -0.224859       -0.127474       0.0908086               1               1               1               1 
      0.0149762                1        0.751331        0.751331       -0.240863        -0.14131         0.10067               1               1               1               1 
      0.0155052                1        0.777518        0.777518       -0.258011       -0.156652        0.111606               1               1               1               1 
      0.0160529                1        0.804629        0.804629       -0.276385       -0.173663        0.123731               1               1               1               1 
      0.0166199                1        0.832697        0.832697       -0.296073       -0.192524        0.137178               1               1               1               1 
      0.0172069                1        0.861755        0.861755       -0.317169       -0.213439        0.152089               1               1               1               1 
      0.0178147                1        0.891839        0.891839       -0.339775       -0.236631        0.168625               1               1               1               1 
       0.018444                1        0.922984        0.922984       -0.363998       -0.262348        0.186963               1               1               1               1 
      0.0190954                1        0.955229        0.955229       -0.389955       -0.290866        0.207299               1               1               1               1 
      0.0197699                1        0.988612        0.988612       -0.417768        -0.32249        0.229852               1               1               1               1 
      0.0204682                1         1.02317         1.02317       -0.447573        -0.35756        0.254864               1               1               1               1 
      0.0211912                1         1.05896         1.05896       -0.479511       -0.396452        0.282603               1               1               1               1 
      0.0219397                1           1.096           1.096       -0.513735       -0.439582        0.313368               1               1               1               1 
      0.0227147                1         1.13435         1.13435       -0.550409       -0.487413        0.347488               1               1               1               1 
       0.023517                1         1.17406         1.17406        -0.58971        -0.54046        0.385331               1               1               1               1 
      0.0243477                1         1.21517         1.21517       -0.631824       -0.599291        0.427303               1               1               1               1 
      0.0252077                1         1.25773         1.25773       -0.676955       -0.664538        0.473855               1               1               1               1 
       0.026098                1         1.30179         1.30179       -0.725317       -0.736903        0.525488               1               1               1               1 
      0.0270199                1         1.34741         1.34741       -0.777144       -0.817162        0.582758               1               1               1               1 
      0.0279743                1         1.39464         1.39464       -0.832683       -0.906178         0.64628               1               1               1               1 
      0.0289624                1         1.44354         1.44354       -0.892201        -1.00491        0.716738               1               1               1               1 
      0.0299854                1         1.49416         1.49416       -0.955983        -1.11442        0.794891               1               1               1               1 
      0.0310445                1         1.54657         1.54657        -1.02434        -1.23588        0.881579               1               1               1               1 
      0.0321411                1         1.60083         1.60083        -1.09759         -1.3706        0.977737               1               1               1               1 
      0.0332763                1         1.65701         1.65701        -1.17608        -1.52004          1.0844               1               1               1               1 
      0.0344517                1         1.71517         1.71517        -1.26021        -1.68579         1.20272               1               1               1               1 
      0.0356686                1         1.77538         1.77538        -1.35036        -1.86965         1.33396               1               1               1               1 
      0.0369285                1         1.83773         1.83773        -1.44698        -2.07359         1.47955               1               1               1               1 
      0.0382329                1         1.90227         1.90227        -1.55052        -2.29982         1.64105               1               1               1               1 
      0.0395833                1         1.96909         1.96909        -1.66148        -2.55076         1.82021               1               1               1               1 
      0.0409815                1         2.03827         2.03827         -1.7804        -2.82912         2.01894               1               1               1               1 
       0.042429                1         2.10989         2.10989        -1.90784         -3.1379         2.23941               1               1               1               1 
      0.0439277                1         2.18404         2.18404        -2.04442        -3.48044         2.48398               1               1               1               1 
      0.0454793                1         2.26081         2.26081         -2.1908        -3.86041         2.75529               1               1               1               1 
      0.0470857                1         2.34029         2.34029        -2.34766        -4.28192         3.05627               1               1               1               1 
      0.0487489                1         2.42257         2.42257        -2.51578        -4.74952         3.39017               1               1               1               1 
      0.0504708                1         2.50776         2.50776        -2.69595        -5.26824         3.76058               1               1               1               1 
      0.0522535                1         2.59596         2.59596        -2.88903        -5.84368         4.17151               1               1               1               1 
      0.0540992                1         2.68727         2.68727        -3.09596        -6.48204         4.62739               1               1               1               1 
      0.0560101                1          2.7818          2.7818        -3.31774        -7.19021         5.13313               1               1               1               1 
      0.0579885                1         2.87967         2.87967        -3.55541        -7.97584         5.69419               1               1               1               1 
      0.0600367                1         2.98099         2.98099        -3.81012        -8.84738         6.31664               1               1               1               1 
      0.0621573                1         3.08588         3.08588         -4.0831        -9.81425         7.00718               1               1               1               1 
      0.0643528                1         3.19448         3.19448        -4.37566        -10.8869         7.77326               1               1               1               1 
      0.0666259                1          3.3069          3.3069        -4.68919        -12.0768         8.62315               1               1               1               1 
      0.0689792                1          3.4233          3.4233         -5.0252        -13.3969         9.56602               1               1               1               1 
      0.0714157                1         3.54379         3.54379         -5.3853        -14.8614          10.612               1               1               1               1 
      0.0739383                1         3.66853         3.66853        -5.77121        -16.4861         11.7725               1               1               1               1 
      0.0765499                1         3.79767         3.79767        -6.18479        -18.2885         13.0599               1               1               1               1 
      0.0792538                1         3.93137         3.93137          -6.628         -20.288         14.4881               1               1               1               1 
      0.0820532                1         4.06977         4.06977        -7.10299        -22.5061         16.0726               1               1               1               1 
      0.0849514                1         4.21304         4.21304        -7.61201        -24.9669         17.8303               1               1               1               1 
      0.0879521                1         4.36136         4.36136        -8.15749        -27.6967         19.7802               1               1               1               1 
      0.0910587                1          4.5149          4.5149        -8.74206         -30.725         21.9434               1               1               1               1 
      0.0942751                1         4.67385         4.67385        -9.36849        -34.0843         24.3431               1               1               1               1 
       0.097605                1         4.83838         4.83838        -10.0398        -37.8108         27.0051               1               1               1               1 
       0.101053                1         5.00869         5.00869        -10.7591        -41.9446         29.9581               1               1               1               1 
       0.104622                1           5.185           5.185        -11.5299        -46.5301         33.2337               1               1               1               1 
       0.108317                1         5.36749         5.36749        -12.3559        -51.6164         36.8672               1               1               1               1 
       0.112143                1         5.55638         5.55638        -13.2409        -57.2583         40.8976               1               1               1               1 
       0.116105                1          5.7519          5.7519        -14.1892        -63.5161          45.368               1               1               1               1 
       0.120206                1         5.95427         5.95427        -15.2053        -70.4569         50.3263               1               1               1               1 
       0.124451                1         6.16372         6.16372        -16.2939        -78.1548         55.8256               1               1               1               1 
       0.128847                1          6.3805          6.3805        -17.4602         -86.692         61.9245               1               1               1               1 
       0.133398                1         6.60485         6.60485        -18.7096        -96.1598         68.6881               1               1               1               1 
        0.13811                1         6.83703         6.83703        -20.0482        -106.659         76.1885               1               1               1               1 
       0.142989                1          7.0773          7.0773         -21.482        -118.301         84.5055               1               1               1               1 
       0.148039                1         7.32592         7.32592        -23.0179        -131.209         93.7273               1               1               1               1 
       0.153268                1         7.58319         7.58319         -24.663        -145.521         103.951               1               1               1               1 
       0.158682                1         7.84937         7.84937        -26.4248        -161.386         115.286               1               1               1               1 
       0.164287                1         8.12476         8.12476        -28.3116        -178.973          127.85               1               1               1               1 
        0.17009                1         8.40966         8.40966         -30.332        -198.466         141.776               1               1               1               1 
       0.176098                1         8.70436         8.70436        -32.4952        -220.069          157.21               1               1               1               1 
       0.182318                1         9.00919         9.00919        -34.8111        -244.007         174.311               1               1               1               1 
       0.188758          1.00001         9.32445         9.32445        -37.2902        -270.529         193.259               1               1               1               1 
       0.195425          1.00001         9.65046         9.65046        -39.9436        -299.908         214.248               1               1               1               1 
       0.202328          1.00001         9.98755         9.98755         -42.783        -332.447         237.494               1               1               1               1 
       0.209474          1.00001          10.336          10.336        -45.8211        -368.477         263.236               1               1               1               1 
       0.216873          1.00001         10.6963         10.6963         -49.071        -408.366         291.733               1               1               1               1 
       0.224534          1.00002         11.0686         11.0686        -52.5469        -452.515         323.274               1               1               1               1 
       0.232464          1.00002         11.4533         11.4533        -56.2636        -501.365         358.174               1               1               1               1 
       0.240676          1.00002         11.8507         11.8507        -60.2368        -555.401         396.779               1               1               1               1 
       0.249177          1.00003         12.2611         12.2611        -64.4829        -615.152         439.468               1               1               1               1 
       0.257978          1.00004          12.685          12.685        -69.0192          -681.2         486.655               1               1               1               1 
        0.26709          1.00004         13.1225         13.1225         -73.864        -754.178         538.793               1               1               1               1 
       0.276524          1.00005          13.574          13.574        -79.0363        -834.775         596.375               1               1               1               1 
       0.286292          1.00007         14.0398         14.0398        -84.5558        -923.744         659.938               1               1               1               1 
       0.296404          1.00008         14.5201         14.5201        -90.4431         -1021.9         730.064               1               1               1               1 
       0.306874           1.0001         15.0152         15.0152        -96.7195        -1130.12         807.385               1               1               1               1 
       0.317713          1.00012         15.5253         15.5253        -103.407        -1249.37         892.581               1               1               1               1 
       0.328935          1.00015         16.0506         16.0506        -110.528        -1380.66         986.385               1               1               1               1 
       0.340554          1.00018         16.5913         16.5913        -118.106        -1525.11         1089.58               1               1               1               1 
       0.352583          1.00022         17.1474         17.1474        -126.164        -1683.87         1203.02               1               1               1               1 
       0.365037          1.00027         17.7191         17.7191        -134.725        -1858.22         1327.59               1               1               1               1 
        0.37793          1.00032         18.3063         18.3063        -143.813        -2049.47         1464.23               1               1               1               1 
        0.39128          1.00039         18.9091         18.9091        -153.451        -2259.02         1613.96               1               1               1               1 
         0.4051          1.00048         19.5272         19.5272        -163.661        -2488.34          1777.8               1               1               1               1 
       0.419409          1.00058         20.1604         20.1604        -174.466        -2738.94         1956.86               1               1               1               1 
       0.434224          1.00069         20.8086         20.8086        -185.885        -3012.39         2152.24               1               1               1               1 
       0.449561          1.00084         21.4713         21.4713        -197.937        -3310.31         2365.11               1               1               1               1 
        0.46544            1.001         22.1481         22.1481        -210.638        -3634.31         2596.63               1               1               1               1 
       0.481881           1.0012         22.8383         22.8383        -224.004        -3986.03         2847.95               1               1               1               1 
       0.498902          1.00144         23.5414         23.5414        -238.046        -4367.06         3120.22               1               1               1               1 
       0.516524          1.00172         24.2564         24.2564         -252.77        -4778.97         3414.57               1               1               1               1 
       0.534768          1.00204         24.9826         24.9826        -268.181        -5223.25         3732.05               1               1               1               1 
       0.553657          1.00242         25.7188         25.7188        -284.279        -5701.26         4073.65               1               1               1               1 
       0.573214          1.00286         26.4639         26.4639        -301.057        -6214.26         4440.26               1               1               1               1 
        0.59346          1.00337         27.2168         27.2168        -318.506        -6763.29         4832.63               1               1               1               1 
       0.614423          1.00396         27.9759         27.9759        -336.609        -7349.23          5251.4               1               1               1               1 
       0.636125          1.00463         28.7398         28.7398        -355.344        -7972.68         5696.98               1               1               1               1 
       0.658594           1.0054         29.5071         29.5071        -374.683        -8633.97         6169.64               1               1               1               1 
       0.681857          1.00627         30.2761         30.2761        -394.593        -9333.16         6669.41               1               1               1               1 
       0.705941          1.00724          31.045          31.045        -415.035          -10070         7196.08               1               1               1               1 
       0.730877          1.00834         31.8123         31.8123        -435.964        -10843.7         7749.21               1               1               1               1 
       0.756693          1.00955         32.5762         32.5762        -457.331        -11653.5         8328.11               1               1               1               1 
        0.78342          1.01089          33.335          33.335         -479.08          -12498         8931.83               1               1               1               1 
       0.811092          1.01236         34.0869         34.0869        -501.155        -13375.4         9559.18               1               1               1               1 
       0.839741          1.01397         34.8304         34.8304        -523.494        -14283.9         10208.7               1               1               1               1 
       0.869403           1.0157         35.5638         35.5638        -546.034        -15221.1         10878.8               1               1               1               1 
       0.900112          1.01757         36.2857         36.2857         -568.71        -16184.3         11567.7               1               1               1               1 
       0.931905          1.01956         36.9947         36.9947        -591.457        -17170.8         12273.2               1               1               1               1 
       0.964822          1.02167         37.6894         37.6894        -614.208        -18177.5         12993.2               1               1               1               1 
       0.998901          1.02388         38.3687         38.3687        -636.901        -19201.3         13725.4               1               1               1               1 
        1.03418          1.02396         39.0315         39.0315        -659.472        -20238.6         14467.4               1               1               1               1 
        1.07071          1.02396         39.6771         39.6771        -681.854        -21285.5         15216.3               1               1               1               1 
        1.10853          1.02396         40.3048         40.3048        -703.989        -22337.9         15969.2               1               1               1               1 
        1.14769          1.02396         40.9142         40.9142        -725.822        -23392.1         16723.5               1               1               1               1 
        1.18823          1.02396          41.505          41.505        -747.307        -24444.8         17476.8               1               1               1               1 
         1.2302          1.02396         42.0769         42.0769        -768.403        -25492.7         18226.6               1               1               1               1 
        1.27365          1.02396         42.6299         42.6299        -789.075          -26533         18971.1               1               1               1               1 
        1.31864          1.02396         43.1639         43.1639        -809.292          -27563         19708.3               1               1               1               1 
        1.36521          1.02396         43.6791         43.6791         -829.03        -28580.4         20436.4               1               1               1               1 
        1.41344          1.02396         44.1756         44.1756        -848.266        -29582.9           21154               1               1               1               1 
        1.46336          1.02396         44.6535         44.6535        -866.985        -30568.8         21859.7               1               1               1               1 
        1.51505          1.02396         45.1133         45.1133        -885.174        -31536.3         22552.4               1               1               1               1 
        1.56856          1.02396         45.5551         45.5551        -902.823          -32484         23230.8               1               1               1               1 
        1.62397          1.02396         45.9793         45.9793        -919.926        -33410.6         23894.2               1               1               1               1 
        1.68133          1.02396         46.3864         46.3864        -936.479        -34315.1         24541.9               1               1               1               1 
        1.74072          1.02396         46.7767         46.7767        -952.482        -35196.6         25173.1               1               1               1               1 
         1.8022          1.02396         47.1507         47.1507        -967.935        -36054.5         25787.3               1               1               1               1 
        1.86586          1.02396         47.5089         47.5089        -982.844        -36888.1         26384.3               1               1               1               1 
        1.93177          1.02396         47.8516         47.8516         -997.21          -37697         26963.6               1               1               1               1 
              2          1.02396         47.8533         47.8533        -997.281          -37701         26966.5               1               1               1               1 
