# k  (h/Mpc)    Pcb(k)  (Mpc/h)^3    Pcb_linear(k) (Mpc/h)^3   ShotnoiseSubtracted = true
      0.0200456         1309.28         1325.03 
      0.0350414         851.778         853.052 
      0.0492313          591.09         588.423 
      0.0637834         483.465         479.566 
      0.0800726          364.04         360.173 
       0.096163         248.707         248.682 
       0.111083         198.264           199.5 
       0.126058         177.327           176.7 
       0.142273         144.607         142.441 
       0.158546         111.796         109.306 
        0.17375         93.9497         93.9186 
       0.188953         86.0044         84.9365 
       0.204907         75.5783         72.2883 
       0.220756         61.9184         59.9513 
        0.23588         54.4343         52.9479 
         0.2514         48.9028         48.1598 
       0.267535         43.6468         42.4287 
       0.283568         38.2278         36.8423 
       0.299022         34.5785         33.0664 
       0.314451         30.9399         30.2668 
       0.330372         28.3242         27.3204 
       0.346141         25.4263         24.4971 
       0.361624         23.3401         22.2987 
       0.377134         21.7417         20.5292 
       0.392932         19.2362          18.825 
       0.408854         18.2344         17.1941 
       0.424564          16.798         15.8198 
       0.440253         15.4828         14.6548 
       0.455999         14.4652         13.5802 
       0.471626         13.5281         12.5856 
        0.48727         12.5948         11.6958 
       0.502856         11.7009         10.9146 
       0.518488         11.1108         10.1998 
       0.534347         10.5599         9.52762 
       0.550082         9.59829          8.9204 
       0.565732         8.84715         8.37436 
       0.581496         8.61008         7.87097 
       0.597222         8.20715         7.40633 
       0.612804         7.62349         6.98172 
       0.628434          7.3192         6.59093 
       0.644267         6.96029         6.22582 
       0.660051         6.53606         5.88893 
       0.675724          6.1919          5.5787 
       0.691403         5.95363         5.29041 
       0.707174         5.63174         5.02075 
       0.722871         5.37405         4.77083 
        0.73838         5.13232         4.54046 
       0.754018         4.96153         4.32347 
       0.769845         4.68518         4.11821 
        0.78569         4.50914         3.92601 
       0.801365         4.29944         3.74789 
       0.817031         4.13456         3.58088 
       0.832809         3.98481         3.42293 
       0.848511         3.75414         3.27517 
       0.864097         3.60816         3.13709 
       0.879701         3.47855         3.00679 
       0.895507          3.3131         2.88232 
       0.911279          3.2566         2.76512 
        0.92691         3.12266         2.65536 
       0.942635         2.98077         2.55093 
       0.958396         2.86819         2.45186 
       0.974128         2.77639         2.35819 
       0.989692         2.71066         2.27032 
        1.00528         2.58543         2.18677 
        1.02113         2.48695          2.1061 
        1.03692         2.42903         2.02977 
        1.05264         2.33999         1.95756 
        1.06832         2.27745         1.88895 
        1.08405         2.16679         1.82343 
        1.09979         2.11701         1.76097 
        1.11537         2.05567         1.70203 
        1.13105         1.99505         1.64543 
        1.14679         1.93538         1.59117 
        1.16256         1.86676         1.53924 
        1.17828         1.82002         1.48978 
        1.19395         1.76702         1.44265 
         1.2097         1.68985         1.39731 
        1.22537         1.64964         1.35413 
          1.241          1.6109         1.31289 
        1.25666         1.59304         1.27325 
        1.27241         1.51303         1.23506 
        1.28819         1.48152         1.19836 
        1.30392         1.44844         1.16325 
        1.31957         1.41168          1.1297 
        1.33529         1.36328         1.09733 
        1.35108         1.33169          1.0661 
        1.36674         1.29087          1.0363 
         1.3824         1.25577         1.00766 
        1.39811         1.22403        0.980002 
        1.41389         1.20242        0.953268 
        1.42964         1.17162        0.927571 
        1.44531         1.14121         0.90294 
        1.46101         1.11396        0.879145 
        1.47667         1.07402        0.856273 
        1.49229         1.06571        0.834271 
        1.50793          1.0338        0.813012 
        1.52367         1.01317        0.792352 
        1.53953        0.979746        0.772268 
        1.55526        0.960548        0.753035 
        1.57092        0.938778        0.734531 
        1.58662        0.921214        0.716602 
        1.60235        0.895572        0.699233 
        1.61809        0.875401        0.682426 
        1.63369         0.86633        0.666318 
        1.64941        0.839401         0.65061 
        1.66519        0.823678         0.63535 
        1.68085        0.799395        0.620683 
        1.69652        0.785141        0.606472 
        1.71228        0.771993        0.592623 
        1.72806        0.750137        0.579192 
        1.74368        0.739182        0.566309 
        1.75933        0.720758         0.55379 
        1.77505         0.70846        0.541587 
        1.79081        0.693881        0.529729 
         1.8065        0.675481        0.518273 
        1.82218        0.666714        0.507165 
        1.83797        0.653779        0.496303 
        1.85367        0.645601        0.485817 
        1.86928        0.631611        0.475695 
        1.88497        0.614592        0.465804 
        1.90073         0.60032        0.456156 
        1.91647        0.595279        0.446788 
        1.93218        0.583219          0.4377 
        1.94787         0.56914        0.428877 
        1.96363         0.55752        0.420261 
        1.97935        0.547425        0.411897 
        1.99499        0.537671        0.403806 
        2.01064        0.527392         0.39592 
         2.0264         0.52102        0.388193 
        2.04216         0.50974        0.380674 
        2.05781         0.49914        0.373401 
        2.07353        0.492152         0.36629 
        2.08928        0.481224        0.359347 
        2.10499         0.47354        0.352602 
        2.12065        0.467844        0.346049 
        2.13633        0.459301        0.339655 
        2.15211        0.450221        0.333381 
        2.16785        0.440488        0.327281 
        2.18349        0.435414        0.321371 
        2.19916        0.427604        0.315593 
        2.21489        0.419222        0.309937 
        2.23063        0.411551        0.304415 
         2.2463        0.408352        0.299052 
        2.26194        0.396685        0.293829 
        2.27765         0.39126        0.288704 
        2.29341        0.386957        0.283687 
        2.30914        0.382032        0.278798 
        2.32486        0.375334        0.274027 
        2.34061         0.36876        0.269358 
        2.35635        0.360137        0.264802 
        2.37203        0.356291        0.260365 
        2.38768        0.351406        0.256039 
        2.40339         0.34656        0.251795 
        2.41914        0.341202        0.247636 
        2.43483        0.335248        0.243585 
         2.4505        0.329074        0.239631 
        2.46622         0.32411         0.23575 
        2.48195        0.321515        0.231954 
        2.49759        0.315699        0.228262 
        2.51328        0.309165        0.224639 
        2.52906        0.305222        0.221072 
        2.54479        0.301112        0.217595 
        2.56049          0.2959        0.214199 
        2.57618        0.292702        0.210877 
        2.59189         0.28818        0.207621 
        2.60758        0.285375        0.204437 
        2.62325        0.280252        0.201324 
        2.63898        0.276644        0.198264 
        2.65468        0.272347        0.195274 
        2.67044        0.268285        0.192332 
        2.68618        0.264179        0.189457 
        2.70184        0.260263        0.186652 
        2.71755        0.256259        0.183896 
        2.73329        0.253594        0.181191 
        2.74897        0.250275        0.178549 
        2.76462        0.246359        0.175965 
        2.78034        0.243614        0.173421 
        2.79607        0.239615        0.170925 
        2.81179        0.236751        0.168479 
        2.82749        0.233519        0.166084 
        2.84321        0.230763        0.163733 
        2.85893        0.227564        0.161427 
        2.87462        0.224319         0.15917 
        2.89033         0.22156        0.156953 
        2.90605        0.218785        0.154776 
        2.92176        0.215681        0.152641 
        2.93747        0.212987        0.150547 
        2.95318        0.210549        0.148492 
        2.96891        0.207898        0.146473 
        2.98456         0.20551        0.144501 
        3.00023        0.202866        0.142562 
        3.01596        0.199781        0.140653 
        3.03164        0.198293        0.138783 
        3.04738         0.19481        0.136942 
         3.0631        0.192981        0.135134 
        3.07883        0.189956        0.133359 
        3.09456        0.188046        0.131615 
        3.11026        0.185938        0.129905 
        3.12596        0.183244        0.128226 
        3.14163        0.181335         0.12658 
        3.15734        0.179804        0.124958 
        3.17308        0.177264        0.123361 
        3.18879        0.175285        0.121796 
        3.20447        0.173126         0.12026 
         3.2202        0.171459        0.118746 
         3.2359        0.169373         0.11726 
        3.25157        0.167356        0.115803 
        3.26729        0.165888        0.114366 
        3.28304        0.164166         0.11295 
        3.29877        0.161951         0.11156 
        3.31446        0.160531        0.110196 
        3.33014        0.158715        0.108856 
        3.34585        0.157771        0.107536 
        3.36158        0.155493        0.106236 
        3.37727        0.154124        0.104961 
        3.39294        0.152389        0.103708 
        3.40867        0.150522        0.102471 
        3.42439        0.149377        0.101255 
        3.44008        0.147525         0.10006 
        3.45578        0.146546        0.098884 
        3.47153        0.144829       0.0977238 
        3.48724         0.14407       0.0965842 
        3.50292        0.142262       0.0954652 
        3.51859         0.14044       0.0943643 
        3.53431        0.139156       0.0932772 
        3.55007        0.138289       0.0922045 
        3.56577        0.136752       0.0911527 
        3.58146        0.135148       0.0901176 
        3.59719        0.134152        0.089096 
        3.61292        0.132896       0.0880905 
        3.62859         0.13127       0.0871042 
        3.64429        0.130353       0.0861309 
        3.66003        0.129242       0.0851695 
        3.67578        0.127967       0.0842229 
        3.69146         0.12703       0.0832941 
        3.70712        0.126035        0.082381 
        3.72284        0.124734        0.081478 
        3.73853        0.124047         0.08059 
        3.75422        0.122439       0.0797147 
        3.76993        0.121735       0.0788517 
        3.78564        0.120551       0.0780016 
        3.80137        0.119211       0.0771626 
        3.81707        0.118629       0.0763375 
        3.83279        0.117633       0.0755238 
        3.84853        0.116603       0.0747205 
        3.86424        0.115343       0.0739303 
        3.87992        0.114878       0.0731527 
        3.89561        0.113607       0.0723861 
        3.91134        0.112882       0.0716288 
        3.92704        0.111671       0.0708831 
        3.94273        0.110686       0.0701487 
        3.95845        0.109655       0.0694233 
        3.97418        0.108821       0.0687078 
        3.98988        0.107898       0.0680034 
        4.00554        0.106578       0.0673106 
        4.02125        0.105831       0.0666255 
        4.03698        0.104645       0.0659487 
        4.05268        0.103845       0.0652828 
        4.06839        0.102436       0.0646255 
         4.0841        0.101078       0.0639773 
        4.09983       0.0997431       0.0633371 
        4.11555       0.0986817       0.0627058 
        4.13124       0.0974333       0.0620848 
        4.14693       0.0968765       0.0614716 
        4.16266       0.0956728       0.0608652 
        4.17839       0.0946228       0.0602672 
        4.19408       0.0937762       0.0596786 
        4.20977       0.0928409       0.0590975 
        4.22551       0.0921265       0.0585227 
        4.24123       0.0910386       0.0579561 
        4.25691       0.0902699       0.0573984 
        4.27259       0.0894199       0.0568478 
        4.28831       0.0888259       0.0563033 
        4.30404       0.0879194       0.0557654 
        4.31974        0.087654       0.0552355 
        4.33543        0.086551       0.0547128 
        4.35116       0.0859282       0.0541956 
        4.36688       0.0851904       0.0536852 
        4.38255        0.084674       0.0531831 
        4.39825       0.0844099       0.0526864 
        4.41398        0.083506        0.052195 
         4.4297       0.0830611       0.0517103 
        4.44541       0.0826055       0.0512318 
        4.46111       0.0823662       0.0507596 
        4.47683       0.0817238        0.050293 
        4.49251       0.0812926       0.0498332 
        4.50819       0.0809734       0.0493792 
         4.5239       0.0808292       0.0489301 
        4.53962       0.0801581        0.048486 
        4.55535       0.0800011       0.0480472 
        4.57106       0.0796554       0.0476144 
        4.58678       0.0795143       0.0471868 
         4.6025       0.0793017       0.0467643 
        4.61821       0.0790545       0.0463469 
        4.63391       0.0789673       0.0459352 
         4.6496       0.0788475       0.0455286 
        4.66532       0.0786895       0.0451262 
        4.68103       0.0788186       0.0447289 
        4.69673       0.0787011       0.0443366 
        4.71241       0.0784872       0.0439494 
        4.72811       0.0784156       0.0435662 
        4.74384       0.0785245        0.043187 
        4.75955        0.078777       0.0428128 
        4.77525       0.0788873       0.0424433 
        4.79096       0.0788051       0.0420776 
        4.80669       0.0787956        0.041716 
         4.8224       0.0790429        0.041359 
        4.83809       0.0791235       0.0410066 
        4.85379       0.0795257        0.040658 
         4.8695       0.0795298       0.0403131 
        4.88521       0.0798694       0.0399724 
        4.90093       0.0800925       0.0396355 
        4.91663        0.080582       0.0393027 
        4.93234        0.080723       0.0389734 
        4.94807       0.0812286       0.0386476 
        4.96377       0.0815685       0.0383261 
        4.97943       0.0822311       0.0380089 
        4.99514       0.0823862       0.0376945 
        5.01086       0.0832273       0.0373833 
        5.02654        0.083424       0.0370764 
        5.04227       0.0841475       0.0367721 
          5.058       0.0848748       0.0364709 
        5.07371       0.0854484       0.0361737 
        5.08942       0.0862391       0.0358798 
        5.10513       0.0867054        0.035589 
        5.12084       0.0873582       0.0353013 
        5.13656       0.0881248       0.0350168 
        5.15225       0.0891966       0.0347359 
        5.16796       0.0899607       0.0344576 
        5.18369       0.0901382       0.0341821 
         5.1994       0.0913324         0.03391 
        5.21509       0.0922933       0.0336412 
        5.23079       0.0936635       0.0333749 
        5.24649        0.094582       0.0331116 
        5.26217       0.0954514       0.0328514 
        5.27788       0.0962586       0.0325936 
        5.29359       0.0974219       0.0323384 
        5.30933       0.0989183       0.0320856 
        5.32504       0.0996933       0.0318359 
        5.34073        0.101168       0.0315892 
        5.35646         0.10241       0.0313445 
        5.37218        0.102912       0.0311023 
        5.38789        0.104841       0.0308631 
        5.40357        0.106197       0.0306266 
        5.41929        0.107582        0.030392 
        5.43502        0.108613       0.0301599 
         5.4507        0.110546       0.0299307 
        5.46639        0.111781       0.0297039 
        5.48212        0.113155       0.0294788 
        5.49786        0.115194       0.0292558 
        5.51353        0.117046       0.0290362 
        5.52921        0.118144       0.0288186 
        5.54495        0.120144       0.0286026 
        5.56066        0.122621        0.028389 
        5.57637        0.124029       0.0281776 
        5.59207        0.126144       0.0279685 
        5.60778        0.127768       0.0277614 
        5.62346        0.130251       0.0275567 
        5.63916        0.132106       0.0273539 
        5.65487        0.133749       0.0271529 
         5.6706        0.136002       0.0269538 
        5.68633        0.139194       0.0267565 
        5.70203        0.141032       0.0265616 
        5.71773        0.143314       0.0263687 
        5.73344        0.144644       0.0261776 
        5.74916        0.147368       0.0259881 
        5.76486        0.149763       0.0258008 
        5.78054        0.153339       0.0256156 
        5.79626        0.154331       0.0254317 
          5.812        0.157336       0.0252494 
         5.8277        0.160213       0.0250693 
        5.84339        0.163615       0.0248911 
        5.85911        0.166101       0.0247142 
        5.87484         0.16744        0.024539 
        5.89053        0.171804       0.0243659 
        5.90623        0.174175       0.0241943 
        5.92195        0.176711       0.0240241 
        5.93767         0.17991       0.0238556 
        5.95336        0.182916        0.023689 
        5.96905        0.186897        0.023524 
        5.98476        0.189765       0.0233604 
        6.00048        0.192903       0.0231982 
        6.01617         0.19568       0.0230378 
        6.03185        0.198454        0.022879 
        6.04756        0.202161       0.0227214 
        6.06331        0.205428       0.0225649 
        6.07903        0.208287       0.0224102 
        6.09473        0.212886       0.0222571 
        6.11044        0.215849       0.0221053 
        6.12616        0.219489       0.0219549 
        6.14186        0.223225        0.021806 
        6.15755        0.226121       0.0216585 
        6.17326        0.230863       0.0215122 
        6.18898        0.234648       0.0213673 
        6.20467        0.239261       0.0212239 
        6.22036        0.241102       0.0210818 
         6.2361         0.24452       0.0209406 
         6.2518        0.248925       0.0208009 
        6.26748        0.252383       0.0206628 
        6.28319        0.256272       0.0205256 
        6.29893        0.259933       0.0203894 
        6.31463        0.266234       0.0202548 
        6.33033        0.268942       0.0201214 
        6.34604        0.271986        0.019989 
        6.36177        0.277209       0.0198578 
        6.37747        0.280506       0.0197279 
        6.39316        0.283488       0.0195993 
        6.40888        0.290782       0.0194715 
         6.4246        0.292756       0.0193449 
        6.44031        0.296291       0.0192195 
        6.45601        0.301966       0.0190953 
        6.47172         0.30386        0.018972 
        6.48744        0.309904       0.0188498 
        6.50313        0.311509       0.0187289 
        6.51882        0.317605       0.0186091 
        6.53452        0.321057       0.0184901 
        6.55025        0.324368       0.0183721 
        6.56597        0.328514       0.0182551 
        6.58166        0.333073       0.0181394 
        6.59736        0.337685       0.0180246 
        6.61307        0.345104       0.0179106 
         6.6288        0.344819       0.0177976 
         6.6445        0.351135       0.0176856 
         6.6602        0.351399       0.0175747 
        6.67592         0.35853       0.0174646 
        6.69164        0.363034       0.0173554 
        6.70735        0.363676       0.0172472 
        6.72304        0.371356         0.01714 
        6.73874        0.373577       0.0170337 
        6.75446        0.377045       0.0169282 
        6.77016        0.381164       0.0168237 
        6.78585        0.385066       0.0167201 
        6.80156        0.389072       0.0166173 
        6.81729        0.390768       0.0165152 
        6.83301        0.394409       0.0164139 
         6.8487        0.399815       0.0163137 
         6.8644        0.403734       0.0162143 
        6.88012        0.405709       0.0161157 
        6.89583        0.410621       0.0160179 
        6.91151        0.414037        0.015921 
        6.92723        0.417518       0.0158247 
        6.94296          0.4211       0.0157292 
        6.95866        0.423141       0.0156346 
        6.97436        0.427094       0.0155408 
        6.99007        0.430762       0.0154477 
        7.00578        0.433751       0.0153553 
        7.02147        0.436584       0.0152639 
        7.03718        0.440404        0.015173 
         7.0529        0.439649       0.0150828 
        7.06863        0.446658       0.0149933 
        7.08433         0.44922       0.0149047 
        7.10004         0.44904       0.0148167 
        7.11575        0.453605       0.0147295 
        7.13145        0.454794        0.014643 
        7.14715        0.456091       0.0145572 
        7.16284        0.461434       0.0144721 
        7.17855        0.463576       0.0143876 
        7.19428        0.465695       0.0143036 
        7.20998        0.467241       0.0142205 
        7.22568        0.472881        0.014138 
        7.24139        0.473663       0.0140562 
        7.25711        0.476203       0.0139749 
        7.27282        0.476506       0.0138943 
        7.28852        0.479621       0.0138144 
        7.30423        0.480299       0.0137351 
        7.31995        0.485213       0.0136564 
        7.33565        0.484131       0.0135783 
        7.35135        0.488693       0.0135008 
        7.36706        0.487339        0.013424 
        7.38277        0.492347       0.0133477 
        7.39847        0.494514        0.013272 
        7.41419        0.497001       0.0131968 
         7.4299        0.495541       0.0131223 
        7.44561        0.495447       0.0130483 
        7.46132        0.499865       0.0129749 
        7.47701        0.499368       0.0129021 
        7.49272        0.501623       0.0128298 
        7.50842        0.503675       0.0127581 
         7.5241        0.501748       0.0126871 
        7.53981        0.505523       0.0126164 
        7.55552        0.506167       0.0125463 
        7.57125        0.507515       0.0124766 
        7.58698         0.50947       0.0124075 
        7.60268        0.507447        0.012339 
         7.6184        0.510807       0.0122709 
        7.63411        0.511883       0.0122034 
        7.64981        0.512127       0.0121364 
        7.66552        0.510896       0.0120699 
        7.68123        0.514849       0.0120038 
        7.69695        0.514975       0.0119383 
        7.71264        0.518357       0.0118733 
        7.72834        0.515313       0.0118088 
        7.74407        0.515891       0.0117446 
        7.75978        0.517338       0.0116809 
        7.77546        0.517795       0.0116179 
        7.79116        0.516314       0.0115553 
         7.8069        0.517671       0.0114929 
         7.8226         0.51901       0.0114312 
        7.83828        0.519066         0.01137 
        7.85399        0.518826       0.0113091 
        7.86972        0.519756       0.0112486 
        7.88543        0.518109       0.0111886 
        7.90111        0.519514       0.0111292 
        7.91681        0.518309       0.0110701 
        7.93255        0.515804       0.0110113 
        7.94828        0.519791       0.0109529 
        7.96397        0.519309       0.0108951 
        7.97967        0.519878       0.0108377 
        7.99538        0.518348       0.0107806 
         8.0111        0.516609        0.010724 
         8.0268        0.518389       0.0106678 
        8.04248        0.519385       0.0106121 
         8.0582        0.520149       0.0105566 
        8.07393        0.520693       0.0105015 
        8.08963        0.523268       0.0104469 
        8.10533        0.523096       0.0103927 
        8.12104        0.519732       0.0103388 
        8.13675        0.524836       0.0102853 
        8.15245         0.52178       0.0102322 
        8.16815        0.524278       0.0101795 
        8.18387        0.524555       0.0101271 
        8.19959        0.525216        0.010075 
         8.2153        0.524687       0.0100234 
        8.23101        0.526793      0.00997209 
        8.24672        0.525387      0.00992115 
        8.26241        0.527057      0.00987064 
         8.2781        0.525015      0.00982047 
        8.29381        0.527964      0.00977058 
        8.30952        0.527531      0.00972104 
        8.32524        0.527466       0.0096718 
        8.34095        0.527449      0.00962293 
        8.35666        0.526837      0.00957442 
        8.37237        0.527433      0.00952621 
        8.38808        0.527624      0.00947834 
        8.40379        0.532158      0.00943081 
         8.4195         0.52903      0.00938361 
         8.4352        0.529202      0.00933673 
        8.45091        0.528995      0.00929017 
        8.46662        0.528572       0.0092439 
        8.48232        0.531357      0.00919798 
        8.49802          0.5328      0.00915237 
        8.51374         0.52998      0.00910701 
        8.52945        0.531784      0.00906198 
        8.54515        0.531535      0.00901729 
        8.56086        0.532955      0.00897285 
        8.57658        0.531947      0.00892871 
        8.59228        0.533919      0.00888491 
        8.60799        0.531998      0.00884135 
        8.62371        0.533841      0.00879808 
        8.63942        0.532407      0.00875512 
        8.65512         0.53371      0.00871246 
        8.67082        0.534537      0.00867009 
        8.68653        0.534491      0.00862797 
        8.70224        0.535293      0.00858613 
        8.71795        0.535966      0.00854458 
        8.73365        0.535546       0.0085033 
        8.74936        0.537801      0.00846228 
        8.76506        0.535561      0.00842157 
        8.78076        0.538275       0.0083811 
        8.79646        0.539334       0.0083409 
        8.81218        0.538294      0.00830093 
        8.82791        0.538548      0.00826118 
         8.8436        0.539259      0.00822177 
         8.8593        0.540125      0.00818262 
        8.87503        0.539373      0.00814363 
        8.89076         0.54103      0.00810492 
        8.90644        0.543355      0.00806655 
        8.92214        0.540324       0.0080284 
        8.93786        0.544241      0.00799043 
        8.95357        0.542324      0.00795274 
        8.96928        0.544068      0.00791529 
        8.98498        0.543463       0.0078781 
        9.00069        0.543882      0.00784112 
        9.01639        0.545271      0.00780439 
        9.03208        0.544362      0.00776793 
        9.04778        0.547189      0.00773167 
        9.06351        0.546155      0.00769559 
        9.07923        0.547459      0.00765975 
        9.09493        0.549615      0.00762418 
        9.11062        0.548249      0.00758885 
        9.12635        0.551032      0.00755368 
        9.14207        0.550146      0.00751874 
        9.15777        0.549317      0.00748405 
        9.17346        0.551195      0.00744961 
        9.18917        0.550461      0.00741533 
         9.2049        0.552648      0.00738124 
        9.22061        0.551369      0.00734739 
        9.23631        0.553377      0.00731378 
        9.25201        0.554493      0.00728037 
        9.26773        0.553168      0.00724715 
        9.28343        0.557796      0.00721414 
        9.29913        0.555412      0.00718135 
        9.31484        0.558391      0.00714876 
        9.33057         0.55874      0.00711631 
        9.34627        0.559937       0.0070841 
        9.36197        0.560973      0.00705213 
        9.37768        0.558593      0.00702031 
        9.39338        0.563004      0.00698871 
        9.40909        0.561089      0.00695729 
        9.42479        0.563606      0.00692608 
         9.4405        0.564062      0.00689505 
        9.45621        0.562606      0.00686419 
        9.47193        0.565035      0.00683353 
        9.48763        0.564038      0.00680308 
        9.50334        0.567189      0.00677279 
        9.51906        0.566668      0.00674269 
        9.53476        0.568533      0.00671279 
        9.55045        0.570161      0.00668307 
        9.56616         0.56782      0.00665352 
        9.58188        0.571756       0.0066241 
        9.59759        0.571196      0.00659488 
         9.6133        0.571294      0.00656583 
        9.62901        0.572071      0.00653694 
        9.64471        0.571306      0.00650823 
        9.66041        0.575217      0.00647968 
        9.67612        0.572943      0.00645127 
        9.69184        0.575455      0.00642302 
        9.70754        0.576781      0.00639497 
        9.72324        0.575542       0.0063671 
        9.73895        0.578648       0.0063394 
        9.75467        0.576353      0.00631186 
        9.77038        0.579916      0.00628452 
        9.78607        0.579276       0.0062574 
        9.80177        0.579524      0.00623045 
        9.81749        0.581951      0.00620366 
         9.8332        0.579283      0.00617708 
         9.8489        0.585187      0.00615069 
        9.86463        0.582696      0.00612443 
        9.88035         0.58409      0.00609831 
        9.89606        0.584291      0.00607236 
        9.91175         0.58502      0.00604653 
        9.92745        0.587786      0.00602079 
        9.94317        0.585356       0.0059951 
        9.95888        0.590433      0.00596948 
        9.97458        0.588711      0.00594392 
        9.99029        0.587625      0.00591837 
         10.006        0.590505      0.00590259 
        10.0217        0.588813      0.00590259 
        10.0374        0.592538      0.00590259 
        10.0531        0.590336      0.00590259 
        10.0688        0.591849      0.00590259 
        10.0845        0.594881      0.00590259 
        10.1002        0.593341      0.00590259 
        10.1159        0.594671      0.00590259 
        10.1317        0.593919      0.00590259 
        10.1474        0.596622      0.00590259 
        10.1631        0.596621      0.00590259 
        10.1788        0.595887      0.00590259 
        10.1945        0.598266      0.00590259 
        10.2102        0.596908      0.00590259 
        10.2259        0.600769      0.00590259 
        10.2416        0.598384      0.00590259 
        10.2573        0.599282      0.00590259 
         10.273         0.60174      0.00590259 
        10.2887        0.599706      0.00590259 
        10.3044         0.60486      0.00590259 
        10.3201        0.599865      0.00590259 
        10.3359        0.603493      0.00590259 
        10.3516        0.604102      0.00590259 
        10.3673        0.604953      0.00590259 
         10.383        0.606946      0.00590259 
        10.3987        0.603995      0.00590259 
        10.4144        0.606695      0.00590259 
        10.4301        0.607122      0.00590259 
        10.4458        0.608292      0.00590259 
        10.4615        0.608279      0.00590259 
        10.4772         0.60709      0.00590259 
        10.4929        0.611842      0.00590259 
        10.5086        0.610733      0.00590259 
        10.5244         0.61065      0.00590259 
        10.5401        0.612665      0.00590259 
        10.5558        0.610653      0.00590259 
        10.5715        0.613746      0.00590259 
        10.5872        0.611597      0.00590259 
        10.6029        0.613793      0.00590259 
        10.6186        0.615535      0.00590259 
        10.6343        0.614368      0.00590259 
          10.65        0.616841      0.00590259 
        10.6657        0.615812      0.00590259 
        10.6814        0.619523      0.00590259 
        10.6971        0.616988      0.00590259 
        10.7129        0.617947      0.00590259 
        10.7286        0.619813      0.00590259 
        10.7443        0.618592      0.00590259 
          10.76        0.622131      0.00590259 
        10.7757        0.620227      0.00590259 
        10.7914        0.621689      0.00590259 
        10.8071          0.6219      0.00590259 
        10.8228        0.622533      0.00590259 
        10.8385        0.624027      0.00590259 
        10.8542          0.6222      0.00590259 
        10.8699        0.625469      0.00590259 
        10.8856        0.624832      0.00590259 
        10.9014        0.625895      0.00590259 
        10.9171        0.627464      0.00590259 
        10.9328        0.625909      0.00590259 
        10.9485        0.628811      0.00590259 
        10.9642        0.627521      0.00590259 
        10.9799        0.629188      0.00590259 
        10.9956        0.630366      0.00590259 
        11.0113        0.629263      0.00590259 
         11.027        0.632378      0.00590259 
        11.0427        0.630643      0.00590259 
        11.0584        0.632142      0.00590259 
        11.0741        0.632801      0.00590259 
        11.0898        0.633007      0.00590259 
        11.1055        0.634712      0.00590259 
        11.1212        0.633082      0.00590259 
         11.137        0.636625      0.00590259 
        11.1527        0.636113      0.00590259 
        11.1684        0.636986      0.00590259 
        11.1841        0.637785      0.00590259 
        11.1998        0.637248      0.00590259 
        11.2155        0.641528      0.00590259 
        11.2312        0.638342      0.00590259 
        11.2469        0.640421      0.00590259 
        11.2626        0.640762      0.00590259 
        11.2783        0.641459      0.00590259 
         11.294        0.642441      0.00590259 
        11.3097        0.641589      0.00590259 
        11.3254        0.643882      0.00590259 
        11.3412        0.643718      0.00590259 
        11.3569         0.64418      0.00590259 
        11.3726        0.646224      0.00590259 
        11.3883        0.644488      0.00590259 
         11.404        0.649101      0.00590259 
        11.4197        0.647001      0.00590259 
        11.4354        0.648434      0.00590259 
        11.4511        0.649478      0.00590259 
        11.4668        0.648809      0.00590259 
        11.4825        0.650845      0.00590259 
        11.4982        0.650563      0.00590259 
         11.514         0.65423      0.00590259 
        11.5297        0.652485      0.00590259 
        11.5454         0.65426      0.00590259 
        11.5611        0.655824      0.00590259 
        11.5768         0.65487      0.00590259 
        11.5925        0.657916      0.00590259 
        11.6082        0.657061      0.00590259 
        11.6239        0.659056      0.00590259 
        11.6396        0.659905      0.00590259 
        11.6553         0.65903      0.00590259 
         11.671        0.662442      0.00590259 
        11.6867        0.660703      0.00590259 
        11.7024        0.663088      0.00590259 
        11.7182         0.66443      0.00590259 
        11.7339        0.665172      0.00590259 
        11.7496        0.665055      0.00590259 
        11.7653        0.666298      0.00590259 
         11.781        0.667844      0.00590259 
        11.7967        0.668968      0.00590259 
        11.8124        0.669787      0.00590259 
        11.8281        0.670661      0.00590259 
        11.8438        0.669483      0.00590259 
        11.8595         0.67383      0.00590259 
        11.8752        0.673138      0.00590259 
         11.891        0.673806      0.00590259 
        11.9067        0.676552      0.00590259 
        11.9224        0.676829      0.00590259 
        11.9381        0.678704      0.00590259 
        11.9538        0.678491      0.00590259 
        11.9695        0.681413      0.00590259 
        11.9852        0.681273      0.00590259 
        12.0009        0.681754      0.00590259 
        12.0166        0.684086      0.00590259 
        12.0323         0.68398      0.00590259 
         12.048        0.686748      0.00590259 
        12.0637        0.684892      0.00590259 
