# k  (h/Mpc)    Pcb(k)  (Mpc/h)^3    Pcb_linear(k) (Mpc/h)^3   ShotnoiseSubtracted = true
      0.0200456         18532.6         18805.3 
      0.0350414         13593.6         13153.8 
      0.0492313         9411.29         9558.35 
      0.0637834            7480         7815.19 
      0.0800726         5645.28         5911.56 
       0.096163         4478.22         4260.26 
       0.111083         3711.12         3492.51 
       0.126058         3042.92         3047.19 
       0.142273         2569.31         2453.55 
       0.158546         2108.02         1941.76 
        0.17375         1890.26         1690.65 
       0.188953         1765.61         1508.69 
       0.204907         1491.11         1279.17 
       0.220756         1340.51         1081.93 
        0.23588         1201.36         966.003 
         0.2514         1076.85         871.648 
       0.267535         1037.13         764.931 
       0.283568         913.316         671.797 
       0.299022         871.419         607.712 
       0.314451         899.484         554.331 
       0.330372         777.483         499.052 
       0.346141         715.452         450.157 
       0.361624         685.247         411.966 
       0.377134         651.417         379.036 
       0.392932         623.591          347.11 
       0.408854         595.338         317.993 
       0.424564         579.492         293.582 
       0.440253         530.262         272.099 
       0.455999         507.018         252.093 
       0.471626         515.148         233.992 
        0.48727         484.943         217.921 
       0.502856         456.416         203.537 
       0.518488         449.727         190.262 
       0.534347         425.175         177.892 
       0.550082         406.852         166.782 
       0.565732         402.682         156.712 
       0.581496         391.276         147.372 
       0.597222         380.695          138.77 
       0.612804         371.196         130.935 
       0.628434         356.524         123.703 
       0.644267         343.631         116.928 
       0.660051          339.15         110.672 
       0.675724         332.165         104.907 
       0.691403         324.979         99.5446 
       0.707174         312.532         94.5251 
       0.722871         307.591         89.8697 
        0.73838         303.293         85.5755 
       0.754018         292.296         81.5278 
       0.769845         291.324         77.6964 
        0.78569         283.851         74.1063 
       0.801365         274.994         70.7771 
       0.817031         272.977         67.6537 
       0.832809         267.379         64.6981 
       0.848511         261.253         61.9314 
       0.864097         254.279         59.3446 
       0.879701         253.344         56.9024 
       0.895507         246.138         54.5681 
       0.911279         240.623          52.369 
        0.92691         237.949         50.3086 
       0.942635         235.908         48.3472 
       0.958396         229.334         46.4856 
       0.974128         226.917          44.725 
       0.989692         218.501         43.0724 
        1.00528         218.388         41.5004 
        1.02113         215.318         39.9819 
        1.03692         210.466         38.5446 
        1.05264         206.558         37.1842 
        1.06832         205.959         35.8913 
        1.08405         200.748         34.6561 
        1.09979         198.908          33.478 
        1.11537         195.387          32.366 
        1.13105         191.928         31.2977 
        1.14679         190.332         30.2732 
        1.16256         187.284         29.2923 
        1.17828         185.321         28.3579 
        1.19395          180.35         27.4672 
         1.2097         179.801           26.61 
        1.22537         178.326         25.7933 
          1.241         173.166         25.0132 
        1.25666         172.158         24.2632 
        1.27241         168.803         23.5403 
        1.28819         166.978         22.8454 
        1.30392          165.06         22.1805 
        1.31957         161.025         21.5448 
        1.33529         158.808         20.9316 
        1.35108         157.817         20.3397 
        1.36674         154.425         19.7747 
         1.3824         153.567         19.2316 
        1.39811          151.41          18.707 
        1.41389         148.235         18.1998 
        1.42964         146.401         17.7122 
        1.44531         145.367         17.2447 
        1.46101         142.438          16.793 
        1.47667         141.865         16.3587 
        1.49229         139.692         15.9408 
        1.50793         137.038          15.537 
        1.52367          135.71         15.1445 
        1.53953         133.025         14.7628 
        1.55526         132.597         14.3972 
        1.57092         131.251         14.0455 
        1.58662         128.114         13.7046 
        1.60235          127.07         13.3742 
        1.61809         125.328         13.0545 
        1.63369         123.297         12.7481 
        1.64941         122.595         12.4492 
        1.66519         120.987         12.1587 
        1.68085         118.633         11.8796 
        1.69652         117.726          11.609 
        1.71228         116.351         11.3453 
        1.72806         115.573         11.0895 
        1.74368         113.755         10.8441 
        1.75933         112.744         10.6056 
        1.77505         111.009         10.3731 
        1.79081         109.316         10.1472 
         1.8065         107.462         9.92883 
        1.82218         106.417         9.71706 
        1.83797         105.945         9.50999 
        1.85367         104.517         9.31004 
        1.86928         103.672           9.117 
        1.88497         101.722         8.92835 
        1.90073         101.057          8.7443 
        1.91647         99.3555         8.56557 
        1.93218         98.4348         8.39217 
        1.94787         96.7386         8.22379 
        1.96363         96.1551         8.05934 
        1.97935         95.1614         7.89968 
        1.99499         94.2976         7.74522 
        2.01064         92.2622         7.59464 
         2.0264         91.5699         7.44708 
        2.04216         89.9454         7.30349 
        2.05781         89.4254         7.16457 
        2.07353         88.3861         7.02873 
        2.08928         87.1318         6.89609 
        2.10499           86.24         6.76721 
        2.12065         85.3994         6.64198 
        2.13633         84.3772         6.51979 
        2.15211         83.1274         6.39986 
        2.16785         82.0638         6.28326 
        2.18349         81.0273         6.17028 
        2.19916         80.1257         6.05981 
        2.21489         79.5011         5.95166 
        2.23063         78.0393         5.84606 
         2.2463         77.5549         5.74347 
        2.26194         76.8084         5.64359 
        2.27765         75.7122         5.54555 
        2.29341         74.9422         5.44956 
        2.30914         74.0465         5.35603 
        2.32486         72.9052         5.26472 
        2.34061         72.2512         5.17538 
        2.35635          71.369         5.08818 
        2.37203         70.4542         5.00327 
        2.38768         69.7644         4.92045 
        2.40339         69.1357          4.8392 
        2.41914         67.8961         4.75958 
        2.43483         67.5306         4.68202 
         2.4505         66.5313          4.6063 
        2.46622         65.9891         4.53198 
        2.48195         65.2342         4.45929 
        2.49759         64.4406         4.38856 
        2.51328         63.6249         4.31918 
        2.52906         62.8763         4.25084 
        2.54479         62.3591         4.18422 
        2.56049         61.5413         4.11915 
        2.57618         60.8166         4.05551 
        2.59189         60.2944          3.9931 
        2.60758          59.447          3.9321 
        2.62325         58.9142         3.87243 
        2.63898         58.3835         3.81379 
        2.65468         57.8245         3.75647 
        2.67044         57.2338         3.70008 
        2.68618         56.6874         3.64496 
        2.70184         56.0279         3.59118 
        2.71755         55.1925         3.53834 
        2.73329         54.6581         3.48647 
        2.74897         54.0791          3.4358 
        2.76462         53.7552         3.38625 
        2.78034         53.1492         3.33745 
        2.79607         52.5425         3.28957 
        2.81179         51.9365         3.24266 
        2.82749         51.3838         3.19672 
        2.84321          51.003         3.15161 
        2.85893         50.4199         3.10737 
        2.87462         49.7681         3.06405 
        2.89033         49.1768         3.02152 
        2.90605         48.5887         2.97974 
        2.92176         48.3028         2.93877 
        2.93747         47.6799         2.89859 
        2.95318         47.2268         2.85914 
        2.96891         46.6005          2.8204 
        2.98456         46.2788         2.78254 
        3.00023         45.6434         2.74532 
        3.01596         45.0969         2.70866 
        3.03164         44.7353         2.67277 
        3.04738         44.4275         2.63741 
         3.0631         43.9261         2.60271 
        3.07883         43.4182         2.56862 
        3.09456         42.9658         2.53514 
        3.11026         42.6359          2.5023 
        3.12596         42.2205         2.47004 
        3.14163         41.5848         2.43843 
        3.15734         41.3172         2.40728 
        3.17308         40.8953          2.3766 
        3.18879          40.622         2.34654 
        3.20447         40.1449         2.31703 
         3.2202         39.7363         2.28794 
         3.2359         39.3944         2.25939 
        3.25157         38.9551          2.2314 
        3.26729         38.6048         2.20379 
        3.28304          38.248         2.17659 
        3.29877         37.7365         2.14988 
        3.31446         37.4788         2.12367 
        3.33014         37.0443         2.09792 
        3.34585         36.6802         2.07255 
        3.36158          36.325         2.04756 
        3.37727          36.013         2.02305 
        3.39294         35.6443         1.99897 
        3.40867         35.3343         1.97519 
        3.42439         34.9716         1.95181 
        3.44008         34.6128         1.92884 
        3.45578         34.2915         1.90623 
        3.47153          34.008         1.88392 
        3.48724           33.66         1.86201 
        3.50292         33.3887         1.84049 
        3.51859         33.0879         1.81932 
        3.53431         32.8339         1.79842 
        3.55007         32.3383         1.77779 
        3.56577         32.2581         1.75756 
        3.58146         31.7918         1.73766 
        3.59719         31.5882         1.71801 
        3.61292         31.2777         1.69867 
        3.62859         30.9739          1.6797 
        3.64429         30.6819         1.66098 
        3.66003         30.3546         1.64248 
        3.67578         30.1146         1.62427 
        3.69146         29.8543         1.60641 
        3.70712         29.5012         1.58884 
        3.72284         29.3067         1.57147 
        3.73853         29.0835         1.55438 
        3.75422         28.8005         1.53754 
        3.76993         28.5378         1.52093 
        3.78564         28.3232         1.50458 
        3.80137         28.0902         1.48843 
        3.81707         27.7928         1.47256 
        3.83279         27.5363          1.4569 
        3.84853         27.2668         1.44144 
        3.86424         26.9959         1.42623 
        3.87992          26.806         1.41126 
        3.89561         26.5166         1.39651 
        3.91134         26.2367         1.38193 
        3.92704          26.005         1.36758 
        3.94273         25.7945         1.35344 
        3.95845         25.6062         1.33948 
        3.97418         25.2793         1.32571 
        3.98988         25.0686         1.31214 
        4.00554         24.8355         1.29881 
        4.02125            24.7         1.28562 
        4.03698         24.4155         1.27259 
        4.05268          24.223         1.25976 
        4.06839          23.994         1.24711 
         4.0841         23.7528         1.23463 
        4.09983         23.5628          1.2223 
        4.11555         23.3286         1.21015 
        4.13124         23.2714         1.19819 
        4.14693         22.9303         1.18638 
        4.16266         22.7629          1.1747 
        4.17839         22.6049         1.16318 
        4.19408         22.3749         1.15185 
        4.20977         22.2352         1.14066 
        4.22551         22.0844         1.12958 
        4.24123         21.8348         1.11867 
        4.25691          21.626         1.10793 
        4.27259         21.4833         1.09732 
        4.28831         21.3082         1.08684 
        4.30404          21.117         1.07647 
        4.31974         20.9158         1.06627 
        4.33543         20.7404          1.0562 
        4.35116          20.609         1.04623 
        4.36688         20.3887          1.0364 
        4.38255          20.247         1.02673 
        4.39825         20.0703         1.01716 
        4.41398         19.9299         1.00769 
         4.4297         19.7275        0.998349 
        4.44541         19.6211        0.989128 
        4.46111         19.3561        0.980031 
        4.47683         19.2317         0.97104 
        4.49251         19.1191        0.962179 
        4.50819         18.9188         0.95343 
         4.5239         18.8003        0.944777 
        4.53962          18.633        0.936219 
        4.55535         18.4784        0.927762 
        4.57106         18.3853         0.91942 
        4.58678         18.1536        0.911179 
         4.6025         17.9871        0.903035 
        4.61821         17.8936        0.894992 
        4.63391         17.7415        0.887056 
         4.6496         17.6183        0.879219 
        4.66532         17.4522        0.871463 
        4.68103         17.3296        0.863804 
        4.69673         17.2025        0.856243 
        4.71241          17.055        0.848779 
        4.72811          16.904        0.841391 
        4.74384         16.7844        0.834081 
        4.75955         16.6575        0.826868 
        4.77525         16.5415        0.819744 
        4.79096         16.3859        0.812694 
        4.80669         16.2682        0.805723 
         4.8224         16.1038        0.798841 
        4.83809         15.9638        0.792045 
        4.85379         15.8457        0.785324 
         4.8695          15.738        0.778675 
        4.88521         15.6529        0.772105 
        4.90093         15.5133        0.765609 
        4.91663         15.3661        0.759193 
        4.93234         15.2668        0.752843 
        4.94807         15.1329         0.74656 
        4.96377         15.0143        0.740361 
        4.97943         14.9207        0.734244 
        4.99514         14.7932         0.72818 
        5.01086         14.6748        0.722179 
        5.02654         14.5682        0.716261 
        5.04227         14.4569        0.710391 
          5.058          14.346        0.704583 
        5.07371         14.2447        0.698851 
        5.08942         14.1533        0.693182 
        5.10513         14.0207        0.687574 
        5.12084          13.919        0.682025 
        5.13656          13.804        0.676537 
        5.15225         13.7258        0.671119 
        5.16796         13.6207        0.665751 
        5.18369         13.4909        0.660436 
         5.1994          13.408        0.655189 
        5.21509         13.2758        0.650002 
        5.23079         13.1814        0.644865 
        5.24649         13.1096        0.639787 
        5.26217          12.974        0.634767 
        5.27788         12.9099        0.629793 
        5.29359         12.7827        0.624871 
        5.30933         12.7219        0.619994 
        5.32504          12.632        0.615177 
        5.34073         12.5259        0.610416 
        5.35646         12.4671        0.605695 
        5.37218          12.343        0.601023 
        5.38789         12.2487        0.596407 
        5.40357         12.1812        0.591844 
        5.41929         12.1033        0.587319 
        5.43502         11.9772         0.58284 
         5.4507         11.8991        0.578418 
        5.46639          11.827        0.574041 
        5.48212         11.7225        0.569698 
        5.49786         11.6299        0.565395 
        5.51353         11.5845        0.561157 
        5.52921         11.4957        0.556958 
        5.54495         11.3909        0.552789 
        5.56066         11.2993        0.548667 
        5.57637         11.2423        0.544588 
        5.59207         11.1843        0.540552 
        5.60778         11.0664        0.536556 
        5.62346         11.0072        0.532606 
        5.63916         10.9345        0.528691 
        5.65487         10.8542        0.524813 
         5.6706         10.7746        0.520969 
        5.68633         10.6895        0.517162 
        5.70203         10.6122        0.513401 
        5.71773         10.5393        0.509677 
        5.73344         10.4713        0.505988 
        5.74916         10.3975        0.502331 
        5.76486         10.3379        0.498716 
        5.78054         10.2636        0.495141 
        5.79626         10.1836        0.491591 
          5.812         10.1076        0.488072 
         5.8277         10.0455        0.484597 
        5.84339         9.96917        0.481156 
        5.85911         9.88299        0.477741 
        5.87484         9.82996         0.47436 
        5.89053         9.75123        0.471017 
        5.90623         9.70235        0.467706 
        5.92195          9.6324         0.46442 
        5.93767         9.57543        0.461167 
        5.95336         9.49273         0.45795 
        5.96905         9.44031        0.454765 
        5.98476         9.39797        0.451606 
        6.00048         9.32074        0.448475 
        6.01617         9.25784        0.445378 
        6.03185          9.1679        0.442313 
        6.04756         9.10745         0.43927 
        6.06331         9.05184        0.436249 
        6.07903         9.00252        0.433262 
        6.09473         8.94528        0.430305 
        6.11044         8.86477        0.427374 
        6.12616          8.8209        0.424469 
        6.14186         8.76435        0.421595 
        6.15755         8.69729        0.418747 
        6.17326         8.63829        0.415923 
        6.18898         8.59726        0.413123 
        6.20467         8.52963        0.410354 
        6.22036         8.47293         0.40761 
         6.2361         8.40267        0.404884 
         6.2518         8.36335        0.402187 
        6.26748         8.29232         0.39952 
        6.28319          8.2658         0.39687 
        6.29893         8.18706        0.394241 
        6.31463           8.122         0.39164 
        6.33033         8.08234        0.389064 
        6.34604          8.0347        0.386508 
        6.36177         7.98746        0.383973 
        6.37747         7.92213        0.381465 
        6.39316         7.87333        0.378981 
        6.40888         7.84089        0.376514 
         6.4246         7.77463        0.374068 
        6.44031         7.71305        0.371646 
        6.45601         7.67155        0.369247 
        6.47172         7.63021        0.366867 
        6.48744         7.57209        0.364507 
        6.50313         7.53277        0.362171 
        6.51882         7.48349        0.359856 
        6.53452         7.43149        0.357559 
        6.55025          7.3864        0.355278 
        6.56597         7.33794         0.35302 
        6.58166         7.30128        0.350784 
        6.59736          7.2515        0.348566 
        6.61307         7.19958        0.346365 
         6.6288         7.15654        0.344181 
         6.6445         7.11756        0.342019 
         6.6602         7.05119        0.339876 
        6.67592         7.01696        0.337749 
        6.69164         6.97647         0.33564 
        6.70735          6.9417        0.333549 
        6.72304         6.89104        0.331479 
        6.73874         6.85284        0.329426 
        6.75446         6.80975        0.327387 
        6.77016         6.76435        0.325368 
        6.78585         6.71652        0.323366 
        6.80156         6.68817         0.32138 
        6.81729         6.63043        0.319407 
        6.83301         6.59029        0.317451 
         6.8487         6.54724        0.315516 
         6.8644         6.51313        0.313595 
        6.88012         6.47752        0.311689 
        6.89583         6.43969          0.3098 
        6.91151         6.40229        0.307928 
        6.92723         6.35912        0.306068 
        6.94296         6.31133        0.304222 
        6.95866          6.2847        0.302394 
        6.97436         6.24781        0.300582 
        6.99007         6.20386        0.298783 
        7.00578         6.16962        0.296999 
        7.02147          6.1323        0.295231 
        7.03718         6.10031        0.293476 
         7.0529         6.05998        0.291733 
        7.06863         6.01967        0.290003 
        7.08433         5.98394         0.28829 
        7.10004         5.94248        0.286591 
        7.11575         5.91128        0.284905 
        7.13145         5.88891        0.283233 
        7.14715         5.85141        0.281575 
        7.16284         5.81512        0.279932 
        7.17855         5.77496        0.278298 
        7.19428         5.74678        0.276675 
        7.20998         5.70312        0.275069 
        7.22568          5.6899        0.273475 
        7.24139         5.65268        0.271893 
        7.25711         5.60867        0.270323 
        7.27282         5.58607        0.268765 
        7.28852         5.54391        0.267222 
        7.30423         5.50208        0.265688 
        7.31995         5.47913        0.264167 
        7.33565         5.45714        0.262658 
        7.35135         5.42379        0.261161 
        7.36706         5.38859        0.259676 
        7.38277          5.3654        0.258201 
        7.39847         5.33397        0.256738 
        7.41419         5.29489        0.255286 
         7.4299         5.26834        0.253845 
        7.44561         5.24459        0.252415 
        7.46132         5.21536        0.250996 
        7.47701         5.17411         0.24959 
        7.49272         5.14715        0.248193 
        7.50842         5.12226        0.246807 
         7.5241         5.08538        0.245433 
        7.53981         5.05722        0.244068 
        7.55552         5.03928        0.242712 
        7.57125         5.00594        0.241365 
        7.58698         4.97419        0.240028 
        7.60268         4.94687        0.238704 
         7.6184         4.93129        0.237389 
        7.63411         4.89516        0.236083 
        7.64981         4.86666        0.234788 
        7.66552         4.84934        0.233503 
        7.68123         4.81884        0.232226 
        7.69695         4.78995        0.230959 
        7.71264         4.76754        0.229703 
        7.72834         4.73635        0.228455 
        7.74407         4.70135        0.227215 
        7.75978         4.68238        0.225985 
        7.77546         4.65609        0.224766 
        7.79116         4.63272        0.223555 
         7.8069         4.60692        0.222351 
         7.8226          4.5856        0.221157 
        7.83828         4.55962        0.219973 
        7.85399         4.53509        0.218797 
        7.86972         4.50624        0.217627 
        7.88543         4.48631        0.216467 
        7.90111         4.45719        0.215318 
        7.91681         4.43266        0.214175 
        7.93255         4.41248        0.213039 
        7.94828          4.3906        0.211911 
        7.96397          4.3612        0.210793 
        7.97967         4.34174        0.209683 
        7.99538         4.31329         0.20858 
         8.0111         4.29391        0.207485 
         8.0268         4.27026        0.206399 
        8.04248         4.24371        0.205321 
         8.0582         4.22737        0.204249 
        8.07393         4.19907        0.203184 
        8.08963         4.18332        0.202128 
        8.10533         4.16069         0.20108 
        8.12104         4.13581        0.200038 
        8.13675         4.11825        0.199003 
        8.15245         4.09141        0.197977 
        8.16815         4.07501        0.196958 
        8.18387         4.04789        0.195945 
        8.19959         4.03249        0.194938 
         8.2153         4.00996        0.193939 
        8.23101         3.98293        0.192948 
        8.24672         3.97313        0.191963 
        8.26241         3.95392        0.190986 
         8.2781         3.92847        0.190016 
        8.29381         3.90773        0.189052 
        8.30952         3.88652        0.188094 
        8.32524         3.87085        0.187142 
        8.34095         3.85301        0.186197 
        8.35666         3.82749        0.185259 
        8.37237         3.81027        0.184327 
        8.38808         3.79732        0.183401 
        8.40379         3.77667        0.182482 
         8.4195         3.75562        0.181569 
         8.4352         3.74138        0.180663 
        8.45091         3.71332        0.179763 
        8.46662         3.69704        0.178868 
        8.48232         3.68374         0.17798 
        8.49802         3.66441        0.177098 
        8.51374         3.64126        0.176221 
        8.52945         3.62274         0.17535 
        8.54515         3.60784        0.174486 
        8.56086         3.58783        0.173627 
        8.57658         3.57533        0.172773 
        8.59228         3.55362        0.171926 
        8.60799         3.53635        0.171084 
        8.62371         3.52588        0.170248 
        8.63942         3.49853        0.169417 
        8.65512         3.48645        0.168592 
        8.67082          3.4693        0.167773 
        8.68653         3.45367        0.166958 
        8.70224         3.44052        0.166149 
        8.71795         3.42061        0.165345 
        8.73365          3.4065        0.164547 
        8.74936         3.39254        0.163754 
        8.76506         3.37048        0.162967 
        8.78076         3.35669        0.162184 
        8.79646         3.33226        0.161407 
        8.81218         3.32149        0.160634 
        8.82791          3.3081        0.159865 
         8.8436         3.29285        0.159103 
         8.8593         3.27857        0.158346 
        8.87503         3.26376        0.157592 
        8.89076         3.24574        0.156843 
        8.90644         3.22704        0.156101 
        8.92214         3.21493        0.155364 
        8.93786         3.19857        0.154629 
        8.95357           3.187          0.1539 
        8.96928         3.16953        0.153176 
        8.98498         3.15522        0.152457 
        9.00069         3.14129        0.151742 
        9.01639         3.12416        0.151031 
        9.03208         3.11578        0.150327 
        9.04778         3.09716        0.149625 
        9.06351         3.08238        0.148928 
        9.07923         3.06762        0.148234 
        9.09493         3.05657        0.147546 
        9.11062         3.03953        0.146863 
        9.12635            3.03        0.146183 
        9.14207         3.01545        0.145507 
        9.15777         2.99848        0.144836 
        9.17346         2.98787         0.14417 
        9.18917         2.97629        0.143507 
         9.2049         2.95985        0.142848 
        9.22061         2.94731        0.142193 
        9.23631         2.93417        0.141543 
        9.25201         2.91958        0.140897 
        9.26773         2.90632        0.140255 
        9.28343         2.89598        0.139616 
        9.29913         2.87997        0.138982 
        9.31484         2.87165        0.138352 
        9.33057         2.85711        0.137724 
        9.34627          2.8478        0.137101 
        9.36197         2.83597        0.136483 
        9.37768         2.82196        0.135868 
        9.39338         2.81136        0.135256 
        9.40909         2.79431        0.134649 
        9.42479         2.78647        0.134045 
         9.4405         2.77386        0.133445 
        9.45621         2.76101        0.132848 
        9.47193         2.74936        0.132255 
        9.48763         2.74165        0.131666 
        9.50334         2.72473         0.13108 
        9.51906         2.71477        0.130498 
        9.53476         2.70144         0.12992 
        9.55045         2.69232        0.129345 
        9.56616         2.68324        0.128773 
        9.58188         2.66847        0.128204 
        9.59759         2.65775        0.127639 
         9.6133         2.64724        0.127077 
        9.62901         2.63872        0.126518 
        9.64471         2.62524        0.125963 
        9.66041         2.61806        0.125411 
        9.67612         2.60455        0.124861 
        9.69184          2.5962        0.124315 
        9.70754          2.5828        0.123773 
        9.72324         2.57352        0.123233 
        9.73895         2.56419        0.122698 
        9.75467         2.55076        0.122165 
        9.77038         2.54059        0.121636 
        9.78607         2.53053        0.121111 
        9.80177          2.5245         0.12059 
        9.81749         2.51099        0.120072 
         9.8332         2.50149        0.119558 
         9.8489         2.49053        0.119047 
        9.86463         2.48527        0.118539 
        9.88035         2.47192        0.118034 
        9.89606         2.46664        0.117532 
        9.91175          2.4537        0.117032 
        9.92745         2.44298        0.116534 
        9.94317         2.43752        0.116037 
        9.95888         2.42841        0.115542 
        9.97458         2.41712        0.115047 
        9.99029          2.4084        0.114553 
         10.006         2.40052        0.114248 
        10.0217         2.38975        0.114248 
        10.0374         2.38085        0.114248 
        10.0531         2.37437        0.114248 
        10.0688         2.36544        0.114248 
        10.0845         2.35144        0.114248 
        10.1002          2.3483        0.114248 
        10.1159         2.33779        0.114248 
        10.1317         2.32815        0.114248 
        10.1474         2.32464        0.114248 
        10.1631         2.31186        0.114248 
        10.1788         2.30635        0.114248 
        10.1945         2.29863        0.114248 
        10.2102         2.29116        0.114248 
        10.2259         2.28105        0.114248 
        10.2416         2.27243        0.114248 
        10.2573         2.26563        0.114248 
         10.273         2.25816        0.114248 
        10.2887         2.24699        0.114248 
        10.3044         2.24272        0.114248 
        10.3201         2.23312        0.114248 
        10.3359          2.2254        0.114248 
        10.3516         2.21924        0.114248 
        10.3673         2.21159        0.114248 
         10.383         2.20666        0.114248 
        10.3987         2.19622        0.114248 
        10.4144          2.1909        0.114248 
        10.4301         2.18101        0.114248 
        10.4458         2.17303        0.114248 
        10.4615         2.16706        0.114248 
        10.4772         2.15938        0.114248 
        10.4929         2.15529        0.114248 
        10.5086         2.14926        0.114248 
        10.5244         2.14023        0.114248 
        10.5401         2.13459        0.114248 
        10.5558         2.12702        0.114248 
        10.5715         2.11963        0.114248 
        10.5872         2.11331        0.114248 
        10.6029         2.10867        0.114248 
        10.6186         2.09897        0.114248 
        10.6343         2.09421        0.114248 
          10.65         2.08762        0.114248 
        10.6657         2.08227        0.114248 
        10.6814         2.07778        0.114248 
        10.6971          2.0681        0.114248 
        10.7129         2.06272        0.114248 
        10.7286          2.0579        0.114248 
        10.7443         2.05172        0.114248 
          10.76         2.04632        0.114248 
        10.7757         2.03924        0.114248 
        10.7914         2.03466        0.114248 
        10.8071         2.02683        0.114248 
        10.8228         2.02339        0.114248 
        10.8385         2.01524        0.114248 
        10.8542         2.01413        0.114248 
        10.8699         2.00852        0.114248 
        10.8856         2.00194        0.114248 
        10.9014         1.99458        0.114248 
        10.9171         1.99184        0.114248 
        10.9328         1.98738        0.114248 
        10.9485         1.98282        0.114248 
        10.9642          1.9777        0.114248 
        10.9799         1.97086        0.114248 
        10.9956         1.96678        0.114248 
        11.0113         1.96224        0.114248 
         11.027         1.95529        0.114248 
        11.0427         1.95187        0.114248 
        11.0584         1.94582        0.114248 
        11.0741         1.94339        0.114248 
        11.0898         1.94031        0.114248 
        11.1055         1.93647        0.114248 
        11.1212         1.93107        0.114248 
         11.137         1.92618        0.114248 
        11.1527         1.92178        0.114248 
        11.1684         1.91838        0.114248 
        11.1841          1.9134        0.114248 
        11.1998         1.90922        0.114248 
        11.2155          1.9026        0.114248 
        11.2312         1.90223        0.114248 
        11.2469         1.89894        0.114248 
        11.2626         1.89374        0.114248 
        11.2783         1.88807        0.114248 
         11.294         1.88676        0.114248 
        11.3097         1.88183        0.114248 
        11.3254         1.87884        0.114248 
        11.3412         1.87429        0.114248 
        11.3569         1.87051        0.114248 
        11.3726         1.86644        0.114248 
        11.3883         1.86427        0.114248 
         11.404         1.85981        0.114248 
        11.4197         1.85887        0.114248 
        11.4354          1.8547        0.114248 
        11.4511         1.85149        0.114248 
        11.4668          1.8476        0.114248 
        11.4825         1.84687        0.114248 
        11.4982          1.8439        0.114248 
         11.514         1.84041        0.114248 
        11.5297         1.83744        0.114248 
        11.5454         1.83393        0.114248 
        11.5611         1.83168        0.114248 
        11.5768         1.82985        0.114248 
        11.5925         1.82713        0.114248 
        11.6082         1.82399        0.114248 
        11.6239         1.82147        0.114248 
        11.6396         1.81966        0.114248 
        11.6553         1.81839        0.114248 
         11.671         1.81602        0.114248 
        11.6867         1.81547        0.114248 
        11.7024         1.80951        0.114248 
        11.7182          1.8092        0.114248 
        11.7339         1.80714        0.114248 
        11.7496         1.80557        0.114248 
        11.7653         1.80565        0.114248 
         11.781         1.80291        0.114248 
        11.7967          1.8022        0.114248 
        11.8124         1.80004        0.114248 
        11.8281         1.79702        0.114248 
        11.8438         1.79399        0.114248 
        11.8595         1.79602        0.114248 
        11.8752         1.79221        0.114248 
         11.891         1.79406        0.114248 
        11.9067         1.79136        0.114248 
        11.9224         1.79046        0.114248 
        11.9381         1.78982        0.114248 
        11.9538         1.78838        0.114248 
        11.9695         1.78727        0.114248 
        11.9852         1.78845        0.114248 
        12.0009         1.78612        0.114248 
        12.0166         1.78564        0.114248 
        12.0323         1.78443        0.114248 
         12.048         1.78422        0.114248 
        12.0637         1.78341        0.114248 
