# k  (h/Mpc)    Pcb(k)  (Mpc/h)^3    Pcb_linear(k) (Mpc/h)^3   ShotnoiseSubtracted = true
      0.0200456         679.456         689.637 
      0.0350414         504.432         506.563 
      0.0492313         365.432         363.874 
      0.0637834         306.841         304.353 
      0.0800726          250.43         249.665 
       0.096163         181.666         182.115 
       0.111083           141.2         141.727 
       0.126058          126.11         125.565 
       0.142273         110.843         110.416 
       0.158546         89.0036         88.1946 
        0.17375         72.2966         72.3076 
       0.188953         65.5303         64.9684 
       0.204907         60.8229         59.2252 
       0.220756         51.7478         51.0119 
        0.23588         44.4241         43.6277 
         0.2514         39.5098         39.0905 
       0.267535         36.4357         35.9638 
       0.283568         32.8516         32.3083 
       0.299022         29.3709         28.6181 
       0.314451         26.1315         25.8557 
       0.330372         24.2988         23.8566 
       0.346141          22.335          21.952 
       0.361624          20.493         19.9865 
       0.377134         18.9514         18.2709 
       0.392932         16.9872         16.9117 
       0.408854         16.2485         15.7132 
       0.424564          15.012         14.5447 
       0.440253         13.8766         13.4581 
       0.455999         13.0427         12.5298 
       0.471626         12.2749         11.7283 
        0.48727         11.4541         10.9767 
       0.502856         10.6734         10.2692 
       0.518488         10.1809         9.62833 
       0.534347         9.68721         9.05087 
       0.550082         8.89856         8.52483 
       0.565732         8.23969         8.03531 
       0.581496         8.01987         7.57854 
       0.597222         7.65454         7.16339 
       0.612804         7.15833         6.78522 
       0.628434         6.89109         6.43174 
       0.644267         6.54164         6.09786 
       0.660051         6.17725         5.78901 
       0.675724         5.88443         5.50511 
       0.691403         5.66722         5.24076 
       0.707174         5.36827          4.9923 
       0.722871         5.12899         4.76093 
        0.73838         4.93587         4.54671 
       0.754018           4.769         4.34406 
       0.769845         4.51899         4.15158 
        0.78569         4.35637         3.97063 
       0.801365         4.16292         3.80231 
       0.817031         4.02007         3.64393 
       0.832809         3.86463         3.49365 
       0.848511         3.66594         3.35263 
       0.864097         3.52117         3.22047 
       0.879701          3.3996         3.09541 
       0.895507         3.27046         2.97561 
       0.911279         3.20279         2.86248 
        0.92691         3.07678         2.75625 
       0.942635         2.94895          2.6549 
       0.958396         2.83861         2.55849 
       0.974128         2.75326         2.46711 
       0.989692         2.68888         2.38115 
        1.00528         2.57441         2.29921 
        1.02113         2.47584         2.21988 
        1.03692          2.4312         2.14464 
        1.05264         2.34168         2.07326 
        1.06832          2.2813         2.00528 
        1.08405         2.17207          1.9402 
        1.09979         2.12398         1.87799 
        1.11537         2.06993         1.81916 
        1.13105          2.0169         1.76253 
        1.14679         1.96227         1.70811 
        1.16256         1.88885         1.65591 
        1.17828         1.84391         1.60608 
        1.19395         1.79162          1.5585 
         1.2097         1.71528         1.51261 
        1.22537         1.68447         1.46882 
          1.241         1.64485         1.42691 
        1.25666         1.62598         1.38655 
        1.27241         1.55043         1.34757 
        1.28819          1.5135         1.31005 
        1.30392         1.48737         1.27407 
        1.31957         1.44929         1.23962 
        1.33529         1.40546         1.20634 
        1.35108         1.37098         1.17415 
        1.36674         1.32469         1.14338 
         1.3824         1.30181         1.11375 
        1.39811         1.26812         1.08509 
        1.41389         1.24413         1.05733 
        1.42964         1.21585         1.03061 
        1.44531         1.18266         1.00494 
        1.46101         1.16257        0.980103 
        1.47667         1.11718        0.956187 
        1.49229         1.10834        0.933142 
        1.50793         1.07747        0.910837 
        1.52367         1.05874        0.889124 
        1.53953         1.02542         0.86798 
        1.55526         1.00621        0.847699 
        1.57092        0.983909        0.828156 
        1.58662        0.967145        0.809188 
        1.60235        0.944751        0.790783 
        1.61809         0.91934        0.772946 
        1.63369         0.91378        0.755823 
        1.64941        0.885474        0.739101 
        1.66519        0.868872        0.722829 
        1.68085        0.843636        0.707167 
        1.69652         0.82934        0.691968 
        1.71228        0.818107        0.677134 
        1.72806        0.794212        0.662727 
        1.74368        0.786308        0.648888 
        1.75933        0.765999        0.635419 
        1.77505        0.752782        0.622273 
        1.79081        0.738586        0.609479 
         1.8065        0.718284        0.597102 
        1.82218        0.710811        0.585083 
        1.83797        0.696308        0.573315 
        1.85367        0.690129        0.561939 
        1.86928         0.67408        0.550942 
        1.88497        0.658792        0.540182 
        1.90073        0.644827        0.529673 
        1.91647         0.63904        0.519454 
        1.93218        0.623282        0.509529 
        1.94787        0.612728         0.49988 
        1.96363        0.600995        0.490445 
        1.97935         0.58954        0.481275 
        1.99499        0.579979        0.472393 
        2.01064        0.569712        0.463724 
         2.0264         0.55907         0.45522 
        2.04216        0.552738        0.446935 
        2.05781        0.542152        0.438911 
        2.07353         0.53087        0.431056 
        2.08928         0.52009        0.423378 
        2.10499        0.514621         0.41591 
        2.12065        0.509446        0.408645 
        2.13633        0.499135        0.401549 
        2.15211        0.489705        0.394577 
        2.16785        0.480842        0.387791 
        2.18349        0.472694        0.381208 
        2.19916        0.466909        0.374766 
        2.21489        0.457933        0.368453 
        2.23063        0.451872        0.362281 
         2.2463        0.446106         0.35628 
        2.26194        0.433567        0.350431 
        2.27765        0.429474        0.344685 
        2.29341        0.424513        0.339053 
        2.30914        0.419794        0.333559 
        2.32486        0.410987        0.328192 
        2.34061        0.404418        0.322934 
        2.35635        0.396837        0.317797 
        2.37203        0.392346        0.312791 
        2.38768        0.386544        0.307903 
        2.40339        0.381662        0.303103 
        2.41914        0.376026        0.298395 
        2.43483        0.370044        0.293805 
         2.4505         0.36339        0.289319 
        2.46622        0.358486        0.284912 
        2.48195        0.355279        0.280598 
        2.49759        0.349909        0.276396 
        2.51328        0.343471        0.272271 
        2.52906        0.340149        0.268203 
        2.54479        0.334028        0.264235 
        2.56049        0.328293        0.260356 
        2.57618        0.324685        0.256558 
        2.59189        0.321489        0.252831 
        2.60758        0.317392        0.249184 
        2.62325        0.311637        0.245614 
        2.63898         0.30835        0.242102 
        2.65468        0.303094        0.238666 
        2.67044         0.29946        0.235284 
        2.68618        0.295162        0.231974 
        2.70184        0.291805        0.228743 
        2.71755        0.286695        0.225565 
        2.73329         0.28356        0.222443 
        2.74897        0.280479        0.219391 
        2.76462        0.276861        0.216403 
        2.78034        0.272796        0.213459 
        2.79607        0.269549        0.210567 
        2.81179        0.266373        0.207732 
        2.82749        0.262662        0.204953 
        2.84321        0.259968        0.202222 
        2.85893        0.256607        0.199542 
        2.87462        0.253021        0.196915 
        2.89033        0.249766        0.194334 
        2.90605        0.247126        0.191797 
        2.92176        0.243835        0.189307 
        2.93747        0.240458        0.186862 
        2.95318        0.238287        0.184461 
        2.96891        0.235136        0.182101 
        2.98456        0.232209        0.179793 
        3.00023        0.230204        0.177522 
        3.01596        0.226878        0.175283 
        3.03164        0.224744         0.17309 
        3.04738        0.220904        0.170928 
         3.0631        0.219563        0.168804 
        3.07883         0.21588        0.166716 
        3.09456        0.213771        0.164664 
        3.11026        0.212121         0.16265 
        3.12596        0.208827         0.16067 
        3.14163        0.207056        0.158728 
        3.15734        0.205238        0.156814 
        3.17308        0.203139        0.154927 
        3.18879          0.2008        0.153076 
        3.20447        0.197263        0.151258 
         3.2202         0.19656        0.149465 
         3.2359        0.193845        0.147703 
        3.25157        0.192192        0.145975 
        3.26729         0.18957        0.144269 
        3.28304        0.188428        0.142588 
        3.29877        0.185986        0.140935 
        3.31446        0.184173        0.139313 
        3.33014        0.182561        0.137717 
        3.34585        0.181566        0.136145 
        3.36158        0.179115        0.134595 
        3.37727        0.177852        0.133073 
        3.39294        0.175472        0.131577 
        3.40867         0.17352        0.130099 
        3.42439        0.172334        0.128644 
        3.44008        0.170031        0.127215 
        3.45578        0.169265        0.125806 
        3.47153        0.167606        0.124416 
        3.48724        0.166078        0.123049 
        3.50292        0.164472        0.121707 
        3.51859         0.16231        0.120384 
        3.53431        0.160839        0.119078 
        3.55007        0.160122        0.117788 
        3.56577        0.157978        0.116522 
        3.58146         0.15672        0.115276 
        3.59719        0.155703        0.114045 
        3.61292        0.154621        0.112832 
        3.62859         0.15292        0.111642 
        3.64429        0.151433        0.110467 
        3.66003        0.150266        0.109305 
        3.67578        0.148995        0.108161 
        3.69146          0.1476        0.107037 
        3.70712        0.146682        0.105932 
        3.72284        0.145415        0.104838 
        3.73853        0.144433        0.103761 
        3.75422        0.143336        0.102699 
        3.76993        0.141873        0.101652 
        3.78564        0.140463        0.100619 
        3.80137        0.139407       0.0995993 
        3.81707        0.138222       0.0985958 
        3.83279        0.137461       0.0976055 
        3.84853        0.135913       0.0966272 
        3.86424         0.13491       0.0956644 
        3.87992        0.133733       0.0947162 
        3.89561        0.132743       0.0937808 
        3.91134        0.131957       0.0928563 
        3.92704        0.130494       0.0919454 
        3.94273        0.129273       0.0910476 
        3.95845        0.128268       0.0901603 
        3.97418        0.127808       0.0892847 
        3.98988        0.125864        0.088422 
        4.00554         0.12551       0.0875731 
        4.02125        0.124112        0.086733 
        4.03698        0.122396       0.0859027 
        4.05268        0.121267       0.0850852 
        4.06839          0.1196       0.0842778 
         4.0841        0.118183       0.0834812 
        4.09983        0.116924       0.0826938 
        4.11555        0.115406        0.081917 
        4.13124        0.113731       0.0811523 
        4.14693        0.112886       0.0803968 
        4.16266        0.111365       0.0796493 
        4.17839        0.110381       0.0789118 
        4.19408        0.109165       0.0781853 
        4.20977        0.108218       0.0774677 
        4.22551        0.107073       0.0767575 
        4.24123        0.105931       0.0760569 
        4.25691        0.104836       0.0753671 
        4.27259          0.1039       0.0746856 
        4.28831        0.102833       0.0740112 
        4.30404        0.102142       0.0733446 
        4.31974        0.101577       0.0726877 
        4.33543        0.100521       0.0720393 
        4.35116       0.0995164       0.0713973 
        4.36688       0.0987157       0.0707633 
        4.38255       0.0977061       0.0701395 
        4.39825       0.0975092       0.0695219 
        4.41398       0.0967786       0.0689106 
         4.4297       0.0960861       0.0683073 
        4.44541       0.0956255       0.0677114 
        4.46111       0.0949646        0.067123 
        4.47683       0.0943424       0.0665413 
        4.49251       0.0938415       0.0659677 
        4.50819       0.0933283       0.0654011 
         4.5239       0.0928532       0.0648403 
        4.53962       0.0925293       0.0642855 
        4.55535       0.0921545       0.0637369 
        4.57106       0.0916806       0.0631956 
        4.58678       0.0911307       0.0626604 
         4.6025       0.0912095       0.0621314 
        4.61821       0.0909774       0.0616086 
        4.63391       0.0906854       0.0610925 
         4.6496       0.0904902       0.0605826 
        4.66532       0.0903457       0.0600778 
        4.68103       0.0901402        0.059579 
        4.69673       0.0898357       0.0590863 
        4.71241       0.0898965       0.0585997 
        4.72811       0.0897388       0.0581179 
        4.74384       0.0897824       0.0576408 
        4.75955       0.0901423       0.0571699 
        4.77525        0.090095       0.0567046 
        4.79096       0.0898516       0.0562439 
        4.80669       0.0897952       0.0557881 
         4.8224       0.0902867       0.0553379 
        4.83809        0.090099       0.0548932 
        4.85379       0.0902427       0.0544531 
         4.8695       0.0904833       0.0540175 
        4.88521       0.0909938       0.0535869 
        4.90093       0.0908574        0.053161 
        4.91663       0.0911853       0.0527401 
        4.93234         0.09133       0.0523234 
        4.94807       0.0920391       0.0519108 
        4.96377       0.0923362       0.0515036 
        4.97943       0.0931032       0.0511016 
        4.99514       0.0929128       0.0507029 
        5.01086       0.0937461       0.0503081 
        5.02654       0.0940813       0.0499186 
        5.04227       0.0947152       0.0495321 
          5.058       0.0951853       0.0491495 
        5.07371       0.0959484       0.0487717 
        5.08942       0.0960646       0.0483979 
        5.10513       0.0970913        0.048028 
        5.12084        0.097679       0.0476618 
        5.13656       0.0980857       0.0472995 
        5.15225       0.0993503       0.0469416 
        5.16796         0.10006       0.0465868 
        5.18369        0.100638       0.0462354 
         5.1994        0.102025       0.0458883 
        5.21509        0.102373       0.0455451 
        5.23079        0.103458       0.0452051 
        5.24649        0.104639       0.0448688 
        5.26217        0.105691       0.0445361 
        5.27788        0.106628       0.0442064 
        5.29359        0.107447         0.04388 
        5.30933        0.108376       0.0435564 
        5.32504        0.109713       0.0432366 
        5.34073        0.110775       0.0429205 
        5.35646        0.111469       0.0426068 
        5.37218        0.113735       0.0422963 
        5.38789        0.114382       0.0419894 
        5.40357         0.11552       0.0416859 
        5.41929        0.117144       0.0413847 
        5.43502        0.118734       0.0410865 
         5.4507         0.11992        0.040792 
        5.46639         0.12141       0.0405003 
        5.48212         0.12304       0.0402108 
        5.49786         0.12449       0.0399238 
        5.51353        0.126389       0.0396411 
        5.52921        0.127198       0.0393608 
        5.54495        0.129831       0.0390824 
        5.56066        0.130813       0.0388071 
        5.57637        0.132973       0.0385344 
        5.59207        0.134991       0.0382647 
        5.60778        0.137009       0.0379974 
        5.62346        0.138949        0.037733 
        5.63916        0.140773        0.037471 
        5.65487        0.142393       0.0372113 
         5.6706        0.144937       0.0369537 
        5.68633        0.146207       0.0366986 
        5.70203        0.148008       0.0364464 
        5.71773        0.151016       0.0361966 
        5.73344        0.152655        0.035949 
        5.74916        0.155692       0.0357035 
        5.76486          0.1578       0.0354607 
        5.78054        0.159688       0.0352205 
        5.79626        0.161929       0.0349819 
          5.812        0.164812       0.0347453 
         5.8277        0.167776       0.0345115 
        5.84339        0.169483       0.0342799 
        5.85911        0.172722       0.0340501 
        5.87484        0.174963       0.0338223 
        5.89053        0.178328       0.0335972 
        5.90623        0.180701       0.0333739 
        5.92195        0.183145       0.0331524 
        5.93767         0.18574       0.0329329 
        5.95336        0.189859       0.0327159 
        5.96905        0.191798       0.0325009 
        5.98476        0.193974       0.0322875 
        6.00048        0.197831        0.032076 
        6.01617        0.199974       0.0318667 
        6.03185        0.204078       0.0316595 
        6.04756          0.2073       0.0314536 
        6.06331        0.209757       0.0312492 
        6.07903        0.213017        0.031047 
        6.09473        0.216542       0.0308468 
        6.11044        0.220147       0.0306482 
        6.12616        0.222115       0.0304514 
        6.14186        0.226308       0.0302565 
        6.15755        0.229184       0.0300634 
        6.17326         0.23389       0.0298718 
        6.18898        0.236083       0.0296818 
        6.20467        0.241189       0.0294938 
        6.22036        0.243986       0.0293074 
         6.2361        0.246136       0.0291222 
         6.2518        0.251163       0.0289389 
        6.26748        0.253862       0.0287575 
        6.28319        0.258004       0.0285772 
        6.29893        0.262273       0.0283984 
        6.31463        0.266369       0.0282213 
        6.33033        0.269974       0.0280459 
        6.34604          0.2724       0.0278718 
        6.36177        0.276946        0.027699 
        6.37747        0.282249       0.0275281 
        6.39316        0.284286       0.0273587 
        6.40888        0.288817       0.0271904 
         6.4246        0.293345       0.0270235 
        6.44031        0.295386       0.0268581 
        6.45601        0.299554       0.0266943 
        6.47172         0.30403       0.0265316 
        6.48744        0.307855       0.0263703 
        6.50313        0.311973       0.0262106 
        6.51882        0.314544       0.0260523 
        6.53452        0.318102       0.0258952 
        6.55025        0.322818       0.0257391 
        6.56597        0.325146       0.0255844 
        6.58166        0.329683       0.0254313 
        6.59736        0.335272       0.0252793 
        6.61307        0.338277       0.0251285 
         6.6288        0.342866       0.0249788 
         6.6445        0.348431       0.0248305 
         6.6602        0.351744       0.0246834 
        6.67592        0.354619       0.0245374 
        6.69164        0.359597       0.0243926 
        6.70735        0.364189       0.0242491 
        6.72304        0.365156       0.0241068 
        6.73874        0.368366       0.0239657 
        6.75446        0.371902       0.0238255 
        6.77016        0.377448       0.0236867 
        6.78585        0.380573       0.0235489 
        6.80156        0.385451       0.0234123 
        6.81729        0.387953       0.0232764 
        6.83301        0.390373       0.0231417 
         6.8487         0.39752       0.0230084 
         6.8644        0.399406        0.022876 
        6.88012        0.403494       0.0227446 
        6.89583        0.405644       0.0226143 
        6.91151        0.409674       0.0224852 
        6.92723        0.412224       0.0223568 
        6.94296        0.415784       0.0222294 
        6.95866        0.419642       0.0221032 
        6.97436         0.42347        0.021978 
        6.99007        0.427259       0.0218537 
        7.00578        0.427775       0.0217304 
        7.02147        0.430161       0.0216081 
        7.03718         0.43517       0.0214867 
         7.0529        0.437286       0.0213661 
        7.06863        0.438992       0.0212464 
        7.08433         0.44568       0.0211278 
        7.10004         0.44447       0.0210101 
        7.11575        0.449594       0.0208933 
        7.13145        0.449615       0.0207774 
        7.14715        0.453442       0.0206625 
        7.16284        0.457006       0.0205485 
        7.17855        0.458839       0.0204352 
        7.19428         0.46187       0.0203226 
        7.20998        0.466718       0.0202111 
        7.22568        0.466466       0.0201004 
        7.24139        0.467348       0.0199905 
        7.25711        0.470358       0.0198814 
        7.27282        0.470789       0.0197731 
        7.28852        0.476972       0.0196658 
        7.30423        0.476277       0.0195591 
        7.31995        0.481319       0.0194533 
        7.33565        0.480889       0.0193483 
        7.35135        0.482804        0.019244 
        7.36706        0.486877       0.0191406 
        7.38277        0.486668       0.0190379 
        7.39847        0.485694       0.0189359 
        7.41419        0.489825       0.0188347 
         7.4299        0.492725       0.0187342 
        7.44561        0.491193       0.0186345 
        7.46132        0.497188       0.0185355 
        7.47701        0.498606       0.0184374 
        7.49272        0.497568       0.0183398 
        7.50842        0.499269        0.018243 
         7.5241        0.498304       0.0181471 
        7.53981         0.49914       0.0180516 
        7.55552        0.502523       0.0179569 
        7.57125        0.505367       0.0178627 
        7.58698        0.502859       0.0177692 
        7.60268        0.505904       0.0176766 
         7.6184        0.507597       0.0175845 
        7.63411        0.507782       0.0174931 
        7.64981        0.508047       0.0174024 
        7.66552        0.510594       0.0173124 
        7.68123        0.509286       0.0172229 
        7.69695        0.511512       0.0171341 
        7.71264        0.510483        0.017046 
        7.72834        0.513292       0.0169585 
        7.74407        0.514038       0.0168715 
        7.75978        0.513162       0.0167852 
        7.77546        0.515322       0.0166996 
        7.79116        0.513558       0.0166146 
         7.8069        0.512763         0.01653 
         7.8226        0.512804       0.0164461 
        7.83828        0.512916       0.0163629 
        7.85399        0.515394       0.0162802 
        7.86972        0.513248       0.0161979 
        7.88543        0.514519       0.0161164 
        7.90111        0.517916       0.0160355 
        7.91681        0.516457       0.0159551 
        7.93255        0.513296        0.015875 
        7.94828        0.516636       0.0157956 
        7.96397        0.514282       0.0157168 
        7.97967        0.517292       0.0156386 
        7.99538        0.514959       0.0155609 
         8.0111        0.514858       0.0154837 
         8.0268        0.515983        0.015407 
        8.04248        0.517808        0.015331 
         8.0582        0.517314       0.0152554 
        8.07393        0.518815       0.0151802 
        8.08963        0.517419       0.0151056 
        8.10533        0.520265       0.0150316 
        8.12104        0.518619       0.0149579 
        8.13675        0.518794       0.0148848 
        8.15245        0.519018       0.0148123 
        8.16815        0.521886       0.0147402 
        8.18387        0.519723       0.0146685 
        8.19959        0.519862       0.0145973 
         8.2153        0.521469       0.0145266 
        8.23101        0.522067       0.0144564 
        8.24672        0.522452       0.0143867 
        8.26241        0.524021       0.0143175 
         8.2781        0.521266       0.0142488 
        8.29381        0.524825       0.0141804 
        8.30952        0.523628       0.0141125 
        8.32524        0.523436        0.014045 
        8.34095        0.523628       0.0139779 
        8.35666         0.52264       0.0139114 
        8.37237        0.526359       0.0138452 
        8.38808        0.523823       0.0137795 
        8.40379        0.524863       0.0137142 
         8.4195        0.526006       0.0136494 
         8.4352         0.52472        0.013585 
        8.45091        0.526344        0.013521 
        8.46662        0.525342       0.0134574 
        8.48232         0.52702       0.0133942 
        8.49802        0.527788       0.0133315 
        8.51374        0.527119       0.0132691 
        8.52945        0.525536       0.0132071 
        8.54515        0.527519       0.0131456 
        8.56086         0.52837       0.0130844 
        8.57658        0.529356       0.0130236 
        8.59228        0.528961       0.0129632 
        8.60799        0.530043       0.0129032 
        8.62371        0.530554       0.0128436 
        8.63942        0.529732       0.0127843 
        8.65512        0.529167       0.0127255 
        8.67082         0.53015        0.012667 
        8.68653        0.530692       0.0126089 
        8.70224        0.531321       0.0125511 
        8.71795        0.530533       0.0124937 
        8.73365        0.530888       0.0124367 
        8.74936        0.534977       0.0123801 
        8.76506        0.532862       0.0123238 
        8.78076        0.533208       0.0122679 
        8.79646        0.534447       0.0122123 
        8.81218        0.532405        0.012157 
        8.82791        0.536018        0.012102 
         8.8436        0.536197       0.0120474 
         8.8593        0.535959       0.0119933 
        8.87503        0.536833       0.0119393 
        8.89076        0.536529       0.0118856 
        8.90644        0.539182       0.0118325 
        8.92214        0.538038       0.0117796 
        8.93786        0.538152        0.011727 
        8.95357        0.538245       0.0116747 
        8.96928        0.539531       0.0116228 
        8.98498        0.541047       0.0115712 
        9.00069        0.539658       0.0115199 
        9.01639        0.542875       0.0114689 
        9.03208        0.540137       0.0114183 
        9.04778        0.543577       0.0113679 
        9.06351         0.54399       0.0113178 
        9.07923        0.540489        0.011268 
        9.09493        0.545786       0.0112186 
        9.11062        0.544234       0.0111695 
        9.12635        0.546996       0.0111206 
        9.14207        0.545051       0.0110719 
        9.15777        0.546341       0.0110237 
        9.17346        0.547641       0.0109758 
        9.18917        0.547255        0.010928 
         9.2049         0.55134       0.0108806 
        9.22061        0.548609       0.0108334 
        9.23631        0.550661       0.0107866 
        9.25201        0.549924       0.0107401 
        9.26773        0.548834       0.0106937 
        9.28343        0.554569       0.0106477 
        9.29913        0.553303        0.010602 
        9.31484        0.553981       0.0105565 
        9.33057        0.555075       0.0105113 
        9.34627        0.554678       0.0104663 
        9.36197        0.557385       0.0104217 
        9.37768        0.554294       0.0103772 
        9.39338        0.559377       0.0103331 
        9.40909         0.55843       0.0102892 
        9.42479        0.559137       0.0102456 
         9.4405        0.560421       0.0102022 
        9.45621        0.559724       0.0101591 
        9.47193        0.561635       0.0101162 
        9.48763        0.560674       0.0100736 
        9.50334         0.56284       0.0100312 
        9.51906        0.563342       0.0099891 
        9.53476        0.563906      0.00994725 
        9.55045        0.566171      0.00990564 
        9.56616        0.564128      0.00986424 
        9.58188        0.566902      0.00982303 
        9.59759        0.567271      0.00978208 
         9.6133        0.567654      0.00974137 
        9.62901        0.568972      0.00970087 
        9.64471        0.568113       0.0096606 
        9.66041        0.571907      0.00962056 
        9.67612        0.569341       0.0095807 
        9.69184        0.573708      0.00954106 
        9.70754        0.573868       0.0095017 
        9.72324        0.571307      0.00946257 
        9.73895        0.574114      0.00942366 
        9.75467        0.573269      0.00938497 
        9.77038        0.577135      0.00934656 
        9.78607        0.575147      0.00930843 
        9.80177        0.576067      0.00927054 
        9.81749          0.5789      0.00923287 
         9.8332        0.577801      0.00919548 
         9.8489        0.581874      0.00915835 
        9.86463        0.579258      0.00912138 
        9.88035        0.581302      0.00908461 
        9.89606        0.581473      0.00904807 
        9.91175        0.580779      0.00901169 
        9.92745        0.583468      0.00897543 
        9.94317        0.582382      0.00893924 
        9.95888        0.585894      0.00890315 
        9.97458        0.585109      0.00886713 
        9.99029        0.584453      0.00883112 
         10.006        0.587395      0.00880889 
        10.0217        0.585332      0.00880889 
        10.0374         0.58945      0.00880889 
        10.0531        0.589549      0.00880889 
        10.0688        0.588363      0.00880889 
        10.0845        0.589659      0.00880889 
        10.1002        0.589153      0.00880889 
        10.1159        0.592869      0.00880889 
        10.1317        0.591389      0.00880889 
        10.1474        0.593321      0.00880889 
        10.1631          0.5947      0.00880889 
        10.1788        0.593244      0.00880889 
        10.1945        0.596345      0.00880889 
        10.2102        0.594498      0.00880889 
        10.2259        0.597751      0.00880889 
        10.2416        0.595968      0.00880889 
        10.2573        0.597522      0.00880889 
         10.273        0.599074      0.00880889 
        10.2887        0.597948      0.00880889 
        10.3044        0.600367      0.00880889 
        10.3201        0.599833      0.00880889 
        10.3359        0.601787      0.00880889 
        10.3516        0.602199      0.00880889 
        10.3673        0.601164      0.00880889 
         10.383        0.604195      0.00880889 
        10.3987         0.60298      0.00880889 
        10.4144        0.605002      0.00880889 
        10.4301        0.604488      0.00880889 
        10.4458        0.605283      0.00880889 
        10.4615         0.60724      0.00880889 
        10.4772        0.604121      0.00880889 
        10.4929        0.609878      0.00880889 
        10.5086        0.608171      0.00880889 
        10.5244        0.609369      0.00880889 
        10.5401        0.610565      0.00880889 
        10.5558        0.608387      0.00880889 
        10.5715        0.612922      0.00880889 
        10.5872         0.60952      0.00880889 
        10.6029        0.612479      0.00880889 
        10.6186        0.612929      0.00880889 
        10.6343         0.61245      0.00880889 
          10.65        0.614573      0.00880889 
        10.6657        0.612531      0.00880889 
        10.6814        0.616326      0.00880889 
        10.6971        0.615806      0.00880889 
        10.7129        0.616072      0.00880889 
        10.7286        0.617886      0.00880889 
        10.7443        0.616592      0.00880889 
          10.76        0.620198      0.00880889 
        10.7757        0.619143      0.00880889 
        10.7914        0.621137      0.00880889 
        10.8071        0.621029      0.00880889 
        10.8228        0.620649      0.00880889 
        10.8385        0.622709      0.00880889 
        10.8542        0.621033      0.00880889 
        10.8699        0.624696      0.00880889 
        10.8856        0.624013      0.00880889 
        10.9014        0.625419      0.00880889 
        10.9171        0.626012      0.00880889 
        10.9328        0.624957      0.00880889 
        10.9485        0.627203      0.00880889 
        10.9642        0.627193      0.00880889 
        10.9799        0.627776      0.00880889 
        10.9956        0.628822      0.00880889 
        11.0113        0.628163      0.00880889 
         11.027        0.630632      0.00880889 
        11.0427        0.630644      0.00880889 
        11.0584         0.63261      0.00880889 
        11.0741        0.632167      0.00880889 
        11.0898        0.633409      0.00880889 
        11.1055        0.635405      0.00880889 
        11.1212        0.633273      0.00880889 
         11.137        0.636086      0.00880889 
        11.1527        0.634188      0.00880889 
        11.1684        0.635483      0.00880889 
        11.1841        0.637033      0.00880889 
        11.1998        0.636938      0.00880889 
        11.2155        0.640407      0.00880889 
        11.2312        0.638467      0.00880889 
        11.2469        0.640333      0.00880889 
        11.2626        0.640445      0.00880889 
        11.2783        0.642013      0.00880889 
         11.294        0.642446      0.00880889 
        11.3097        0.641597      0.00880889 
        11.3254        0.644157      0.00880889 
        11.3412        0.644008      0.00880889 
        11.3569        0.644819      0.00880889 
        11.3726        0.647399      0.00880889 
        11.3883         0.64546      0.00880889 
         11.404        0.649616      0.00880889 
        11.4197        0.648235      0.00880889 
        11.4354        0.648859      0.00880889 
        11.4511         0.64911      0.00880889 
        11.4668        0.650151      0.00880889 
        11.4825        0.652444      0.00880889 
        11.4982        0.652714      0.00880889 
         11.514        0.653671      0.00880889 
        11.5297        0.654133      0.00880889 
        11.5454        0.655395      0.00880889 
        11.5611        0.656663      0.00880889 
        11.5768        0.655046      0.00880889 
        11.5925        0.659026      0.00880889 
        11.6082        0.658061      0.00880889 
        11.6239        0.659586      0.00880889 
        11.6396        0.661197      0.00880889 
        11.6553        0.660479      0.00880889 
         11.671        0.663143      0.00880889 
        11.6867        0.662343      0.00880889 
        11.7024        0.664864      0.00880889 
        11.7182        0.664697      0.00880889 
        11.7339        0.665975      0.00880889 
        11.7496         0.66829      0.00880889 
        11.7653        0.667646      0.00880889 
         11.781        0.669706      0.00880889 
        11.7967        0.669657      0.00880889 
        11.8124        0.670877      0.00880889 
        11.8281        0.672439      0.00880889 
        11.8438        0.671918      0.00880889 
        11.8595        0.675362      0.00880889 
        11.8752        0.675255      0.00880889 
         11.891        0.676284      0.00880889 
        11.9067        0.678551      0.00880889 
        11.9224        0.678274      0.00880889 
        11.9381        0.680003      0.00880889 
        11.9538        0.679984      0.00880889 
        11.9695        0.683033      0.00880889 
        11.9852        0.683874      0.00880889 
        12.0009        0.684588      0.00880889 
        12.0166        0.686666      0.00880889 
        12.0323        0.686602      0.00880889 
         12.048        0.688888      0.00880889 
        12.0637        0.687102      0.00880889 
