# k  (h/Mpc)    Pcb(k)  (Mpc/h)^3    Pcb_linear(k) (Mpc/h)^3   ShotnoiseSubtracted = true
      0.0200456         3704.44         3757.51 
      0.0350414         2632.85         2666.15 
      0.0492313         1961.18         1961.56 
      0.0637834         1636.81         1614.66 
      0.0800726         1244.83         1222.61 
       0.096163         880.922          887.06 
       0.111083         721.259         733.935 
       0.126058          647.01         640.693 
       0.142273         531.023         514.572 
       0.158546         429.322          409.99 
        0.17375          361.93         359.538 
       0.188953         334.331         320.344 
       0.204907         299.517         270.988 
       0.220756          250.44         230.462 
        0.23588          222.69         206.847 
         0.2514         197.032         186.422 
       0.267535         179.689         163.368 
       0.283568         161.248          144.05 
       0.299022         148.443          130.77 
       0.314451         133.384         119.223 
       0.330372         122.784         107.291 
       0.346141         110.575         97.0182 
       0.361624         103.785         89.0023 
       0.377134         97.5168         81.9025 
       0.392932         86.7404         75.0156 
       0.408854         83.2136         68.8352 
       0.424564         78.9819          63.651 
       0.440253         72.9836         59.0286 
       0.455999         68.4878         54.7144 
       0.471626         63.6825         50.8377 
        0.48727          61.075         47.4026 
       0.502856         57.5729         44.3038 
       0.518488         55.0587         41.4383 
       0.534347         52.8098         38.7772 
       0.550082         48.2912         36.3883 
       0.565732         45.4246         34.2147 
       0.581496          44.137         32.1951 
       0.597222         42.6163         30.3366 
       0.612804         39.8874         28.6452 
       0.628434         38.5893         27.0805 
       0.644267         37.4918         25.6131 
       0.660051         35.7324         24.2573 
       0.675724          33.905         23.0071 
       0.691403         32.8171         21.8438 
       0.707174         31.7428         20.7543 
       0.722871         30.4904         19.7432 
        0.73838         29.4395           18.81 
       0.754018         28.1605           17.93 
       0.769845         27.3363         17.0966 
        0.78569         26.4871         16.3152 
       0.801365         25.4583         15.5902 
       0.817031         24.8261         14.9097 
       0.832809         24.3125         14.2654 
       0.848511         22.8528         13.6619 
       0.864097         22.4335         13.0974 
       0.879701         21.8676         12.5642 
       0.895507         21.2957         12.0543 
       0.911279         20.6138         11.5737 
        0.92691         20.1086         11.1232 
       0.942635         19.2991         10.6942 
       0.958396         18.9463         10.2868 
       0.974128         18.3474          9.9013 
       0.989692         18.1445         9.53932 
        1.00528         17.6775         9.19486 
        1.02113         16.9455         8.86198 
        1.03692          16.568         8.54677 
        1.05264         16.2779         8.24831 
        1.06832         15.8318         7.96453 
        1.08405         15.4061         7.69332 
        1.09979         15.0722         7.43454 
        1.11537         14.7885          7.1902 
        1.13105         14.4987         6.95536 
        1.14679         14.2754         6.73008 
        1.16256          13.728         6.51431 
        1.17828         13.6965         6.30869 
        1.19395         13.1926          6.1126 
         1.2097         13.0522         5.92384 
        1.22537         12.7067         5.74393 
          1.241         12.4902         5.57201 
        1.25666         12.1872         5.40668 
        1.27241          11.916         5.24727 
        1.28819         11.6831         5.09399 
        1.30392         11.5779         4.94726 
        1.31957         11.3719         4.80695 
        1.33529         11.1527         4.67154 
        1.35108         10.8821          4.5408 
        1.36674         10.7825         4.41598 
         1.3824         10.4901         4.29595 
        1.39811         10.3282         4.17997 
        1.41389          10.182         4.06781 
        1.42964           10.04         3.95994 
        1.44531         9.90007          3.8565 
        1.46101         9.62882         3.75652 
        1.47667         9.51926         3.66037 
        1.49229         9.38526         3.56783 
        1.50793         9.22353         3.47837 
        1.52367         9.06249         3.39139 
        1.53953         8.93317          3.3068 
        1.55526         8.80229         3.22575 
        1.57092         8.66519         3.14774 
        1.58662         8.55686         3.07212 
        1.60235         8.41115         2.99883 
        1.61809         8.30202         2.92788 
        1.63369         8.17034         2.85985 
        1.64941         8.03006         2.79349 
        1.66519         7.96853         2.72898 
        1.68085         7.82161         2.66696 
        1.69652         7.70182         2.60684 
        1.71228         7.59206         2.54823 
        1.72806         7.53487         2.49136 
        1.74368         7.38527          2.4368 
        1.75933          7.3206         2.38375 
        1.77505         7.21826         2.33202 
        1.79081         7.08143         2.28174 
         1.8065         7.03655         2.23314 
        1.82218         6.90473           2.186 
        1.83797         6.85663         2.13988 
        1.85367         6.73671         2.09535 
        1.86928         6.72929         2.05235 
        1.88497         6.55568         2.01031 
        1.90073         6.51385         1.96929 
        1.91647          6.4546         1.92944 
        1.93218         6.37691         1.89078 
        1.94787         6.27638         1.85323 
        1.96363         6.22352         1.81654 
        1.97935         6.11086         1.78092 
        1.99499         6.03249         1.74645 
        2.01064         5.98189         1.71284 
         2.0264         5.91487          1.6799 
        2.04216         5.84718         1.64783 
        2.05781         5.76564          1.6168 
        2.07353         5.72451         1.58646 
        2.08928         5.66231         1.55682 
        2.10499         5.61532         1.52802 
        2.12065         5.52863         1.50003 
        2.13633         5.49511         1.47271 
        2.15211         5.40823         1.44589 
        2.16785          5.3519         1.41982 
        2.18349         5.29806         1.39454 
        2.19916         5.23763         1.36982 
        2.21489         5.18391         1.34562 
        2.23063          5.1308         1.32199 
         2.2463         5.06959         1.29902 
        2.26194         5.00652         1.27666 
        2.27765         4.98579          1.2547 
        2.29341         4.92128          1.2332 
        2.30914         4.86128         1.21225 
        2.32486         4.79926         1.19179 
        2.34061         4.77662         1.17177 
        2.35635          4.7384         1.15222 
        2.37203         4.68905         1.13318 
        2.38768          4.6276         1.11462 
        2.40339         4.58979         1.09639 
        2.41914         4.52247         1.07853 
        2.43483         4.51601         1.06113 
         2.4505         4.45567         1.04414 
        2.46622         4.42121         1.02747 
        2.48195         4.36049         1.01115 
        2.49759         4.35067        0.995273 
        2.51328         4.29534        0.979694 
        2.52906         4.27417        0.964348 
        2.54479         4.21458        0.949385 
        2.56049         4.18661        0.934768 
        2.57618         4.14199        0.920469 
        2.59189         4.09944        0.906446 
        2.60758         4.08113        0.892736 
        2.62325          4.0281        0.879324 
        2.63898         3.98103         0.86614 
        2.65468         3.95118        0.853252 
        2.67044         3.92117         0.84057 
        2.68618         3.89575        0.828173 
        2.70184         3.84926        0.816074 
        2.71755         3.81922        0.804186 
        2.73329         3.79506        0.792515 
        2.74897         3.78038        0.781112 
        2.76462          3.7374        0.769957 
        2.78034         3.67983        0.758973 
        2.79607         3.66294         0.74819 
        2.81179         3.64213        0.737628 
        2.82749         3.58775        0.727281 
        2.84321         3.58814        0.717119 
        2.85893         3.55067        0.707154 
        2.87462         3.51674        0.697393 
        2.89033         3.49257        0.687807 
        2.90605         3.45884        0.678392 
        2.92176         3.42179        0.669157 
        2.93747         3.39962        0.660097 
        2.95318         3.37722        0.651203 
        2.96891         3.35586        0.642467 
        2.98456         3.32653        0.633929 
        3.00023         3.28767        0.625532 
        3.01596         3.27199        0.617261 
        3.03164         3.25862        0.609163 
        3.04738         3.22206        0.601185 
         3.0631         3.19479        0.593351 
        3.07883         3.17557        0.585656 
        3.09456         3.15325        0.578098 
        3.11026         3.12905        0.570684 
        3.12596         3.09749          0.5634 
        3.14163         3.07191         0.55626 
        3.15734         3.05083        0.549225 
        3.17308         3.03215        0.542295 
        3.18879         3.00898        0.535503 
        3.20447         2.99441        0.528836 
         3.2202         2.95627        0.522261 
         3.2359          2.9498        0.515809 
        3.25157         2.91968         0.50948 
        3.26729         2.90382        0.503238 
        3.28304         2.88278        0.497088 
        3.29877         2.86402        0.491048 
        3.31446         2.83603        0.485121 
        3.33014         2.82627        0.479296 
        3.34585         2.80256        0.473557 
        3.36158         2.78822        0.467903 
        3.37727         2.75486        0.462359 
        3.39294         2.75029        0.456909 
        3.40867         2.72014        0.451527 
        3.42439         2.70281        0.446233 
        3.44008          2.6848        0.441035 
        3.45578         2.66684        0.435915 
        3.47153         2.64916        0.430864 
        3.48724         2.63151        0.425902 
        3.50292         2.61936        0.421029 
        3.51859         2.59988        0.416234 
        3.53431         2.57719        0.411498 
        3.55007         2.56401        0.406824 
        3.56577         2.54934        0.402241 
        3.58146         2.53665        0.397729 
        3.59719         2.51704        0.393277 
        3.61292         2.49899        0.388893 
        3.62859         2.47575        0.384592 
        3.64429          2.4588        0.380348 
        3.66003         2.45454        0.376154 
        3.67578         2.43576        0.372025 
        3.69146         2.41571        0.367972 
        3.70712         2.40458        0.363988 
        3.72284         2.38408        0.360047 
        3.73853         2.37067         0.35617 
        3.75422         2.35746         0.35235 
        3.76993         2.33294        0.348581 
        3.78564         2.32501        0.344869 
        3.80137         2.31293        0.341204 
        3.81707         2.28841          0.3376 
        3.83279         2.27951        0.334045 
        3.84853         2.26799        0.330535 
        3.86424         2.25222        0.327082 
        3.87992         2.23811        0.323683 
        3.89561         2.22207        0.320332 
        3.91134         2.21487        0.317021 
        3.92704         2.19915        0.313761 
        3.94273         2.18246        0.310549 
        3.95845         2.16981        0.307376 
        3.97418         2.15046        0.304247 
        3.98988         2.13768        0.301165 
        4.00554         2.12026        0.298134 
        4.02125         2.10901        0.295135 
        4.03698         2.09894        0.292173 
        4.05268         2.08366        0.289258 
        4.06839         2.07307        0.286381 
         4.0841         2.05964        0.283543 
        4.09983         2.04196        0.280739 
        4.11555         2.03281        0.277974 
        4.13124         2.01652        0.275254 
        4.14693         2.00177        0.272568 
        4.16266         1.99145        0.269911 
        4.17839         1.98097        0.267291 
        4.19408         1.96461        0.264711 
        4.20977         1.94809        0.262164 
        4.22551         1.94207        0.259644 
        4.24123         1.93043         0.25716 
        4.25691         1.91672        0.254715 
        4.27259         1.90522          0.2523 
        4.28831         1.89793        0.249912 
        4.30404         1.88443        0.247552 
        4.31974         1.87117        0.245228 
        4.33543         1.86025        0.242935 
        4.35116         1.84692        0.240665 
        4.36688         1.84155        0.238425 
        4.38255         1.82633        0.236221 
        4.39825         1.81763        0.234041 
        4.41398         1.80522        0.231883 
         4.4297         1.79369        0.229755 
        4.44541         1.78279        0.227654 
        4.46111         1.77326         0.22558 
        4.47683         1.76194        0.223531 
        4.49251         1.75625        0.221511 
        4.50819         1.74651        0.219517 
         4.5239         1.73452        0.217543 
        4.53962         1.72906        0.215592 
        4.55535         1.71695        0.213663 
        4.57106         1.70689        0.211761 
        4.58678         1.70043        0.209881 
         4.6025         1.68908        0.208024 
        4.61821         1.67707        0.206189 
        4.63391         1.67233        0.204378 
         4.6496         1.66017         0.20259 
        4.66532         1.65142         0.20082 
        4.68103         1.64757        0.199072 
        4.69673         1.63725        0.197347 
        4.71241         1.62654        0.195643 
        4.72811         1.61833        0.193957 
        4.74384         1.61293        0.192288 
        4.75955         1.60401        0.190641 
        4.77525         1.59705        0.189015 
        4.79096         1.58786        0.187405 
        4.80669         1.58122        0.185813 
         4.8224         1.57169        0.184241 
        4.83809         1.56647        0.182689 
        4.85379          1.5563        0.181154 
         4.8695         1.54861        0.179635 
        4.88521          1.5417        0.178134 
        4.90093         1.53272        0.176649 
        4.91663         1.52697        0.175183 
        4.93234         1.52113        0.173732 
        4.94807         1.51289        0.172296 
        4.96377         1.50523         0.17088 
        4.97943         1.50097        0.169481 
        4.99514         1.49089        0.168095 
        5.01086         1.48396        0.166723 
        5.02654         1.47684         0.16537 
        5.04227         1.47408        0.164028 
          5.058         1.46804          0.1627 
        5.07371         1.45816        0.161389 
        5.08942         1.45458        0.160093 
        5.10513         1.44513         0.15881 
        5.12084         1.44072        0.157541 
        5.13656         1.43142        0.156285 
        5.15225         1.42792        0.155046 
        5.16796         1.42094        0.153818 
        5.18369         1.41424        0.152601 
         5.1994         1.40977        0.151401 
        5.21509         1.40347        0.150214 
        5.23079         1.39818        0.149038 
        5.24649         1.39139        0.147876 
        5.26217          1.3873        0.146727 
        5.27788         1.37815        0.145588 
        5.29359         1.37731        0.144461 
        5.30933         1.37013        0.143345 
        5.32504         1.36356        0.142242 
        5.34073         1.35937        0.141151 
        5.35646         1.35203         0.14007 
        5.37218          1.3464           0.139 
        5.38789          1.3457        0.137943 
        5.40357         1.33859        0.136898 
        5.41929          1.3304        0.135861 
        5.43502         1.32693        0.134835 
         5.4507         1.32064        0.133822 
        5.46639         1.31953        0.132819 
        5.48212         1.31267        0.131824 
        5.49786         1.30751        0.130838 
        5.51353         1.30043        0.129866 
        5.52921         1.29568        0.128904 
        5.54495         1.29004        0.127948 
        5.56066         1.28568        0.127004 
        5.57637          1.2794        0.126068 
        5.59207         1.27616        0.125143 
        5.60778         1.27015        0.124227 
        5.62346         1.26921        0.123321 
        5.63916         1.26297        0.122423 
        5.65487         1.25839        0.121534 
         5.6706         1.25484        0.120653 
        5.68633         1.24919        0.119779 
        5.70203         1.24446        0.118917 
        5.71773         1.24035        0.118062 
        5.73344         1.23287        0.117216 
        5.74916         1.22878        0.116377 
        5.76486         1.22517        0.115547 
        5.78054         1.22484        0.114727 
        5.79626         1.21841        0.113912 
          5.812         1.21529        0.113105 
         5.8277         1.20765        0.112307 
        5.84339         1.20547        0.111517 
        5.85911         1.20368        0.110734 
        5.87484         1.19854        0.109957 
        5.89053         1.19541         0.10919 
        5.90623         1.19008         0.10843 
        5.92195         1.18724        0.107675 
        5.93767          1.1825        0.106928 
        5.95336         1.17737         0.10619 
        5.96905         1.17479        0.105458 
        5.98476          1.1694        0.104733 
        6.00048         1.16491        0.104014 
        6.01617         1.16312        0.103302 
        6.03185         1.15784        0.102598 
        6.04756         1.15552        0.101899 
        6.06331         1.15005        0.101205 
        6.07903         1.14877        0.100519 
        6.09473         1.14622       0.0998393 
        6.11044         1.14185       0.0991656 
        6.12616         1.13537       0.0984982 
        6.14186         1.13281       0.0978376 
        6.15755         1.13116        0.097183 
        6.17326         1.12561       0.0965339 
        6.18898         1.12359       0.0958903 
        6.20467         1.12129       0.0952537 
        6.22036         1.11695       0.0946229 
         6.2361         1.11184       0.0939961 
         6.2518         1.10774        0.093376 
        6.26748         1.10685       0.0927627 
        6.28319         1.10088       0.0921533 
        6.29893         1.09863       0.0915487 
        6.31463         1.09545       0.0909506 
        6.33033         1.09487        0.090358 
        6.34604         1.08971       0.0897702 
        6.36177         1.08659        0.089187 
        6.37747         1.08344       0.0886101 
        6.39316         1.07997       0.0880385 
        6.40888         1.07704       0.0874709 
         6.4246          1.0734       0.0869082 
        6.44031         1.06862       0.0863507 
        6.45601         1.06764       0.0857988 
        6.47172         1.06367        0.085251 
        6.48744         1.06028       0.0847077 
        6.50313         1.05742       0.0841701 
        6.51882         1.05444       0.0836373 
        6.53452         1.05016       0.0831086 
        6.55025         1.04954       0.0825835 
        6.56597         1.04714       0.0820635 
        6.58166         1.04382       0.0815487 
        6.59736         1.04003        0.081038 
        6.61307         1.03877       0.0805312 
         6.6288         1.03493       0.0800283 
         6.6445         1.03119       0.0795304 
         6.6602         1.02816       0.0790368 
        6.67592         1.02802       0.0785469 
        6.69164         1.02405       0.0780612 
        6.70735         1.02152       0.0775796 
        6.72304         1.01803       0.0771027 
        6.73874         1.01454       0.0766296 
        6.75446         1.01439       0.0761599 
        6.77016         1.01131       0.0756948 
        6.78585          1.0091       0.0752334 
        6.80156         1.00567       0.0747758 
        6.81729          1.0031       0.0743212 
        6.83301        0.999838       0.0738704 
         6.8487        0.998657       0.0734244 
         6.8644        0.995862       0.0729817 
        6.88012        0.992437       0.0725422 
        6.89583        0.990527       0.0721067 
        6.91151        0.989511       0.0716753 
        6.92723        0.985532       0.0712464 
        6.94296        0.984395       0.0708208 
        6.95866        0.979517       0.0703994 
        6.97436        0.977292       0.0699814 
        6.99007        0.976125       0.0695666 
        7.00578        0.972831       0.0691552 
        7.02147        0.972047       0.0687475 
        7.03718         0.96892       0.0683426 
         7.0529        0.967186       0.0679407 
        7.06863        0.963719       0.0675417 
        7.08433        0.961182       0.0671466 
        7.10004        0.959213       0.0667546 
        7.11575        0.957886       0.0663657 
        7.13145        0.955034       0.0659799 
        7.14715        0.950152       0.0655973 
        7.16284        0.949813       0.0652181 
        7.17855        0.949024       0.0648411 
        7.19428        0.946656       0.0644667 
        7.20998        0.943344       0.0640959 
        7.22568        0.942701       0.0637281 
        7.24139        0.938317        0.063363 
        7.25711        0.935223       0.0630006 
        7.27282         0.93504        0.062641 
        7.28852        0.932628       0.0622846 
        7.30423        0.931076       0.0619306 
        7.31995        0.929605       0.0615793 
        7.33565        0.927362        0.061231 
        7.35135        0.923983       0.0608853 
        7.36706        0.922823       0.0605423 
        7.38277        0.921575       0.0602017 
        7.39847          0.9183       0.0598639 
        7.41419        0.918742       0.0595285 
         7.4299        0.914255       0.0591957 
        7.44561        0.912373       0.0588654 
        7.46132         0.91215       0.0585377 
        7.47701        0.907987       0.0582129 
        7.49272        0.904716       0.0578901 
        7.50842        0.904866       0.0575699 
         7.5241        0.901659       0.0572525 
        7.53981        0.900874       0.0569371 
        7.55552        0.899724       0.0566238 
        7.57125        0.899196       0.0563126 
        7.58698        0.895707       0.0560037 
        7.60268        0.892584       0.0556977 
         7.6184        0.890828       0.0553936 
        7.63411        0.890114       0.0550919 
        7.64981        0.888125       0.0547926 
        7.66552        0.885996       0.0544955 
        7.68123        0.884721       0.0542004 
        7.69695        0.882323       0.0539074 
        7.71264        0.881291        0.053617 
        7.72834        0.878576       0.0533286 
        7.74407        0.878058       0.0530419 
        7.75978         0.87654       0.0527574 
        7.77546        0.875634       0.0524756 
        7.79116        0.872836       0.0521956 
         7.8069        0.870972        0.051917 
         7.8226        0.868154       0.0516408 
        7.83828        0.869203       0.0513672 
        7.85399        0.865464       0.0510951 
        7.86972        0.864949       0.0508244 
        7.88543        0.862334       0.0505562 
        7.90111          0.8603       0.0502903 
        7.91681        0.860997        0.050026 
        7.93255        0.857101        0.049763 
        7.94828        0.856856        0.049502 
        7.96397        0.855991       0.0492434 
        7.97967        0.853733       0.0489866 
        7.99538        0.851965       0.0487314 
         8.0111        0.851562        0.048478 
         8.0268        0.849041       0.0482266 
        8.04248        0.848549       0.0479772 
         8.0582        0.846986       0.0477291 
        8.07393         0.84599       0.0474825 
        8.08963        0.844138       0.0472381 
        8.10533        0.842888       0.0469954 
        8.12104        0.840884       0.0467543 
        8.13675        0.839791       0.0465148 
        8.15245        0.838317       0.0462771 
        8.16815        0.838163       0.0460412 
        8.18387        0.836056       0.0458066 
        8.19959        0.835247       0.0455735 
         8.2153        0.833118       0.0453423 
        8.23101        0.832857       0.0451126 
        8.24672        0.831232       0.0448845 
        8.26241        0.829669       0.0446584 
         8.2781        0.828262       0.0444337 
        8.29381        0.826867       0.0442103 
        8.30952         0.82717       0.0439884 
        8.32524        0.825598       0.0437679 
        8.34095        0.824698        0.043549 
        8.35666         0.82284       0.0433317 
        8.37237        0.821895       0.0431157 
        8.38808        0.819774       0.0429013 
        8.40379        0.819544       0.0426883 
         8.4195        0.818227       0.0424769 
         8.4352         0.81744       0.0422668 
        8.45091        0.815559       0.0420582 
        8.46662        0.814301       0.0418509 
        8.48232        0.814987       0.0416451 
        8.49802        0.812914       0.0414407 
        8.51374        0.811251       0.0412374 
        8.52945        0.809922       0.0410356 
        8.54515        0.808865       0.0408353 
        8.56086        0.808546       0.0406361 
        8.57658        0.808546       0.0404382 
        8.59228         0.80693       0.0402419 
        8.60799        0.804878       0.0400466 
        8.62371         0.80473       0.0398526 
        8.63942        0.802867         0.03966 
        8.65512        0.802645       0.0394687 
        8.67082        0.801083       0.0392787 
        8.68653         0.79978       0.0390898 
        8.70224        0.798763       0.0389022 
        8.71795        0.798158       0.0387159 
        8.73365        0.797096       0.0385307 
        8.74936        0.797131       0.0383468 
        8.76506        0.796344       0.0381641 
        8.78076         0.79495       0.0379826 
        8.79646        0.794763       0.0378023 
        8.81218        0.794705        0.037623 
        8.82791        0.793132       0.0374446 
         8.8436          0.7907       0.0372678 
         8.8593        0.789695       0.0370922 
        8.87503        0.789856       0.0369173 
        8.89076        0.789161       0.0367435 
        8.90644        0.788325       0.0365714 
        8.92214         0.78668       0.0364002 
        8.93786        0.786453       0.0362298 
        8.95357        0.784613       0.0360606 
        8.96928        0.783895       0.0358925 
        8.98498        0.783231       0.0357256 
        9.00069        0.782344       0.0355596 
        9.01639        0.782269       0.0353947 
        9.03208        0.780818       0.0352311 
        9.04778        0.779801       0.0350683 
        9.06351        0.779681       0.0349063 
        9.07923        0.778089       0.0347454 
        9.09493        0.777479       0.0345856 
        9.11062        0.777804        0.034427 
        9.12635         0.77646       0.0342691 
        9.14207        0.775186       0.0341122 
        9.15777         0.77425       0.0339564 
        9.17346        0.774008       0.0338017 
        9.18917        0.773321       0.0336477 
         9.2049        0.772428       0.0334946 
        9.22061        0.772055       0.0333426 
        9.23631         0.77139       0.0331916 
        9.25201        0.770775       0.0330415 
        9.26773        0.769964       0.0328923 
        9.28343        0.768977        0.032744 
        9.29913        0.769283       0.0325967 
        9.31484        0.767469       0.0324502 
        9.33057        0.767087       0.0323044 
        9.34627        0.766256       0.0321597 
        9.36197        0.765396        0.032016 
        9.37768        0.765346        0.031873 
        9.39338        0.765367        0.031731 
        9.40909        0.763666       0.0315898 
        9.42479        0.763702       0.0314495 
         9.4405         0.76316         0.03131 
        9.45621        0.762906       0.0311713 
        9.47193        0.762013       0.0310335 
        9.48763        0.760978       0.0308966 
        9.50334        0.760717       0.0307604 
        9.51906        0.759794       0.0306251 
        9.53476        0.759439       0.0304907 
        9.55045        0.759817       0.0303571 
        9.56616         0.75854       0.0302242 
        9.58188        0.758232       0.0300919 
        9.59759        0.757921       0.0299605 
         9.6133        0.756673       0.0298298 
        9.62901        0.757255       0.0296999 
        9.64471        0.756344       0.0295708 
        9.66041        0.755675       0.0294424 
        9.67612        0.755218       0.0293146 
        9.69184        0.754167       0.0291875 
        9.70754        0.754884       0.0290613 
        9.72324        0.753697        0.028936 
        9.73895        0.754112       0.0288113 
        9.75467         0.75375       0.0286874 
        9.77038        0.752342       0.0285644 
        9.78607        0.752169       0.0284423 
        9.80177        0.751747       0.0283211 
        9.81749        0.751704       0.0282005 
         9.8332        0.750276       0.0280809 
         9.8489        0.751509       0.0279621 
        9.86463        0.750617       0.0278439 
        9.88035        0.749847       0.0277264 
        9.89606        0.749309       0.0276095 
        9.91175        0.749568       0.0274933 
        9.92745        0.748356       0.0273774 
        9.94317        0.747801       0.0272618 
        9.95888        0.748127       0.0271464 
        9.97458        0.748253       0.0270313 
        9.99029        0.747658       0.0269163 
         10.006        0.747774       0.0268453 
        10.0217         0.74667       0.0268453 
        10.0374         0.74621       0.0268453 
        10.0531        0.745878       0.0268453 
        10.0688        0.745521       0.0268453 
        10.0845         0.74617       0.0268453 
        10.1002          0.7459       0.0268453 
        10.1159        0.746096       0.0268453 
        10.1317        0.744786       0.0268453 
        10.1474        0.745401       0.0268453 
        10.1631        0.745193       0.0268453 
        10.1788        0.744569       0.0268453 
        10.1945        0.744991       0.0268453 
        10.2102        0.744196       0.0268453 
        10.2259        0.743861       0.0268453 
        10.2416        0.743472       0.0268453 
        10.2573        0.743419       0.0268453 
         10.273        0.743257       0.0268453 
        10.2887        0.742415       0.0268453 
        10.3044        0.742997       0.0268453 
        10.3201        0.742796       0.0268453 
        10.3359          0.7423       0.0268453 
        10.3516        0.742473       0.0268453 
        10.3673        0.742247       0.0268453 
         10.383        0.741912       0.0268453 
        10.3987        0.742153       0.0268453 
        10.4144        0.741629       0.0268453 
        10.4301        0.742889       0.0268453 
        10.4458        0.741207       0.0268453 
        10.4615        0.742069       0.0268453 
        10.4772        0.742188       0.0268453 
        10.4929         0.74112       0.0268453 
        10.5086        0.741684       0.0268453 
        10.5244        0.741476       0.0268453 
        10.5401        0.742153       0.0268453 
        10.5558        0.742044       0.0268453 
        10.5715        0.742011       0.0268453 
        10.5872        0.741488       0.0268453 
        10.6029        0.742421       0.0268453 
        10.6186        0.741624       0.0268453 
        10.6343        0.741898       0.0268453 
          10.65        0.741546       0.0268453 
        10.6657        0.742043       0.0268453 
        10.6814        0.742614       0.0268453 
        10.6971        0.742214       0.0268453 
        10.7129        0.742557       0.0268453 
        10.7286         0.74217       0.0268453 
        10.7443        0.743045       0.0268453 
          10.76        0.742966       0.0268453 
        10.7757        0.742385       0.0268453 
        10.7914        0.743473       0.0268453 
        10.8071         0.74256       0.0268453 
        10.8228        0.743583       0.0268453 
        10.8385        0.742725       0.0268453 
        10.8542        0.744025       0.0268453 
        10.8699        0.744057       0.0268453 
        10.8856        0.743746       0.0268453 
        10.9014        0.744258       0.0268453 
        10.9171        0.744522       0.0268453 
        10.9328         0.74469       0.0268453 
        10.9485        0.744589       0.0268453 
        10.9642        0.744922       0.0268453 
        10.9799        0.745592       0.0268453 
        10.9956        0.745688       0.0268453 
        11.0113        0.746108       0.0268453 
         11.027        0.746617       0.0268453 
        11.0427        0.746447       0.0268453 
        11.0584        0.747785       0.0268453 
        11.0741        0.748267       0.0268453 
        11.0898        0.748456       0.0268453 
        11.1055        0.747898       0.0268453 
        11.1212        0.748658       0.0268453 
         11.137        0.749069       0.0268453 
        11.1527        0.749714       0.0268453 
        11.1684        0.749583       0.0268453 
        11.1841        0.750538       0.0268453 
        11.1998        0.750337       0.0268453 
        11.2155        0.751322       0.0268453 
        11.2312        0.751313       0.0268453 
        11.2469        0.753121       0.0268453 
        11.2626         0.75312       0.0268453 
        11.2783        0.754095       0.0268453 
         11.294        0.754738       0.0268453 
        11.3097        0.754102       0.0268453 
        11.3254        0.755179       0.0268453 
        11.3412        0.756026       0.0268453 
        11.3569        0.755911       0.0268453 
        11.3726        0.756445       0.0268453 
        11.3883        0.757194       0.0268453 
         11.404        0.758385       0.0268453 
        11.4197        0.758711       0.0268453 
        11.4354        0.759644       0.0268453 
        11.4511        0.760608       0.0268453 
        11.4668        0.761856       0.0268453 
        11.4825        0.760882       0.0268453 
        11.4982        0.762162       0.0268453 
         11.514         0.76362       0.0268453 
        11.5297         0.76459       0.0268453 
        11.5454         0.76433       0.0268453 
        11.5611        0.765996       0.0268453 
        11.5768        0.766917       0.0268453 
        11.5925        0.766973       0.0268453 
        11.6082        0.767889       0.0268453 
        11.6239        0.768889       0.0268453 
        11.6396        0.769922       0.0268453 
        11.6553        0.770576       0.0268453 
         11.671        0.771699       0.0268453 
        11.6867        0.773171       0.0268453 
        11.7024        0.773378       0.0268453 
        11.7182        0.774201       0.0268453 
        11.7339        0.774892       0.0268453 
        11.7496        0.776874       0.0268453 
        11.7653        0.777492       0.0268453 
         11.781        0.779254       0.0268453 
        11.7967        0.779994       0.0268453 
        11.8124        0.780477       0.0268453 
        11.8281        0.781679       0.0268453 
        11.8438        0.783742       0.0268453 
        11.8595        0.784411       0.0268453 
        11.8752        0.785264       0.0268453 
         11.891        0.786027       0.0268453 
        11.9067         0.78753       0.0268453 
        11.9224         0.78912       0.0268453 
        11.9381        0.790286       0.0268453 
        11.9538        0.792751       0.0268453 
        11.9695          0.7922       0.0268453 
        11.9852        0.793442       0.0268453 
        12.0009        0.796117       0.0268453 
        12.0166        0.796761       0.0268453 
        12.0323        0.798286       0.0268453 
         12.048        0.799708       0.0268453 
        12.0637        0.800128       0.0268453 
