# k  (h/Mpc)    Pcb(k)  (Mpc/h)^3    Pcb_linear(k) (Mpc/h)^3   ShotnoiseSubtracted = true
      0.0200456          5536.7         5620.82 
      0.0350414         3920.82         3988.26 
      0.0492313         2927.77         2934.27 
      0.0637834         2454.42         2415.35 
      0.0800726         1867.07         1828.89 
       0.096163         1314.46         1326.94 
       0.111083         1075.66         1097.89 
       0.126058         970.493         958.407 
       0.142273         800.315         769.743 
       0.158546         652.963         613.301 
        0.17375         545.622         537.829 
       0.188953         509.615         479.199 
       0.204907         460.762         405.368 
       0.220756         386.468         344.745 
        0.23588          343.19         309.421 
         0.2514           302.2         278.867 
       0.267535         279.934         244.381 
       0.283568         252.344         215.484 
       0.299022         233.233         195.618 
       0.314451         211.822         178.345 
       0.330372          195.08         160.496 
       0.346141         175.164         145.129 
       0.361624         165.991         133.138 
       0.377134         155.764         122.517 
       0.392932         140.701         112.215 
       0.408854         134.768          102.97 
       0.424564         128.819         95.2149 
       0.440253         120.188         88.3002 
       0.455999         112.763         81.8468 
       0.471626          104.28         76.0476 
        0.48727         100.779         70.9091 
       0.502856         95.8539         66.2736 
       0.518488          92.447         61.9871 
       0.534347         88.4854         58.0064 
       0.550082         81.3769         54.4329 
       0.565732         77.5623         51.1815 
       0.581496         74.7852         48.1603 
       0.597222         72.2157         45.3802 
       0.612804         68.2362         42.8501 
       0.628434         66.4999         40.5095 
       0.644267         64.3275         38.3144 
       0.660051         62.1255         36.2863 
       0.675724         59.3675         34.4161 
       0.691403         57.5415          32.676 
       0.707174          55.625         31.0461 
       0.722871         53.8883         29.5336 
        0.73838         52.4643         28.1377 
       0.754018         49.8639         26.8213 
       0.769845         48.6902         25.5746 
        0.78569         47.3736         24.4058 
       0.801365         45.5962         23.3213 
       0.817031         44.4233         22.3033 
       0.832809         43.6728         21.3395 
       0.848511          41.402         20.4368 
       0.864097         40.5175         19.5923 
       0.879701          39.745         18.7947 
       0.895507         39.1196          18.032 
       0.911279         37.8959          17.313 
        0.92691         36.9968         16.6391 
       0.942635         35.6029         15.9973 
       0.958396         35.3184         15.3879 
       0.974128         34.2624         14.8113 
       0.989692         33.7263         14.2698 
        1.00528          32.955         13.7545 
        1.02113         31.8463         13.2565 
        1.03692         31.1603          12.785 
        1.05264         30.7711         12.3386 
        1.06832         29.8766         11.9141 
        1.08405         29.3827         11.5084 
        1.09979         28.7922         11.1213 
        1.11537          27.934         10.7558 
        1.13105         27.8538         10.4045 
        1.14679         27.3946         10.0675 
        1.16256          26.519         9.74469 
        1.17828         26.1304          9.4371 
        1.19395         25.5486         9.14378 
         1.2097         25.3276         8.86141 
        1.22537         24.8888         8.59228 
          1.241         24.2945         8.33512 
        1.25666         23.6853          8.0878 
        1.27241          23.425         7.84934 
        1.28819         22.8053         7.62005 
        1.30392         22.5956         7.40056 
        1.31957         22.4051         7.19066 
        1.33529         22.1018         6.98811 
        1.35108         21.5731         6.79254 
        1.36674         21.2101         6.60582 
         1.3824         20.7768         6.42627 
        1.39811          20.579         6.25277 
        1.41389         20.3468           6.085 
        1.42964         19.9306         5.92364 
        1.44531         19.8166          5.7689 
        1.46101         19.2949         5.61934 
        1.47667         19.0686         5.47551 
        1.49229         18.8748         5.33708 
        1.50793            18.6         5.20326 
        1.52367         18.3612         5.07315 
        1.53953         18.1738          4.9466 
        1.55526         17.8173         4.82537 
        1.57092          17.531         4.70868 
        1.58662         17.3453         4.59556 
        1.60235         17.1209         4.48592 
        1.61809         16.9098         4.37979 
        1.63369         16.7052         4.27802 
        1.64941         16.3468         4.17875 
        1.66519         16.2847         4.08225 
        1.68085         16.0127         3.98948 
        1.69652         15.8049         3.89955 
        1.71228         15.6522         3.81187 
        1.72806         15.4465         3.72681 
        1.74368         15.2232         3.64518 
        1.75933          15.065         3.56582 
        1.77505         14.8907         3.48845 
        1.79081         14.6739         3.41323 
         1.8065         14.5908         3.34053 
        1.82218         14.3263         3.27001 
        1.83797         14.1029         3.20103 
        1.85367         13.9781         3.13441 
        1.86928         13.8798         3.07008 
        1.88497         13.6508          3.0072 
        1.90073         13.6248         2.94584 
        1.91647         13.3935         2.88623 
        1.93218         13.2565          2.8284 
        1.94787         13.1371         2.77223 
        1.96363         13.0187         2.71735 
        1.97935         12.8511         2.66406 
        1.99499         12.6553          2.6125 
        2.01064          12.553         2.56222 
         2.0264         12.3939         2.51294 
        2.04216         12.2646         2.46498 
        2.05781         12.0826         2.41856 
        2.07353         11.9923         2.37317 
        2.08928         11.8769         2.32884 
        2.10499         11.7431         2.28575 
        2.12065         11.5567         2.24388 
        2.13633         11.5544         2.20301 
        2.15211          11.357          2.1629 
        2.16785         11.3214         2.12389 
        2.18349         11.2179         2.08608 
        2.19916         11.0521         2.04911 
        2.21489         10.9723          2.0129 
        2.23063         10.8422         1.97755 
         2.2463         10.7172         1.94319 
        2.26194         10.6208         1.90974 
        2.27765         10.5728         1.87689 
        2.29341          10.428         1.84473 
        2.30914         10.2728         1.81339 
        2.32486         10.2422         1.78279 
        2.34061         10.1289         1.75283 
        2.35635         10.0207         1.72359 
        2.37203         9.96486         1.69512 
        2.38768         9.80649         1.66734 
        2.40339         9.70394         1.64008 
        2.41914         9.61841         1.61337 
        2.43483         9.58503         1.58734 
         2.4505          9.4716         1.56193 
        2.46622         9.37975         1.53698 
        2.48195         9.32646         1.51257 
        2.49759         9.21449         1.48882 
        2.51328         9.10831         1.46551 
        2.52906         9.03996         1.44256 
        2.54479         8.93921         1.42018 
        2.56049         8.92227         1.39831 
        2.57618         8.83749         1.37692 
        2.59189         8.70131         1.35594 
        2.60758         8.68747         1.33543 
        2.62325         8.62082         1.31537 
        2.63898         8.47578         1.29565 
        2.65468         8.39684         1.27637 
        2.67044         8.34021          1.2574 
        2.68618         8.24383         1.23886 
        2.70184          8.2048         1.22076 
        2.71755         8.11926         1.20297 
        2.73329         8.02231         1.18551 
        2.74897          7.9847         1.16846 
        2.76462         7.95555         1.15177 
        2.78034         7.80412         1.13534 
        2.79607         7.78085         1.11921 
        2.81179         7.70408         1.10341 
        2.82749          7.6724         1.08793 
        2.84321         7.58991         1.07273 
        2.85893         7.52965         1.05782 
        2.87462         7.46518         1.04322 
        2.89033         7.37223         1.02888 
        2.90605         7.31738          1.0148 
        2.92176         7.27461         1.00098 
        2.93747          7.2153        0.987433 
        2.95318         7.17021        0.974127 
        2.96891         7.09945        0.961059 
        2.98456         7.02099        0.948287 
        3.00023         6.98076        0.935728 
        3.01596         6.93283        0.923355 
        3.03164         6.89508         0.91124 
        3.04738         6.83885        0.899306 
         3.0631         6.75022        0.887588 
        3.07883         6.71963        0.876077 
        3.09456         6.66444        0.864771 
        3.11026         6.59495        0.853681 
        3.12596         6.56684        0.842785 
        3.14163         6.49188        0.832103 
        3.15734         6.45436        0.821581 
        3.17308         6.40303        0.811214 
        3.18879         6.33787        0.801053 
        3.20447          6.2976         0.79108 
         3.2202         6.23138        0.781245 
         3.2359         6.20108        0.771593 
        3.25157         6.15367        0.762126 
        3.26729         6.12104        0.752789 
        3.28304         6.04552        0.743589 
        3.29877         6.00263        0.734553 
        3.31446         5.96998        0.725687 
        3.33014         5.91042        0.716974 
        3.34585         5.90109        0.708389 
        3.36158         5.83899        0.699932 
        3.37727         5.80292        0.691638 
        3.39294         5.76168        0.683486 
        3.40867         5.69146        0.675434 
        3.42439         5.66419        0.667516 
        3.44008         5.61293         0.65974 
        3.45578         5.57116         0.65208 
        3.47153          5.5438        0.644525 
        3.48724         5.49826        0.637102 
        3.50292         5.47144        0.629813 
        3.51859         5.41939         0.62264 
        3.53431         5.37005        0.615556 
        3.55007         5.35109        0.608564 
        3.56577         5.30993        0.601708 
        3.58146         5.27594        0.594959 
        3.59719         5.22461        0.588298 
        3.61292         5.20267        0.581741 
        3.62859          5.1556        0.575307 
        3.64429          5.1171        0.568958 
        3.66003         5.06677        0.562685 
        3.67578         5.05478        0.556508 
        3.69146         4.99484        0.550446 
        3.70712         4.98799        0.544485 
        3.72284         4.92715         0.53859 
        3.73853         4.90219        0.532792 
        3.75422         4.86057        0.527076 
        3.76993          4.8418        0.521439 
        3.78564         4.79114        0.515886 
        3.80137         4.77081        0.510404 
        3.81707         4.73203        0.505013 
        3.83279         4.71013        0.499695 
        3.84853         4.65894        0.494444 
        3.86424         4.62338        0.489279 
        3.87992         4.59874        0.484195 
        3.89561         4.56428        0.479182 
        3.91134         4.53005        0.474229 
        3.92704         4.50159        0.469352 
        3.94273         4.46829        0.464548 
        3.95845         4.44031        0.459801 
        3.97418         4.41353         0.45512 
        3.98988         4.37599         0.45051 
        4.00554          4.3553        0.445975 
        4.02125         4.31934         0.44149 
        4.03698         4.28566        0.437059 
        4.05268         4.25766        0.432698 
        4.06839         4.23802        0.428394 
         4.0841         4.20707        0.424149 
        4.09983         4.17143        0.419955 
        4.11555         4.13325        0.415819 
        4.13124         4.11089         0.41175 
        4.14693         4.07082        0.407731 
        4.16266         4.03997        0.403757 
        4.17839         4.01701        0.399837 
        4.19408         3.97916        0.395978 
        4.20977         3.96232        0.392168 
        4.22551          3.9255        0.388399 
        4.24123         3.90527        0.384683 
        4.25691          3.8854        0.381025 
        4.27259         3.86179        0.377413 
        4.28831         3.83189        0.373841 
        4.30404         3.79959        0.370311 
        4.31974         3.77546        0.366834 
        4.33543         3.74507        0.363404 
        4.35116         3.72086        0.360008 
        4.36688          3.6834        0.356657 
        4.38255         3.66043        0.353361 
        4.39825          3.6507          0.3501 
        4.41398         3.62396        0.346872 
         4.4297         3.59731        0.343689 
        4.44541         3.57608        0.340545 
        4.46111         3.55727        0.337444 
        4.47683         3.51124        0.334378 
        4.49251         3.50793        0.331356 
        4.50819         3.47752        0.328373 
         4.5239         3.45461        0.325421 
        4.53962         3.44453        0.322502 
        4.55535         3.41819        0.319617 
        4.57106         3.39884        0.316771 
        4.58678         3.37232        0.313959 
         4.6025          3.3566        0.311181 
        4.61821         3.32867        0.308436 
        4.63391         3.30815        0.305727 
         4.6496         3.29178        0.303052 
        4.66532         3.26451        0.300405 
        4.68103         3.23963         0.29779 
        4.69673         3.22531        0.295209 
        4.71241         3.19829        0.292661 
        4.72811         3.18807        0.290138 
        4.74384         3.17509        0.287642 
        4.75955          3.1412        0.285178 
        4.77525         3.11648        0.282745 
        4.79096         3.09831        0.280337 
        4.80669         3.08436        0.277955 
         4.8224         3.06865        0.275604 
        4.83809         3.04831        0.273282 
        4.85379           3.031        0.270986 
         4.8695         3.00961        0.268714 
        4.88521         2.98624        0.266468 
        4.90093         2.98004        0.264248 
        4.91663         2.95721        0.262055 
        4.93234         2.94105        0.259884 
        4.94807         2.92504        0.257737 
        4.96377         2.89529        0.255617 
        4.97943         2.88032        0.253526 
        4.99514           2.862        0.251452 
        5.01086          2.8507          0.2494 
        5.02654           2.831        0.247376 
        5.04227         2.81273        0.245368 
          5.058         2.80306        0.243381 
        5.07371         2.78234        0.241421 
        5.08942         2.76728        0.239481 
        5.10513         2.74689        0.237562 
        5.12084         2.72933        0.235663 
        5.13656         2.71824        0.233786 
        5.15225          2.7001        0.231931 
        5.16796         2.68761        0.230094 
        5.18369         2.67203        0.228275 
         5.1994         2.65175        0.226479 
        5.21509         2.64042        0.224703 
        5.23079         2.62231        0.222945 
        5.24649         2.61041        0.221206 
        5.26217         2.59439        0.219487 
        5.27788          2.5758        0.217784 
        5.29359         2.56164        0.216098 
        5.30933         2.54915        0.214428 
        5.32504         2.53303        0.212778 
        5.34073         2.51544        0.211147 
        5.35646         2.50835         0.20953 
        5.37218          2.4877        0.207929 
        5.38789         2.47512        0.206347 
        5.40357         2.46304        0.204784 
        5.41929         2.44671        0.203233 
        5.43502          2.4361        0.201698 
         5.4507         2.42436        0.200183 
        5.46639         2.40808        0.198682 
        5.48212         2.39271        0.197194 
        5.49786         2.37835        0.195719 
        5.51353         2.36593        0.194266 
        5.52921         2.35851        0.192826 
        5.54495         2.34153        0.191397 
        5.56066         2.32912        0.189983 
        5.57637         2.31709        0.188584 
        5.59207         2.30451        0.187201 
        5.60778         2.29493         0.18583 
        5.62346         2.27914        0.184475 
        5.63916         2.26473        0.183132 
        5.65487           2.254        0.181802 
         5.6706          2.2396        0.180483 
        5.68633         2.22832        0.179177 
        5.70203         2.22104        0.177886 
        5.71773         2.20325        0.176608 
        5.73344         2.18878        0.175342 
        5.74916         2.18001        0.174087 
        5.76486         2.17346        0.172846 
        5.78054         2.15752        0.171619 
        5.79626         2.14979          0.1704 
          5.812          2.1375        0.169192 
         5.8277         2.12807        0.167999 
        5.84339          2.1135        0.166818 
        5.85911         2.10663        0.165645 
        5.87484         2.09523        0.164484 
        5.89053         2.08115        0.163336 
        5.90623         2.07273        0.162199 
        5.92195         2.06171         0.16107 
        5.93767         2.04641        0.159953 
        5.95336         2.03916        0.158848 
        5.96905         2.02945        0.157754 
        5.98476         2.01784        0.156668 
        6.00048         2.00979        0.155593 
        6.01617         1.99642        0.154529 
        6.03185         1.98749        0.153476 
        6.04756         1.97434         0.15243 
        6.06331         1.96497        0.151391 
        6.07903         1.95575        0.150365 
        6.09473         1.95055        0.149349 
        6.11044         1.93389        0.148341 
        6.12616         1.92576        0.147342 
        6.14186         1.91852        0.146354 
        6.15755         1.91101        0.145375 
        6.17326         1.90195        0.144404 
        6.18898          1.8928        0.143441 
        6.20467         1.88119        0.142489 
        6.22036         1.87126        0.141545 
         6.2361         1.86593        0.140608 
         6.2518         1.85567         0.13968 
        6.26748         1.84222        0.138763 
        6.28319         1.83428        0.137851 
        6.29893         1.82831        0.136947 
        6.31463         1.82014        0.136052 
        6.33033         1.80708        0.135166 
        6.34604         1.80108        0.134286 
        6.36177         1.79296        0.133414 
        6.37747         1.78441        0.132551 
        6.39316         1.77639        0.131696 
        6.40888         1.76659        0.130847 
         6.4246         1.76144        0.130005 
        6.44031         1.75263        0.129171 
        6.45601         1.73976        0.128346 
        6.47172         1.73206        0.127526 
        6.48744         1.72744        0.126713 
        6.50313         1.72026        0.125909 
        6.51882         1.71141        0.125112 
        6.53452         1.70301        0.124321 
        6.55025         1.69637        0.123536 
        6.56597         1.68972        0.122758 
        6.58166          1.6791        0.121988 
        6.59736          1.6722        0.121224 
        6.61307         1.66383        0.120466 
         6.6288         1.65693        0.119714 
         6.6445         1.64805        0.118969 
         6.6602         1.64364         0.11823 
        6.67592         1.63927        0.117497 
        6.69164         1.63096        0.116771 
        6.70735         1.62493        0.116051 
        6.72304          1.6155        0.115337 
        6.73874         1.61047        0.114629 
        6.75446         1.60185        0.113927 
        6.77016         1.59347        0.113231 
        6.78585         1.58961        0.112541 
        6.80156          1.5807        0.111856 
        6.81729         1.57491        0.111176 
        6.83301         1.56904        0.110502 
         6.8487         1.56281        0.109835 
         6.8644         1.55377        0.109173 
        6.88012         1.54884        0.108515 
        6.89583          1.5448        0.107864 
        6.91151         1.53627        0.107218 
        6.92723         1.52677        0.106577 
        6.94296          1.5223         0.10594 
        6.95866         1.51291         0.10531 
        6.97436         1.50978        0.104685 
        6.99007         1.50426        0.104064 
        7.00578          1.4975        0.103449 
        7.02147         1.49162        0.102839 
        7.03718         1.48662        0.102233 
         7.0529         1.47813        0.101632 
        7.06863         1.47248        0.101035 
        7.08433         1.46819        0.100444 
        7.10004         1.45802       0.0998576 
        7.11575         1.45573       0.0992758 
        7.13145         1.44917       0.0986987 
        7.14715         1.44017       0.0981263 
        7.16284         1.43548       0.0975591 
        7.17855          1.4344       0.0969951 
        7.19428         1.42733        0.096435 
        7.20998         1.42153       0.0958805 
        7.22568         1.41546       0.0953303 
        7.24139         1.40992        0.094784 
        7.25711         1.40472       0.0942419 
        7.27282         1.39789        0.093704 
        7.28852          1.3921       0.0931709 
        7.30423         1.38628       0.0926413 
        7.31995          1.3823       0.0921159 
        7.33565         1.37584       0.0915948 
        7.35135         1.37054       0.0910777 
        7.36706         1.36499       0.0905647 
        7.38277         1.36253       0.0900551 
        7.39847         1.35701       0.0895498 
        7.41419         1.35256       0.0890481 
         7.4299         1.34706       0.0885502 
        7.44561         1.34161       0.0880562 
        7.46132         1.33638        0.087566 
        7.47701         1.33111       0.0870801 
        7.49272          1.3264       0.0865972 
        7.50842         1.32092       0.0861182 
         7.5241         1.31786       0.0856435 
        7.53981         1.31315       0.0851716 
        7.55552         1.30737        0.084703 
        7.57125         1.30322       0.0842375 
        7.58698         1.29874       0.0837754 
        7.60268         1.29302       0.0833176 
         7.6184         1.28858       0.0828628 
        7.63411         1.28512       0.0824114 
        7.64981         1.28064       0.0819637 
        7.66552         1.27676       0.0815193 
        7.68123         1.27238       0.0810779 
        7.69695         1.26561       0.0806396 
        7.71264         1.25984       0.0802051 
        7.72834         1.26001       0.0797738 
        7.74407         1.25413       0.0793448 
        7.75978         1.24942       0.0789192 
        7.77546         1.24489       0.0784977 
        7.79116          1.2402       0.0780789 
         7.8069         1.23677       0.0776621 
         7.8226         1.23494        0.077249 
        7.83828         1.22897       0.0768396 
        7.85399         1.22469       0.0764326 
        7.86972         1.22025       0.0760277 
        7.88543         1.21701       0.0756265 
        7.90111         1.21294       0.0752288 
        7.91681         1.20932       0.0748334 
        7.93255         1.20345         0.07444 
        7.94828         1.20109       0.0740496 
        7.96397         1.19558       0.0736627 
        7.97967         1.19379       0.0732785 
        7.99538         1.18837       0.0728968 
         8.0111         1.18716       0.0725178 
         8.0268          1.1811       0.0721416 
        8.04248         1.17977       0.0717686 
         8.0582         1.17448       0.0713974 
        8.07393         1.17467       0.0710285 
        8.08963         1.16792       0.0706629 
        8.10533         1.16475          0.0703 
        8.12104         1.16128       0.0699392 
        8.13675         1.15862        0.069581 
        8.15245         1.15613       0.0692255 
        8.16815         1.14985       0.0688726 
        8.18387          1.1472       0.0685216 
        8.19959         1.14557        0.068173 
         8.2153         1.13956        0.067827 
        8.23101         1.13797       0.0674835 
        8.24672         1.13548       0.0671423 
        8.26241         1.13103        0.066804 
         8.2781         1.12854       0.0664679 
        8.29381         1.12582       0.0661337 
        8.30952         1.12156       0.0658018 
        8.32524         1.11779       0.0654719 
        8.34095         1.11488       0.0651445 
        8.35666         1.11092       0.0648194 
        8.37237         1.10758       0.0644964 
        8.38808         1.10563       0.0641756 
        8.40379         1.10212       0.0638571 
         8.4195         1.09899       0.0635407 
         8.4352          1.0957       0.0632265 
        8.45091         1.09309       0.0629144 
        8.46662         1.09146       0.0626043 
        8.48232         1.08707       0.0622965 
        8.49802          1.0848       0.0619907 
        8.51374         1.08118       0.0616866 
        8.52945         1.07867       0.0613847 
        8.54515         1.07504       0.0610851 
        8.56086         1.07262       0.0607871 
        8.57658         1.07068       0.0604911 
        8.59228         1.06633       0.0601974 
        8.60799         1.06376       0.0599053 
        8.62371          1.0607       0.0596151 
        8.63942         1.05787        0.059327 
        8.65512         1.05586       0.0590409 
        8.67082         1.05349       0.0587566 
        8.68653         1.05084       0.0584741 
        8.70224         1.04903       0.0581934 
        8.71795          1.0469       0.0579147 
        8.73365         1.04379       0.0576377 
        8.74936         1.04095       0.0573625 
        8.76506         1.03774       0.0570894 
        8.78076         1.03501       0.0568178 
        8.79646          1.0339       0.0565481 
        8.81218         1.03074       0.0562799 
        8.82791         1.02814       0.0560131 
         8.8436         1.02496       0.0557486 
         8.8593         1.02385       0.0554859 
        8.87503         1.02107       0.0552241 
        8.89076         1.01862       0.0549643 
        8.90644          1.0158       0.0547067 
        8.92214         1.01292       0.0544506 
        8.93786          1.0108       0.0541958 
        8.95357         1.01008       0.0539427 
        8.96928         1.00711       0.0536913 
        8.98498         1.00561       0.0534415 
        9.00069         1.00252       0.0531933 
        9.01639         1.00017       0.0529466 
        9.03208        0.999517       0.0527018 
        9.04778        0.996315       0.0524583 
        9.06351        0.995217       0.0522159 
        9.07923        0.990955       0.0519752 
        9.09493        0.989358       0.0517363 
        9.11062        0.987716        0.051499 
        9.12635        0.985314       0.0512628 
        9.14207        0.982271        0.051028 
        9.15777        0.980892        0.050795 
        9.17346        0.980593       0.0505636 
        9.18917        0.977376       0.0503333 
         9.2049        0.975217       0.0501043 
        9.22061        0.973954       0.0498768 
        9.23631        0.971041        0.049651 
        9.25201        0.968769       0.0494265 
        9.26773        0.966971       0.0492032 
        9.28343        0.965132       0.0489814 
        9.29913         0.96339        0.048761 
        9.31484        0.962466       0.0485419 
        9.33057        0.959952       0.0483238 
        9.34627        0.958053       0.0481074 
        9.36197        0.956371       0.0478924 
        9.37768         0.95297       0.0476785 
        9.39338        0.952759       0.0474661 
        9.40909        0.950389       0.0472549 
        9.42479        0.948518        0.047045 
         9.4405        0.946424       0.0468364 
        9.45621        0.944059       0.0466289 
        9.47193        0.943095       0.0464227 
        9.48763        0.942445       0.0462179 
        9.50334        0.939948       0.0460142 
        9.51906         0.93772       0.0458118 
        9.53476        0.936772       0.0456107 
        9.55045        0.934698       0.0454108 
        9.56616        0.933312        0.045212 
        9.58188        0.930641       0.0450142 
        9.59759        0.930097       0.0448176 
         9.6133        0.929601       0.0446221 
        9.62901        0.926789       0.0444278 
        9.64471        0.926201       0.0442346 
        9.66041        0.924197       0.0440425 
        9.67612        0.920996       0.0438514 
        9.69184        0.920576       0.0436613 
        9.70754        0.920156       0.0434726 
        9.72324        0.917315        0.043285 
        9.73895        0.916446       0.0430986 
        9.75467        0.915283       0.0429132 
        9.77038        0.914255       0.0427292 
        9.78607        0.911923       0.0425466 
        9.80177        0.910493       0.0423652 
        9.81749        0.909593       0.0421849 
         9.8332        0.908402       0.0420059 
         9.8489         0.90715       0.0418283 
        9.86463        0.906014       0.0416514 
        9.88035        0.904438       0.0414756 
        9.89606        0.903848       0.0413008 
        9.91175        0.900672       0.0411269 
        9.92745        0.900556       0.0409536 
        9.94317        0.899625       0.0407806 
        9.95888        0.897483       0.0406081 
        9.97458        0.897223       0.0404359 
        9.99029        0.895772       0.0402638 
         10.006        0.894117       0.0401575 
        10.0217        0.892655       0.0401575 
        10.0374        0.892047       0.0401575 
        10.0531        0.890737       0.0401575 
        10.0688         0.88841       0.0401575 
        10.0845        0.889651       0.0401575 
        10.1002        0.887246       0.0401575 
        10.1159        0.887132       0.0401575 
        10.1317        0.885415       0.0401575 
        10.1474        0.884143       0.0401575 
        10.1631          0.8831       0.0401575 
        10.1788        0.881885       0.0401575 
        10.1945        0.881148       0.0401575 
        10.2102         0.87944       0.0401575 
        10.2259        0.877586       0.0401575 
        10.2416        0.877986       0.0401575 
        10.2573        0.876655       0.0401575 
         10.273        0.876085       0.0401575 
        10.2887        0.874705       0.0401575 
        10.3044        0.875123       0.0401575 
        10.3201        0.873613       0.0401575 
        10.3359        0.873169       0.0401575 
        10.3516        0.872536       0.0401575 
        10.3673        0.871412       0.0401575 
         10.383        0.869998       0.0401575 
        10.3987        0.869232       0.0401575 
        10.4144        0.869079       0.0401575 
        10.4301        0.866648       0.0401575 
        10.4458         0.86677       0.0401575 
        10.4615        0.865318       0.0401575 
        10.4772        0.864522       0.0401575 
        10.4929        0.864586       0.0401575 
        10.5086        0.864367       0.0401575 
        10.5244        0.863653       0.0401575 
        10.5401        0.862326       0.0401575 
        10.5558        0.862403       0.0401575 
        10.5715        0.861876       0.0401575 
        10.5872        0.860443       0.0401575 
        10.6029        0.861208       0.0401575 
        10.6186        0.859774       0.0401575 
        10.6343        0.858755       0.0401575 
          10.65        0.858383       0.0401575 
        10.6657        0.857736       0.0401575 
        10.6814        0.857743       0.0401575 
        10.6971        0.856653       0.0401575 
        10.7129        0.857038       0.0401575 
        10.7286        0.856454       0.0401575 
        10.7443        0.855595       0.0401575 
          10.76        0.855197       0.0401575 
        10.7757        0.853832       0.0401575 
        10.7914        0.853813       0.0401575 
        10.8071        0.854302       0.0401575 
        10.8228        0.853402       0.0401575 
        10.8385        0.852529       0.0401575 
        10.8542        0.853179       0.0401575 
        10.8699        0.852417       0.0401575 
        10.8856        0.851551       0.0401575 
        10.9014        0.852128       0.0401575 
        10.9171        0.851088       0.0401575 
        10.9328        0.851866       0.0401575 
        10.9485         0.85042       0.0401575 
        10.9642        0.851195       0.0401575 
        10.9799        0.850164       0.0401575 
        10.9956        0.849602       0.0401575 
        11.0113        0.849321       0.0401575 
         11.027        0.849525       0.0401575 
        11.0427        0.849689       0.0401575 
        11.0584        0.850975       0.0401575 
        11.0741        0.849316       0.0401575 
        11.0898        0.850702       0.0401575 
        11.1055        0.850316       0.0401575 
        11.1212        0.849187       0.0401575 
         11.137        0.848957       0.0401575 
        11.1527        0.848538       0.0401575 
        11.1684        0.849417       0.0401575 
        11.1841         0.84914       0.0401575 
        11.1998        0.849025       0.0401575 
        11.2155        0.850379       0.0401575 
        11.2312        0.849842       0.0401575 
        11.2469        0.849649       0.0401575 
        11.2626        0.849647       0.0401575 
        11.2783        0.849298       0.0401575 
         11.294        0.849286       0.0401575 
        11.3097        0.850203       0.0401575 
        11.3254        0.851157       0.0401575 
        11.3412        0.850735       0.0401575 
        11.3569        0.850937       0.0401575 
        11.3726        0.850771       0.0401575 
        11.3883        0.851187       0.0401575 
         11.404        0.851666       0.0401575 
        11.4197        0.852392       0.0401575 
        11.4354        0.852174       0.0401575 
        11.4511        0.852839       0.0401575 
        11.4668        0.851979       0.0401575 
        11.4825        0.853834       0.0401575 
        11.4982        0.853816       0.0401575 
         11.514        0.853674       0.0401575 
        11.5297        0.854528       0.0401575 
        11.5454        0.855548       0.0401575 
        11.5611        0.855201       0.0401575 
        11.5768        0.856309       0.0401575 
        11.5925        0.856492       0.0401575 
        11.6082        0.857089       0.0401575 
        11.6239        0.858122       0.0401575 
        11.6396        0.858088       0.0401575 
        11.6553        0.858799       0.0401575 
         11.671        0.860078       0.0401575 
        11.6867        0.859375       0.0401575 
        11.7024        0.861264       0.0401575 
        11.7182        0.861131       0.0401575 
        11.7339        0.861953       0.0401575 
        11.7496        0.862618       0.0401575 
        11.7653        0.864552       0.0401575 
         11.781        0.865046       0.0401575 
        11.7967        0.865959       0.0401575 
        11.8124        0.866174       0.0401575 
        11.8281        0.866992       0.0401575 
        11.8438        0.868329       0.0401575 
        11.8595        0.869519       0.0401575 
        11.8752        0.869034       0.0401575 
         11.891        0.870551       0.0401575 
        11.9067        0.872022       0.0401575 
        11.9224        0.872736       0.0401575 
        11.9381        0.873391       0.0401575 
        11.9538        0.874965       0.0401575 
        11.9695        0.876142       0.0401575 
        11.9852        0.877545       0.0401575 
        12.0009        0.878254       0.0401575 
        12.0166        0.879512       0.0401575 
        12.0323        0.881536       0.0401575 
         12.048        0.881397       0.0401575 
        12.0637         0.88246       0.0401575 
