# k  (h/Mpc)    Pcb(k)  (Mpc/h)^3    Pcb_linear(k) (Mpc/h)^3   ShotnoiseSubtracted = true
      0.0200456           14944         15138.8 
      0.0350414         10085.4         9728.56 
      0.0492313         6601.69         6640.45 
      0.0637834         5202.47         5376.71 
      0.0800726         3924.55         4072.35 
       0.096163         2978.44         2809.21 
       0.111083         2384.62         2217.74 
       0.126058         1976.26         1960.44 
       0.142273         1664.49         1602.76 
       0.158546         1334.25         1226.52 
        0.17375         1164.23         1036.52 
       0.188953         1080.77         937.606 
       0.204907         907.277         808.294 
       0.220756         804.671         669.075 
        0.23588         712.834         583.227 
         0.2514         633.584         529.984 
       0.267535         609.559         471.226 
       0.283568         528.183         408.897 
       0.299022         501.011         363.887 
       0.314451         506.297         332.521 
       0.330372         430.971         301.716 
       0.346141         396.506         270.625 
       0.361624          376.61         245.108 
       0.377134         352.017         225.222 
       0.392932         337.666         207.002 
       0.408854         321.098         189.195 
       0.424564         309.167         173.607 
       0.440253         278.848         160.552 
       0.455999         264.859         148.892 
       0.471626         265.192         138.022 
        0.48727         249.651         128.098 
       0.502856          229.46         119.401 
       0.518488         228.843         111.561 
       0.534347         212.931         104.218 
       0.550082         205.033         97.5017 
       0.565732         203.662         91.4626 
       0.581496         191.829         85.9273 
       0.597222         186.202         80.8409 
       0.612804         179.649         76.1712 
       0.628434         173.942         71.8644 
       0.644267         165.248         67.8539 
       0.660051         162.531         64.1576 
       0.675724         159.058         60.7546 
       0.691403         155.239         57.5933 
       0.707174         149.114          54.637 
       0.722871         146.239         51.8979 
        0.73838         144.537         49.3739 
       0.754018         136.985         46.9972 
       0.769845         136.815         44.7496 
        0.78569          132.12         42.6457 
       0.801365         127.657         40.6965 
       0.817031         125.504         38.8696 
       0.832809         122.633         37.1425 
       0.848511         119.332         35.5272 
       0.864097         116.412         34.0184 
       0.879701         115.342         32.5952 
       0.895507         112.392          31.236 
       0.911279         109.032         29.9566 
        0.92691         106.654         28.7589 
       0.942635         104.784         27.6196 
       0.958396         103.222         26.5392 
       0.974128         101.181          25.518 
       0.989692         97.8266         24.5603 
        1.00528         97.1389         23.6499 
        1.02113         94.5759         22.7711 
        1.03692         93.4388         21.9399 
        1.05264         92.0695         21.1537 
        1.06832         90.1671          20.407 
        1.08405         88.3657          19.694 
        1.09979         87.5959         19.0145 
        1.11537         85.4611         18.3735 
        1.13105         84.1895          17.758 
        1.14679         82.8976         17.1681 
        1.16256          80.959         16.6037 
        1.17828         80.3039         16.0664 
        1.19395         78.5847         15.5544 
         1.2097         77.4873          15.062 
        1.22537          76.387         14.5931 
          1.241          75.211         14.1455 
        1.25666         73.4014         13.7153 
        1.27241         72.1927         13.3009 
        1.28819         71.5834         12.9028 
        1.30392         70.5577          12.522 
        1.31957         69.4699         12.1582 
        1.33529         68.2305         11.8074 
        1.35108         67.6603         11.4689 
        1.36674         66.5265          11.146 
         1.3824          65.873         10.8357 
        1.39811         64.6069         10.5361 
        1.41389         63.5698         10.2466 
        1.42964         62.4747         9.96834 
        1.44531          61.971         9.70172 
        1.46101         61.1943         9.44419 
        1.47667         60.5268         9.19671 
        1.49229         59.6367         8.95868 
        1.50793         58.7402         8.72874 
        1.52367         58.0977         8.50532 
        1.53953         57.5724         8.28815 
        1.55526         56.3319         8.08024 
        1.57092         55.9264         7.88026 
        1.58662          55.271         7.68651 
        1.60235         54.6366         7.49884 
        1.61809         53.5211         7.31729 
        1.63369         53.0482         7.14331 
        1.64941         52.6636          6.9737 
        1.66519         51.6126         6.80893 
        1.68085         50.7094         6.65062 
        1.69652         50.0717         6.49724 
        1.71228         49.4354         6.34779 
        1.72806         49.3027         6.20288 
        1.74368         48.2909         6.06391 
        1.75933         47.8479         5.92888 
        1.77505         47.4194         5.79729 
        1.79081          46.564         5.66943 
         1.8065         46.2121         5.54594 
        1.82218         45.5034          5.4262 
        1.83797         44.8539         5.30915 
        1.85367         44.3924         5.19616 
        1.86928         43.8212         5.08711 
        1.88497          43.375         4.98057 
        1.90073         42.7671         4.87666 
        1.91647         42.4686         4.77578 
        1.93218         41.7978         4.67793 
        1.94787         41.3142         4.58295 
        1.96363         40.8162         4.49021 
        1.97935         40.3427          4.4002 
        1.99499          39.823         4.31314 
        2.01064         39.3734         4.22829 
         2.0264         39.0452         4.14517 
        2.04216         38.4599         4.06431 
        2.05781         37.9455         3.98609 
        2.07353         37.5262         3.90963 
        2.08928         37.2969         3.83499 
        2.10499         36.6913         3.76248 
        2.12065         36.4094         3.69204 
        2.13633         35.9864         3.62334 
        2.15211         35.6239         3.55592 
        2.16785         34.9691         3.49038 
        2.18349         34.6224          3.4269 
        2.19916         34.3181         3.36484 
        2.21489         34.0219          3.3041 
        2.23063         33.7036         3.24481 
         2.2463         33.1979         3.18722 
        2.26194         32.9515         3.13116 
        2.27765         32.5201         3.07615 
        2.29341         32.0793          3.0223 
        2.30914         31.6345         2.96984 
        2.32486         31.4065         2.91865 
        2.34061         31.0731         2.86856 
        2.35635         30.7098         2.81968 
        2.37203         30.1781          2.7721 
        2.38768          30.134         2.72571 
        2.40339         29.7301          2.6802 
        2.41914         29.4448         2.63561 
        2.43483         29.0792         2.59218 
         2.4505         28.9229          2.5498 
        2.46622         28.4734          2.5082 
        2.48195         28.1839         2.46753 
        2.49759         27.8968         2.42796 
        2.51328          27.571         2.38915 
        2.52906         27.4167         2.35094 
        2.54479         27.2202         2.31369 
        2.56049          26.657         2.27732 
        2.57618         26.4877         2.24175 
        2.59189         26.3196         2.20688 
        2.60758          25.798          2.1728 
        2.62325         25.7872         2.13947 
        2.63898         25.4596         2.10672 
        2.65468          25.105         2.07472 
        2.67044         25.0359         2.04323 
        2.68618          24.701         2.01247 
        2.70184         24.3713         1.98246 
        2.71755         24.1576         1.95297 
        2.73329         23.9191         1.92404 
        2.74897         23.7003         1.89578 
        2.76462         23.3902         1.86815 
        2.78034         23.2597         1.84094 
        2.79607         22.9615         1.81425 
        2.81179          22.733         1.78811 
        2.82749         22.5714          1.7625 
        2.84321         22.2437         1.73737 
        2.85893         22.0528         1.71273 
        2.87462         21.8066          1.6886 
        2.89033         21.6221         1.66491 
        2.90605         21.4023         1.64165 
        2.92176         21.2942         1.61884 
        2.93747         21.0355         1.59648 
        2.95318         20.8829         1.57452 
        2.96891         20.6047         1.55297 
        2.98456         20.4675         1.53191 
        3.00023         20.2705          1.5112 
        3.01596         20.0064         1.49081 
        3.03164         19.7957         1.47085 
        3.04738          19.611          1.4512 
         3.0631         19.4502          1.4319 
        3.07883         19.2182         1.41295 
        3.09456         19.0417         1.39435 
        3.11026         18.7975          1.3761 
        3.12596         18.6734         1.35818 
        3.14163         18.4955         1.34062 
        3.15734         18.3369         1.32332 
        3.17308         18.1331         1.30629 
        3.18879         17.9773         1.28959 
        3.20447         17.8305         1.27321 
         3.2202         17.6287         1.25707 
         3.2359         17.4314         1.24122 
        3.25157         17.2852         1.22569 
        3.26729         17.2019         1.21037 
        3.28304         16.9209         1.19528 
        3.29877         16.8232         1.18046 
        3.31446         16.6584         1.16593 
        3.33014         16.4454         1.15165 
        3.34585         16.3393         1.13758 
        3.36158           16.17         1.12373 
        3.37727         16.0279         1.11015 
        3.39294         15.8829          1.0968 
        3.40867         15.7085         1.08362 
        3.42439         15.6138         1.07066 
        3.44008         15.4317         1.05794 
        3.45578         15.3104         1.04541 
        3.47153         15.1704         1.03306 
        3.48724         15.0217         1.02092 
        3.50292         14.8989         1.00901 
        3.51859          14.763        0.997292 
        3.53431         14.6128         0.98572 
        3.55007         14.4823        0.974302 
        3.56577         14.3249        0.963107 
        3.58146         14.2214        0.952091 
        3.59719         14.0996        0.941221 
        3.61292          13.989        0.930522 
        3.62859         13.8095        0.920028 
        3.64429         13.6316        0.909674 
        3.66003          13.634        0.899446 
        3.67578           13.45        0.889377 
        3.69146         13.4049        0.879499 
        3.70712         13.2132        0.869787 
        3.72284         13.0691        0.860184 
        3.73853         13.0081        0.850741 
        3.75422         12.8528        0.841435 
        3.76993          12.733        0.832259 
        3.78564         12.6539        0.823222 
        3.80137         12.5441        0.814303 
        3.81707         12.4115        0.805534 
        3.83279         12.3236        0.796885 
        3.84853         12.1593        0.788348 
        3.86424         12.1113        0.779951 
        3.87992         12.0169        0.771688 
        3.89561         11.8817        0.763542 
        3.91134         11.8333        0.755497 
        3.92704         11.7067        0.747575 
        3.94273         11.5726        0.739774 
        3.95845         11.5068        0.732068 
        3.97418          11.395         0.72447 
        3.98988         11.2842        0.716988 
        4.00554         11.2028        0.709631 
        4.02125           11.07        0.702356 
        4.03698          10.978         0.69517 
        4.05268         10.8966          0.6881 
        4.06839         10.7836        0.681121 
         4.0841         10.7123        0.674241 
        4.09983         10.6158        0.667445 
        4.11555          10.528        0.660745 
        4.13124         10.4289        0.654154 
        4.14693         10.3778        0.647646 
        4.16266         10.2794        0.641211 
        4.17839         10.1841        0.634866 
        4.19408         10.0705        0.628621 
        4.20977         10.0205        0.622456 
        4.22551         9.92702        0.616358 
        4.24123         9.82197        0.610347 
        4.25691         9.74374        0.604432 
        4.27259         9.66695        0.598592 
        4.28831         9.60642        0.592817 
        4.30404         9.50191        0.587112 
        4.31974         9.44689        0.581494 
        4.33543          9.3506        0.575951 
        4.35116         9.25647        0.570467 
        4.36688          9.1682        0.565056 
        4.38255         9.11672        0.559734 
        4.39825         9.05792        0.554468 
        4.41398         8.96518        0.549259 
         4.4297         8.88857        0.544122 
        4.44541         8.80174         0.53905 
        4.46111         8.75786        0.534046 
        4.47683         8.65465        0.529102 
        4.49251         8.57993         0.52423 
        4.50819         8.52081        0.519419 
         4.5239         8.46318        0.514662 
        4.53962         8.38813        0.509957 
        4.55535         8.32109        0.505308 
        4.57106          8.2748        0.500724 
        4.58678         8.19723        0.496194 
         4.6025         8.12413        0.491719 
        4.61821         8.04791        0.487299 
        4.63391         7.99122        0.482939 
         4.6496         7.92176        0.478634 
        4.66532         7.87573        0.474373 
        4.68103         7.78734        0.470166 
        4.69673         7.75993        0.466013 
        4.71241         7.68936        0.461914 
        4.72811         7.63118        0.457857 
        4.74384         7.56475        0.453843 
        4.75955         7.49341        0.449883 
        4.77525          7.4448        0.445972 
        4.79096         7.39719        0.442102 
        4.80669         7.32591        0.438275 
         4.8224         7.28363        0.434498 
        4.83809          7.2296        0.430769 
        4.85379         7.14084         0.42708 
         4.8695         7.10464        0.423432 
        4.88521         7.04075        0.419827 
        4.90093         7.00528        0.416263 
        4.91663         6.93475        0.412743 
        4.93234         6.90605         0.40926 
        4.94807         6.83602        0.405814 
        4.96377         6.78048        0.402414 
        4.97943          6.7335         0.39906 
        4.99514         6.68023        0.395735 
        5.01086         6.62264        0.392444 
        5.02654         6.58026        0.389199 
        5.04227         6.52165        0.385981 
          5.058         6.49639        0.382798 
        5.07371          6.4205        0.379656 
        5.08942         6.37664        0.376548 
        5.10513         6.34813        0.373475 
        5.12084         6.28893        0.370434 
        5.13656         6.24503        0.367427 
        5.15225         6.20407        0.364459 
        5.16796         6.15203        0.361518 
        5.18369         6.10457        0.358606 
         5.1994         6.06366        0.355731 
        5.21509         6.01631        0.352891 
        5.23079         5.96939        0.350077 
        5.24649         5.93311        0.347296 
        5.26217         5.88932        0.344547 
        5.27788         5.83994        0.341823 
        5.29359         5.79834        0.339128 
        5.30933         5.76234        0.336458 
        5.32504         5.72271        0.333821 
        5.34073           5.675        0.331215 
        5.35646         5.62931        0.328631 
        5.37218         5.60762        0.326073 
        5.38789         5.55814        0.323547 
        5.40357         5.51402         0.32105 
        5.41929         5.48291        0.318574 
        5.43502         5.43674        0.316123 
         5.4507         5.40315        0.313704 
        5.46639         5.36134        0.311309 
        5.48212         5.31563        0.308934 
        5.49786         5.28561         0.30658 
        5.51353         5.23887        0.304262 
        5.52921         5.21666        0.301965 
        5.54495         5.18403        0.299685 
        5.56066         5.13359        0.297431 
        5.57637         5.10189          0.2952 
        5.59207         5.07718        0.292994 
        5.60778         5.03344        0.290809 
        5.62346         5.00362        0.288649 
        5.63916         4.96478        0.286509 
        5.65487         4.94042         0.28439 
         5.6706         4.89293        0.282289 
        5.68633         4.86536        0.280208 
        5.70203         4.83091        0.278152 
        5.71773         4.81289        0.276117 
        5.73344         4.76703        0.274101 
        5.74916          4.7295        0.272103 
        5.76486         4.69077        0.270128 
        5.78054         4.67089        0.268175 
        5.79626         4.64543        0.266236 
          5.812         4.59995        0.264313 
         5.8277          4.5767        0.262415 
        5.84339         4.55011        0.260536 
        5.85911         4.51115        0.258671 
        5.87484          4.4857        0.256824 
        5.89053         4.45601        0.254999 
        5.90623          4.4247        0.253191 
        5.92195         4.39816        0.251397 
        5.93767         4.36744        0.249621 
        5.95336         4.33709        0.247865 
        5.96905         4.31826        0.246126 
        5.98476         4.28377        0.244402 
        6.00048         4.25526        0.242693 
        6.01617         4.23354        0.241003 
        6.03185         4.20211         0.23933 
        6.04756         4.16946        0.237669 
        6.06331         4.15264        0.236021 
        6.07903          4.1249        0.234391 
        6.09473         4.09387        0.232778 
        6.11044         4.06541        0.231179 
        6.12616         4.04613        0.229594 
        6.14186         4.02318        0.228026 
        6.15755         3.99657        0.226473 
        6.17326         3.96722        0.224933 
        6.18898         3.94636        0.223406 
        6.20467         3.91364        0.221895 
        6.22036         3.88929        0.220399 
         6.2361         3.87093        0.218913 
         6.2518         3.83987        0.217442 
        6.26748         3.81761        0.215988 
        6.28319         3.79215        0.214543 
        6.29893         3.77573         0.21311 
        6.31463         3.75262        0.211692 
        6.33033         3.73051        0.210288 
        6.34604         3.70188        0.208895 
        6.36177         3.68107        0.207513 
        6.37747         3.65633        0.206147 
        6.39316         3.63178        0.204793 
        6.40888         3.61533        0.203448 
         6.4246         3.59599        0.202116 
        6.44031         3.56677        0.200796 
        6.45601         3.54453        0.199489 
        6.47172          3.5248        0.198192 
        6.48744         3.49927        0.196906 
        6.50313         3.48168        0.195634 
        6.51882         3.45951        0.194373 
        6.53452         3.43964        0.193122 
        6.55025         3.41842         0.19188 
        6.56597         3.39933         0.19065 
        6.58166         3.38432        0.189432 
        6.59736         3.36407        0.188225 
        6.61307         3.33683        0.187026 
         6.6288         3.32278        0.185837 
         6.6445         3.29988         0.18466 
         6.6602         3.27794        0.183493 
        6.67592          3.2633        0.182335 
        6.69164         3.24232        0.181188 
        6.70735         3.21952         0.18005 
        6.72304         3.20626        0.178923 
        6.73874         3.18802        0.177805 
        6.75446         3.17005        0.176696 
        6.77016         3.15355        0.175597 
        6.78585         3.13615        0.174508 
        6.80156         3.11106        0.173427 
        6.81729         3.09542        0.172354 
        6.83301         3.08119         0.17129 
         6.8487         3.06218        0.170237 
         6.8644         3.04465        0.169192 
        6.88012         3.02422        0.168155 
        6.89583         3.01174        0.167127 
        6.91151         2.99185        0.166109 
        6.92723         2.97837        0.165098 
        6.94296         2.96411        0.164094 
        6.95866         2.94616          0.1631 
        6.97436         2.92764        0.162114 
        6.99007         2.91155        0.161136 
        7.00578          2.8942        0.160166 
        7.02147          2.8815        0.159205 
        7.03718         2.86118         0.15825 
         7.0529         2.84713        0.157303 
        7.06863         2.83593        0.156363 
        7.08433         2.81698        0.155432 
        7.10004         2.80428        0.154508 
        7.11575         2.78409        0.153592 
        7.13145         2.77141        0.152683 
        7.14715         2.75787        0.151782 
        7.16284         2.74165        0.150889 
        7.17855         2.72357        0.150001 
        7.19428         2.71317        0.149119 
        7.20998         2.69642        0.148247 
        7.22568         2.68355        0.147381 
        7.24139         2.66668        0.146521 
        7.25711          2.6574        0.145668 
        7.27282         2.64122        0.144822 
        7.28852         2.63135        0.143984 
        7.30423         2.61339         0.14315 
        7.31995         2.60133        0.142324 
        7.33565          2.5852        0.141505 
        7.35135          2.5764        0.140692 
        7.36706         2.55985        0.139885 
        7.38277         2.54513        0.139084 
        7.39847         2.53214         0.13829 
        7.41419         2.52247        0.137501 
         7.4299         2.50912        0.136719 
        7.44561         2.49144        0.135943 
        7.46132         2.47968        0.135172 
        7.47701         2.46808        0.134409 
        7.49272         2.45678         0.13365 
        7.50842         2.44399        0.132898 
         7.5241         2.43228        0.132153 
        7.53981         2.41914        0.131411 
        7.55552         2.40926        0.130676 
        7.57125         2.39651        0.129945 
        7.58698         2.38428        0.129219 
        7.60268         2.37257        0.128501 
         7.6184         2.36499        0.127787 
        7.63411         2.34981        0.127078 
        7.64981         2.33943        0.126376 
        7.66552         2.33017        0.125679 
        7.68123         2.31299        0.124986 
        7.69695         2.30535        0.124298 
        7.71264         2.29398        0.123617 
        7.72834         2.28322         0.12294 
        7.74407          2.2657        0.122268 
        7.75978         2.25969          0.1216 
        7.77546         2.25085        0.120939 
        7.79116         2.23793        0.120283 
         7.8069         2.22448        0.119629 
         7.8226         2.21459        0.118982 
        7.83828         2.20652         0.11834 
        7.85399         2.19654        0.117702 
        7.86972         2.18341        0.117068 
        7.88543         2.17306        0.116439 
        7.90111         2.16338        0.115816 
        7.91681         2.15286        0.115196 
        7.93255         2.14559         0.11458 
        7.94828         2.13446        0.113969 
        7.96397         2.12282        0.113363 
        7.97967         2.11638        0.112761 
        7.99538         2.10388        0.112163 
         8.0111         2.09507         0.11157 
         8.0268         2.08595        0.110981 
        8.04248         2.07673        0.110397 
         8.0582         2.06904        0.109816 
        8.07393          2.0583        0.109239 
        8.08963         2.04537        0.108666 
        8.10533         2.04144        0.108098 
        8.12104         2.02816        0.107534 
        8.13675         2.02028        0.106974 
        8.15245         2.01253        0.106417 
        8.16815         2.00486        0.105865 
        8.18387         1.99273        0.105316 
        8.19959         1.98495        0.104771 
         8.2153         1.97574         0.10423 
        8.23101         1.96644        0.103693 
        8.24672         1.95898        0.103159 
        8.26241         1.95371        0.102631 
         8.2781         1.94209        0.102105 
        8.29381         1.93275        0.101583 
        8.30952         1.92764        0.101064 
        8.32524           1.917        0.100548 
        8.34095         1.90691        0.100037 
        8.35666         1.90153       0.0995287 
        8.37237         1.89239       0.0990241 
        8.38808         1.88784       0.0985229 
        8.40379         1.87613       0.0980253 
         8.4195         1.86842       0.0975311 
         8.4352         1.86288       0.0970404 
        8.45091         1.85067        0.096553 
        8.46662          1.8443       0.0960687 
        8.48232          1.8371        0.095588 
        8.49802         1.83156       0.0951106 
        8.51374         1.82306       0.0946359 
        8.52945         1.81482       0.0941646 
        8.54515         1.80814       0.0936969 
        8.56086         1.79994       0.0932318 
        8.57658         1.79439       0.0927699 
        8.59228         1.78498       0.0923115 
        8.60799          1.7792       0.0918557 
        8.62371          1.7726        0.091403 
        8.63942         1.76284       0.0909535 
        8.65512         1.75477       0.0905072 
        8.67082         1.75301       0.0900638 
        8.68653         1.74348       0.0896231 
        8.70224         1.73641       0.0891854 
        8.71795         1.73074       0.0887507 
        8.73365         1.72357       0.0883188 
        8.74936         1.71739       0.0878898 
        8.76506          1.7123       0.0874639 
        8.78076         1.70363       0.0870406 
        8.79646         1.69626       0.0866202 
        8.81218         1.69011       0.0862021 
        8.82791         1.68559       0.0857863 
         8.8436         1.67603       0.0853741 
         8.8593         1.66789       0.0849648 
        8.87503         1.66475        0.084557 
        8.89076         1.65661       0.0841521 
        8.90644         1.65087       0.0837509 
        8.92214         1.64682       0.0833519 
        8.93786         1.63873        0.082955 
        8.95357         1.63369       0.0825608 
        8.96928         1.62804       0.0821693 
        8.98498         1.62231       0.0817804 
        9.00069         1.61507       0.0813938 
        9.01639         1.60929       0.0810097 
        9.03208         1.60359       0.0806286 
        9.04778         1.59848       0.0802496 
        9.06351         1.59116       0.0798724 
        9.07923         1.58627       0.0794978 
        9.09493         1.57981       0.0791259 
        9.11062         1.57703       0.0787566 
        9.12635         1.57078        0.078389 
        9.14207         1.56418       0.0780238 
        9.15777          1.5586       0.0776612 
        9.17346         1.55481       0.0773013 
        9.18917         1.54677        0.076943 
         9.2049         1.54191       0.0765868 
        9.22061         1.53676       0.0762331 
        9.23631         1.53243       0.0758818 
        9.25201         1.52739       0.0755327 
        9.26773         1.52273       0.0751855 
        9.28343          1.5161       0.0748407 
        9.29913         1.51099       0.0744981 
        9.31484         1.50648       0.0741575 
        9.33057         1.49959       0.0738185 
        9.34627         1.49519        0.073482 
        9.36197         1.49134        0.073148 
        9.37768         1.48813       0.0728155 
        9.39338         1.48192       0.0724854 
        9.40909         1.47842       0.0721573 
        9.42479         1.47114       0.0718312 
         9.4405         1.46784       0.0715071 
        9.45621         1.46227       0.0711848 
        9.47193         1.45636       0.0708645 
        9.48763          1.4545       0.0705465 
        9.50334         1.44689       0.0702301 
        9.51906         1.44506       0.0699157 
        9.53476          1.4395       0.0696035 
        9.55045         1.43423       0.0692932 
        9.56616         1.43092       0.0689845 
        9.58188         1.42678       0.0686773 
        9.59759         1.42052       0.0683722 
         9.6133         1.41889       0.0680689 
        9.62901          1.4126       0.0677672 
        9.64471         1.40754       0.0674674 
        9.66041          1.4053       0.0671694 
        9.67612         1.39925       0.0668727 
        9.69184         1.39723       0.0665778 
        9.70754         1.39276        0.066285 
        9.72324         1.38859        0.065994 
        9.73895         1.38348       0.0657048 
        9.75467         1.38074       0.0654173 
        9.77038         1.37671        0.065132 
        9.78607         1.37196       0.0648488 
        9.80177         1.36687       0.0645675 
        9.81749         1.36329       0.0642879 
         9.8332         1.36049       0.0640105 
         9.8489         1.35544       0.0637351 
        9.86463         1.35214        0.063461 
        9.88035         1.34822       0.0631885 
        9.89606         1.34452       0.0629176 
        9.91175         1.34121       0.0626481 
        9.92745         1.33757       0.0623795 
        9.94317         1.33266       0.0621114 
        9.95888         1.33033       0.0618441 
        9.97458         1.32692       0.0615773 
        9.99029         1.32312       0.0613107 
         10.006         1.31966       0.0611461 
        10.0217         1.31693       0.0611461 
        10.0374         1.31364       0.0611461 
        10.0531         1.30979       0.0611461 
        10.0688         1.30738       0.0611461 
        10.0845         1.30282       0.0611461 
        10.1002         1.30047       0.0611461 
        10.1159         1.29744       0.0611461 
        10.1317         1.29219       0.0611461 
        10.1474         1.28994       0.0611461 
        10.1631         1.28732       0.0611461 
        10.1788         1.28383       0.0611461 
        10.1945         1.28047       0.0611461 
        10.2102         1.27991       0.0611461 
        10.2259         1.27651       0.0611461 
        10.2416         1.27246       0.0611461 
        10.2573         1.26867       0.0611461 
         10.273         1.26653       0.0611461 
        10.2887         1.26238       0.0611461 
        10.3044          1.2601       0.0611461 
        10.3201         1.25832       0.0611461 
        10.3359          1.2559       0.0611461 
        10.3516          1.2522       0.0611461 
        10.3673         1.24903       0.0611461 
         10.383         1.24699       0.0611461 
        10.3987           1.242       0.0611461 
        10.4144         1.24066       0.0611461 
        10.4301         1.23666       0.0611461 
        10.4458         1.23543       0.0611461 
        10.4615         1.23308       0.0611461 
        10.4772         1.23011       0.0611461 
        10.4929         1.22827       0.0611461 
        10.5086         1.22643       0.0611461 
        10.5244         1.22207       0.0611461 
        10.5401         1.21945       0.0611461 
        10.5558         1.22031       0.0611461 
        10.5715         1.21579       0.0611461 
        10.5872         1.21367       0.0611461 
        10.6029         1.21153       0.0611461 
        10.6186         1.20868       0.0611461 
        10.6343         1.20656       0.0611461 
          10.65         1.20513       0.0611461 
        10.6657         1.20338       0.0611461 
        10.6814         1.20139       0.0611461 
        10.6971         1.19791       0.0611461 
        10.7129         1.19534       0.0611461 
        10.7286         1.19529       0.0611461 
        10.7443         1.19189       0.0611461 
          10.76         1.19017       0.0611461 
        10.7757         1.18962       0.0611461 
        10.7914         1.18533       0.0611461 
        10.8071          1.1849       0.0611461 
        10.8228         1.18186       0.0611461 
        10.8385         1.18058       0.0611461 
        10.8542         1.17848       0.0611461 
        10.8699         1.17727       0.0611461 
        10.8856         1.17599       0.0611461 
        10.9014         1.17302       0.0611461 
        10.9171         1.17129       0.0611461 
        10.9328         1.17014       0.0611461 
        10.9485         1.16829       0.0611461 
        10.9642          1.1671       0.0611461 
        10.9799         1.16483       0.0611461 
        10.9956         1.16332       0.0611461 
        11.0113         1.16208       0.0611461 
         11.027         1.16163       0.0611461 
        11.0427         1.15908       0.0611461 
        11.0584         1.15771       0.0611461 
        11.0741         1.15595       0.0611461 
        11.0898         1.15428       0.0611461 
        11.1055         1.15411       0.0611461 
        11.1212         1.15272       0.0611461 
         11.137         1.15022       0.0611461 
        11.1527         1.14901       0.0611461 
        11.1684         1.14833       0.0611461 
        11.1841         1.14684       0.0611461 
        11.1998         1.14584       0.0611461 
        11.2155          1.1447       0.0611461 
        11.2312         1.14437       0.0611461 
        11.2469         1.14255       0.0611461 
        11.2626         1.14192       0.0611461 
        11.2783         1.14121       0.0611461 
         11.294         1.13961       0.0611461 
        11.3097         1.13818       0.0611461 
        11.3254         1.13863       0.0611461 
        11.3412         1.13756       0.0611461 
        11.3569         1.13706       0.0611461 
        11.3726         1.13543       0.0611461 
        11.3883         1.13376       0.0611461 
         11.404         1.13408       0.0611461 
        11.4197         1.13251       0.0611461 
        11.4354         1.13295       0.0611461 
        11.4511         1.13241       0.0611461 
        11.4668         1.13112       0.0611461 
        11.4825         1.13124       0.0611461 
        11.4982         1.12996       0.0611461 
         11.514         1.12937       0.0611461 
        11.5297         1.12937       0.0611461 
        11.5454         1.12897       0.0611461 
        11.5611          1.1277       0.0611461 
        11.5768         1.12801       0.0611461 
        11.5925          1.1276       0.0611461 
        11.6082         1.12758       0.0611461 
        11.6239         1.12738       0.0611461 
        11.6396         1.12768       0.0611461 
        11.6553         1.12729       0.0611461 
         11.671         1.12665       0.0611461 
        11.6867         1.12617       0.0611461 
        11.7024         1.12659       0.0611461 
        11.7182         1.12685       0.0611461 
        11.7339         1.12658       0.0611461 
        11.7496         1.12604       0.0611461 
        11.7653         1.12719       0.0611461 
         11.781         1.12731       0.0611461 
        11.7967         1.12761       0.0611461 
        11.8124         1.12724       0.0611461 
        11.8281         1.12887       0.0611461 
        11.8438         1.12718       0.0611461 
        11.8595         1.12863       0.0611461 
        11.8752         1.12848       0.0611461 
         11.891          1.1288       0.0611461 
        11.9067         1.12959       0.0611461 
        11.9224         1.12928       0.0611461 
        11.9381         1.12997       0.0611461 
        11.9538         1.13013       0.0611461 
        11.9695         1.13066       0.0611461 
        11.9852         1.13048       0.0611461 
        12.0009         1.13105       0.0611461 
        12.0166         1.13344       0.0611461 
        12.0323         1.13269       0.0611461 
         12.048         1.13277       0.0611461 
        12.0637         1.13357       0.0611461 
