# k  (h/Mpc)    Pcb(k)  (Mpc/h)^3    Pcb_linear(k) (Mpc/h)^3   ShotnoiseSubtracted = true
      0.0200456         3177.34         3222.04 
      0.0350414          2260.9          2286.2 
      0.0492313         1682.65         1682.02 
      0.0637834         1402.27         1384.56 
      0.0800726         1066.35         1048.38 
       0.096163          756.01         760.648 
       0.111083         619.147         629.344 
       0.126058          554.24          549.39 
       0.142273         454.147         441.242 
       0.158546         366.236         351.564 
        0.17375         309.666         308.301 
       0.188953         284.999         274.693 
       0.204907         254.444          232.37 
       0.220756         212.638         197.619 
        0.23588         189.185          177.37 
         0.2514         167.648         159.856 
       0.267535         152.146         140.087 
       0.283568         136.293         123.522 
       0.299022          125.31         112.135 
       0.314451         112.314         102.233 
       0.330372         103.329         92.0014 
       0.346141         93.1558         83.1924 
       0.361624         87.1655         76.3189 
       0.377134         81.8709         70.2308 
       0.392932         72.5704         64.3253 
       0.408854         69.6269         59.0257 
       0.424564         65.8504         54.5803 
       0.440253         60.7281         50.6166 
       0.455999         56.9967         46.9172 
       0.471626         53.1137         43.5929 
        0.48727         50.7455         40.6474 
       0.502856         47.6982         37.9902 
       0.518488         45.5345          35.533 
       0.534347         43.6564         33.2512 
       0.550082         39.8637         31.2027 
       0.565732         37.3393         29.3389 
       0.581496         36.3684          27.607 
       0.597222         35.0942         26.0134 
       0.612804         32.7615         24.5631 
       0.628434         31.6243         23.2213 
       0.644267           30.73         21.9631 
       0.660051         29.1755         20.8005 
       0.675724         27.6528         19.7284 
       0.691403         26.7453         18.7309 
       0.707174          25.818         17.7966 
       0.722871         24.7757         16.9296 
        0.73838         23.8645         16.1295 
       0.754018         22.8831         15.3749 
       0.769845          22.142         14.6602 
        0.78569         21.4301         13.9902 
       0.801365         20.5845         13.3685 
       0.817031         20.0376          12.785 
       0.832809         19.6108         12.2325 
       0.848511         18.4068          11.715 
       0.864097         18.0523          11.231 
       0.879701         17.5578         10.7737 
       0.895507         16.9939         10.3365 
       0.911279         16.5104         9.92439 
        0.92691         16.0713          9.5381 
       0.942635         15.4019         9.17018 
       0.958396         15.0691         8.82085 
       0.974128         14.6056          8.4903 
       0.989692         14.4471          8.1799 
        1.00528         14.0391         7.88453 
        1.02113         13.4429         7.59908 
        1.03692         13.1296         7.32879 
        1.05264         12.8788         7.07286 
        1.06832         12.5319         6.82952 
        1.08405         12.1547         6.59696 
        1.09979         11.8816         6.37507 
        1.11537         11.6754         6.16555 
        1.13105         11.3956         5.96417 
        1.14679         11.2103           5.771 
        1.16256         10.7902         5.58598 
        1.17828          10.753         5.40965 
        1.19395         10.3317         5.24151 
         1.2097         10.1896         5.07965 
        1.22537         9.91328         4.92538 
          1.241         9.75609         4.77796 
        1.25666         9.54234         4.63619 
        1.27241         9.30243         4.49949 
        1.28819         9.10902         4.36806 
        1.30392         9.01852         4.24224 
        1.31957         8.83163         4.12192 
        1.33529         8.65904         4.00581 
        1.35108         8.43782          3.8937 
        1.36674          8.3812         3.78667 
         1.3824         8.11878         3.68375 
        1.39811         7.99911         3.58429 
        1.41389         7.86575         3.48812 
        1.42964         7.75825         3.39562 
        1.44531         7.62568         3.30692 
        1.46101         7.43903         3.22119 
        1.47667         7.33719         3.13874 
        1.49229         7.23935         3.05939 
        1.50793         7.08339         2.98268 
        1.52367         6.97283         2.90809 
        1.53953         6.85569         2.83555 
        1.55526         6.75616         2.76606 
        1.57092         6.66541         2.69917 
        1.58662         6.54453         2.63432 
        1.60235         6.44583         2.57148 
        1.61809         6.34448         2.51064 
        1.63369         6.23763          2.4523 
        1.64941         6.14073         2.39539 
        1.66519         6.08239         2.34008 
        1.68085         5.96202          2.2869 
        1.69652         5.86008         2.23535 
        1.71228         5.78461         2.18509 
        1.72806         5.72151         2.13633 
        1.74368          5.6091         2.08954 
        1.75933         5.55932         2.04405 
        1.77505         5.47924         1.99969 
        1.79081         5.36487         1.95657 
         1.8065         5.33319          1.9149 
        1.82218         5.24233         1.87448 
        1.83797         5.20104         1.83494 
        1.85367         5.09677         1.79675 
        1.86928         5.07989         1.75987 
        1.88497           4.964         1.72383 
        1.90073         4.90073         1.68865 
        1.91647         4.85765         1.65448 
        1.93218         4.79719         1.62133 
        1.94787         4.73565         1.58913 
        1.96363          4.6811         1.55767 
        1.97935         4.60299         1.52713 
        1.99499         4.53918         1.49757 
        2.01064         4.49797         1.46875 
         2.0264         4.43589          1.4405 
        2.04216         4.39443         1.41301 
        2.05781         4.33312          1.3864 
        2.07353         4.29239         1.36038 
        2.08928         4.24746         1.33497 
        2.10499         4.19703         1.31027 
        2.12065         4.14785         1.28626 
        2.13633         4.10128         1.26284 
        2.15211         4.04473         1.23984 
        2.16785         4.00124         1.21748 
        2.18349         3.95601         1.19581 
        2.19916         3.89938         1.17462 
        2.21489         3.87622         1.15386 
        2.23063         3.82064         1.13359 
         2.2463         3.78329          1.1139 
        2.26194         3.73156         1.09472 
        2.27765         3.71724          1.0759 
        2.29341         3.66096         1.05746 
        2.30914         3.62402         1.03949 
        2.32486         3.58194         1.02195 
        2.34061         3.55954         1.00478 
        2.35635         3.51613        0.988021 
        2.37203         3.49233        0.971697 
        2.38768          3.4493        0.955775 
        2.40339          3.4066         0.94015 
        2.41914         3.36441        0.924836 
        2.43483         3.35981        0.909915 
         2.4505         3.30538        0.895347 
        2.46622         3.28618        0.881046 
        2.48195         3.23766        0.867054 
        2.49759         3.22341         0.85344 
        2.51328         3.18356         0.84008 
        2.52906         3.17153        0.826921 
        2.54479         3.12116        0.814091 
        2.56049         3.10183        0.801557 
        2.57618         3.06194        0.789296 
        2.59189         3.04892        0.777271 
        2.60758         3.02104        0.765515 
        2.62325          2.9861        0.754014 
        2.63898         2.94695        0.742709 
        2.65468         2.92886        0.731657 
        2.67044         2.90225        0.720783 
        2.68618         2.87923        0.710152 
        2.70184         2.84835        0.699778 
        2.71755         2.82908        0.689584 
        2.73329         2.80297        0.679576 
        2.74897         2.79337        0.669798 
        2.76462         2.75981        0.660233 
        2.78034         2.72272        0.650814 
        2.79607         2.70553        0.641568 
        2.81179         2.69156        0.632511 
        2.82749         2.64729        0.623638 
        2.84321         2.64523        0.614925 
        2.85893          2.6194        0.606379 
        2.87462         2.59714         0.59801 
        2.89033         2.57882         0.58979 
        2.90605         2.55498        0.581716 
        2.92176         2.52536        0.573797 
        2.93747         2.50654        0.566029 
        2.95318         2.48836        0.558401 
        2.96891         2.47741         0.55091 
        2.98456         2.45256        0.543589 
        3.00023          2.4276         0.53639 
        3.01596         2.41465        0.529297 
        3.03164         2.39734        0.522352 
        3.04738         2.37294        0.515511 
         3.0631         2.35485        0.508794 
        3.07883         2.34068        0.502196 
        3.09456         2.32172        0.495715 
        3.11026          2.3051        0.489358 
        3.12596         2.27962        0.483112 
        3.14163         2.26435        0.476989 
        3.15734         2.24974        0.470957 
        3.17308         2.23357        0.465014 
        3.18879         2.22115         0.45919 
        3.20447         2.20784        0.453473 
         3.2202         2.18115        0.447835 
         3.2359         2.17556        0.442302 
        3.25157         2.15741        0.436876 
        3.26729          2.1342        0.431523 
        3.28304         2.12922        0.426249 
        3.29877         2.10854         0.42107 
        3.31446         2.09211        0.415987 
        3.33014         2.08372        0.410993 
        3.34585         2.06744        0.406072 
        3.36158         2.05535        0.401224 
        3.37727         2.02574        0.396469 
        3.39294         2.02575        0.391796 
        3.40867         2.00231        0.387181 
        3.42439         1.99504        0.382642 
        3.44008         1.98033        0.378184 
        3.45578          1.9697        0.373794 
        3.47153         1.95401        0.369463 
        3.48724         1.94336        0.365208 
        3.50292         1.93336        0.361029 
        3.51859         1.91655        0.356917 
        3.53431         1.90196        0.352857 
        3.55007         1.89034        0.348849 
        3.56577         1.87706        0.344919 
        3.58146         1.86931         0.34105 
        3.59719         1.85956        0.337232 
        3.61292         1.84486        0.333473 
        3.62859         1.82903        0.329785 
        3.64429         1.81322        0.326145 
        3.66003         1.81133        0.322549 
        3.67578         1.79689        0.319008 
        3.69146         1.78473        0.315534 
        3.70712         1.77061        0.312117 
        3.72284          1.7605        0.308737 
        3.73853         1.74865        0.305414 
        3.75422         1.73899        0.302137 
        3.76993         1.72121        0.298906 
        3.78564         1.71714        0.295723 
        3.80137         1.70727         0.29258 
        3.81707         1.69046         0.28949 
        3.83279         1.68081        0.286441 
        3.84853         1.67728        0.283432 
        3.86424         1.66346        0.280471 
        3.87992         1.65371        0.277556 
        3.89561         1.64108        0.274683 
        3.91134         1.63657        0.271844 
        3.92704         1.62552        0.269048 
        3.94273         1.61358        0.266294 
        3.95845         1.60229        0.263573 
        3.97418         1.59163         0.26089 
        3.98988         1.57994        0.258247 
        4.00554         1.56934        0.255648 
        4.02125         1.56466        0.253076 
        4.03698         1.55216        0.250536 
        4.05268         1.54306        0.248037 
        4.06839         1.53392        0.245569 
         4.0841         1.52351        0.243136 
        4.09983         1.51245        0.240732 
        4.11555         1.50356        0.238361 
        4.13124          1.4943        0.236028 
        4.14693         1.48233        0.233725 
        4.16266         1.47437        0.231447 
        4.17839         1.46348          0.2292 
        4.19408         1.45576        0.226988 
        4.20977         1.44254        0.224804 
        4.22551         1.43826        0.222643 
        4.24123         1.42758        0.220513 
        4.25691         1.41659        0.218416 
        4.27259         1.40847        0.216346 
        4.28831         1.40167        0.214298 
        4.30404         1.39345        0.212274 
        4.31974         1.38571        0.210281 
        4.33543         1.37637        0.208315 
        4.35116         1.36981        0.206368 
        4.36688         1.36035        0.204448 
        4.38255         1.34913        0.202558 
        4.39825         1.34329        0.200688 
        4.41398          1.3348        0.198838 
         4.4297         1.32902        0.197014 
        4.44541         1.32236        0.195212 
        4.46111           1.315        0.193434 
        4.47683         1.30751        0.191676 
        4.49251         1.30174        0.189944 
        4.50819          1.2963        0.188234 
         4.5239         1.28917        0.186542 
        4.53962         1.28292        0.184869 
        4.55535         1.27508        0.183215 
        4.57106          1.2673        0.181584 
        4.58678         1.26253        0.179972 
         4.6025         1.25753        0.178379 
        4.61821         1.24705        0.176805 
        4.63391         1.24201        0.175253 
         4.6496         1.23629        0.173719 
        4.66532         1.23336        0.172202 
        4.68103         1.22688        0.170703 
        4.69673         1.22142        0.169223 
        4.71241         1.21568        0.167763 
        4.72811         1.20828        0.166317 
        4.74384         1.20512        0.164886 
        4.75955         1.19697        0.163473 
        4.77525         1.19222        0.162079 
        4.79096         1.18815        0.160698 
        4.80669         1.18136        0.159333 
         4.8224         1.17833        0.157985 
        4.83809         1.17291        0.156654 
        4.85379         1.16603        0.155338 
         4.8695         1.16304        0.154035 
        4.88521         1.15814        0.152748 
        4.90093         1.15247        0.151476 
        4.91663         1.14872        0.150218 
        4.93234         1.14405        0.148974 
        4.94807         1.13714        0.147743 
        4.96377         1.13374        0.146528 
        4.97943         1.12897        0.145329 
        4.99514         1.12297         0.14414 
        5.01086         1.12183        0.142964 
        5.02654          1.1165        0.141804 
        5.04227         1.11285        0.140653 
          5.058         1.10933        0.139514 
        5.07371         1.10378         0.13839 
        5.08942         1.09899        0.137278 
        5.10513         1.09524        0.136178 
        5.12084         1.09094         0.13509 
        5.13656         1.08824        0.134014 
        5.15225         1.08477        0.132951 
        5.16796          1.0811        0.131897 
        5.18369         1.07599        0.130855 
         5.1994         1.07237        0.129825 
        5.21509         1.06971        0.128807 
        5.23079         1.06693        0.127799 
        5.24649         1.06267        0.126802 
        5.26217         1.05821        0.125817 
        5.27788         1.05345        0.124841 
        5.29359         1.05113        0.123874 
        5.30933          1.0492        0.122917 
        5.32504         1.04558        0.121971 
        5.34073         1.04193        0.121036 
        5.35646          1.0405        0.120109 
        5.37218         1.03551        0.119192 
        5.38789         1.03292        0.118285 
        5.40357         1.02819        0.117389 
        5.41929         1.02303          0.1165 
        5.43502         1.02133         0.11562 
         5.4507         1.01708        0.114751 
        5.46639         1.01699        0.113891 
        5.48212          1.0136        0.113038 
        5.49786         1.00923        0.112192 
        5.51353         1.00499         0.11136 
        5.52921         1.00176        0.110534 
        5.54495        0.999798        0.109715 
        5.56066        0.999732        0.108905 
        5.57637        0.994826        0.108103 
        5.59207        0.991208        0.107309 
        5.60778        0.989131        0.106524 
        5.62346        0.987212        0.105747 
        5.63916        0.986332        0.104977 
        5.65487        0.983264        0.104215 
         5.6706        0.980899        0.103459 
        5.68633         0.97763         0.10271 
        5.70203        0.975047         0.10197 
        5.71773        0.971925        0.101238 
        5.73344        0.970773        0.100512 
        5.74916        0.966464       0.0997925 
        5.76486        0.963869       0.0990811 
        5.78054        0.964421       0.0983777 
        5.79626        0.961058       0.0976791 
          5.812        0.957004       0.0969866 
         5.8277        0.954555       0.0963027 
        5.84339        0.953988       0.0956254 
        5.85911         0.95222       0.0949533 
        5.87484        0.949168       0.0942877 
        5.89053        0.946304       0.0936298 
        5.90623        0.944025       0.0929778 
        5.92195        0.942079       0.0923308 
        5.93767        0.940363       0.0916903 
        5.95336        0.935524       0.0910569 
        5.96905         0.93464       0.0904297 
        5.98476         0.93242       0.0898075 
        6.00048            0.93       0.0891909 
        6.01617        0.928403       0.0885808 
        6.03185        0.924042       0.0879772 
        6.04756         0.92412       0.0873777 
        6.06331        0.921669       0.0867825 
        6.07903        0.921727        0.086194 
        6.09473        0.918352       0.0856115 
        6.11044        0.917862       0.0850338 
        6.12616        0.914271       0.0844615 
        6.14186        0.911138        0.083895 
        6.15755        0.911747       0.0833337 
        6.17326        0.907868       0.0827771 
        6.18898        0.906752       0.0822252 
        6.20467        0.905357       0.0816794 
        6.22036        0.901167       0.0811385 
         6.2361        0.900787        0.080601 
         6.2518         0.89749       0.0800692 
        6.26748        0.896274       0.0795434 
        6.28319        0.894183       0.0790208 
        6.29893        0.892816       0.0785024 
        6.31463        0.890102       0.0779895 
        6.33033        0.888967       0.0774813 
        6.34604        0.886302       0.0769773 
        6.36177        0.884832       0.0764772 
        6.37747        0.884263       0.0759825 
        6.39316        0.879756       0.0754924 
        6.40888        0.879834       0.0750057 
         6.4246        0.877949       0.0745231 
        6.44031        0.876293       0.0740451 
        6.45601        0.875002       0.0735718 
        6.47172        0.873454       0.0731021 
        6.48744        0.872855       0.0726363 
        6.50313        0.868865       0.0721753 
        6.51882        0.869091       0.0717184 
        6.53452         0.86622        0.071265 
        6.55025        0.866765       0.0708147 
        6.56597        0.862942       0.0703689 
        6.58166        0.861584       0.0699274 
        6.59736        0.859651       0.0694895 
        6.61307        0.858734       0.0690549 
         6.6288         0.85679       0.0686237 
         6.6445        0.854624       0.0681968 
         6.6602        0.853888       0.0677735 
        6.67592        0.851858       0.0673534 
        6.69164        0.851851       0.0669369 
        6.70735        0.848859        0.066524 
        6.72304        0.847514        0.066115 
        6.73874        0.846434       0.0657093 
        6.75446        0.845166       0.0653066 
        6.77016        0.844106       0.0649077 
        6.78585         0.84167       0.0645121 
        6.80156        0.840309       0.0641197 
        6.81729         0.83882       0.0637299 
        6.83301        0.837159       0.0633433 
         6.8487         0.83769       0.0629609 
         6.8644        0.834542       0.0625813 
        6.88012        0.833235       0.0622044 
        6.89583        0.831077        0.061831 
        6.91151        0.830583       0.0614611 
        6.92723        0.828513       0.0610933 
        6.94296        0.828003       0.0607283 
        6.95866        0.825837        0.060367 
        6.97436        0.824177       0.0600086 
        6.99007        0.824903       0.0596529 
        7.00578        0.822488       0.0593001 
        7.02147        0.820911       0.0589505 
        7.03718        0.818601       0.0586033 
         7.0529        0.818608       0.0582586 
        7.06863        0.816759       0.0579166 
        7.08433        0.815402       0.0575777 
        7.10004        0.813178       0.0572416 
        7.11575         0.81362       0.0569081 
        7.13145        0.811457       0.0565773 
        7.14715        0.809429       0.0562492 
        7.16284        0.808916        0.055924 
        7.17855        0.807107       0.0556008 
        7.19428         0.80594       0.0552797 
        7.20998        0.805028       0.0549618 
        7.22568        0.804719       0.0546464 
        7.24139        0.801257       0.0543333 
        7.25711        0.800375       0.0540226 
        7.27282        0.799563       0.0537142 
        7.28852        0.798965       0.0534086 
        7.30423        0.799318        0.053105 
        7.31995         0.79606       0.0528038 
        7.33565        0.795154       0.0525051 
        7.35135        0.794216       0.0522087 
        7.36706        0.792726       0.0519146 
        7.38277        0.791555       0.0516225 
        7.39847        0.789618       0.0513329 
        7.41419        0.789586       0.0510453 
         7.4299        0.788679       0.0507599 
        7.44561         0.78816       0.0504767 
        7.46132        0.786705       0.0501957 
        7.47701        0.784782       0.0499171 
        7.49272        0.784003       0.0496404 
        7.50842         0.78304       0.0493658 
         7.5241        0.780506       0.0490936 
        7.53981        0.780179       0.0488231 
        7.55552        0.779774       0.0485545 
        7.57125        0.778888       0.0482877 
        7.58698        0.776572       0.0480228 
        7.60268        0.776812       0.0477604 
         7.6184        0.775596       0.0474996 
        7.63411        0.774902       0.0472409 
        7.64981        0.773737       0.0469843 
        7.66552        0.772253       0.0467295 
        7.68123        0.771557       0.0464765 
        7.69695        0.770933       0.0462252 
        7.71264        0.769899       0.0459762 
        7.72834        0.766445       0.0457289 
        7.74407         0.76768        0.045483 
        7.75978        0.766389       0.0452391 
        7.77546        0.766713       0.0449975 
        7.79116        0.763961       0.0447574 
         7.8069        0.764216       0.0445184 
         7.8226        0.762566       0.0442816 
        7.83828        0.762295        0.044047 
        7.85399        0.760957       0.0438137 
        7.86972        0.760738       0.0435816 
        7.88543        0.758412       0.0433516 
        7.90111        0.757395       0.0431236 
        7.91681        0.757777       0.0428969 
        7.93255        0.756206       0.0426714 
        7.94828        0.756024       0.0424476 
        7.96397        0.754618       0.0422258 
        7.97967        0.753343       0.0420056 
        7.99538        0.752056       0.0417869 
         8.0111        0.751513       0.0415695 
         8.0268         0.75101       0.0413539 
        8.04248        0.752183       0.0411401 
         8.0582        0.748764       0.0409273 
        8.07393        0.749026       0.0407159 
        8.08963        0.747358       0.0405063 
        8.10533        0.747174       0.0402982 
        8.12104        0.746859       0.0400914 
        8.13675        0.746063       0.0398861 
        8.15245        0.745669       0.0396823 
        8.16815        0.745288         0.03948 
        8.18387        0.744531       0.0392788 
        8.19959        0.744254        0.039079 
         8.2153        0.742422       0.0388807 
        8.23101        0.742827       0.0386837 
        8.24672        0.741606       0.0384882 
        8.26241        0.741828       0.0382942 
         8.2781        0.740619       0.0381016 
        8.29381         0.74046         0.03791 
        8.30952        0.738542       0.0377197 
        8.32524        0.738734       0.0375306 
        8.34095        0.737479       0.0373429 
        8.35666        0.737026       0.0371566 
        8.37237        0.737434       0.0369714 
        8.38808        0.735922       0.0367875 
        8.40379        0.736608       0.0366049 
         8.4195        0.735316       0.0364236 
         8.4352        0.734402       0.0362435 
        8.45091        0.734535       0.0360646 
        8.46662        0.733319       0.0358868 
        8.48232        0.733192       0.0357104 
        8.49802        0.732883       0.0355351 
        8.51374        0.731943       0.0353608 
        8.52945        0.730601       0.0351877 
        8.54515        0.731299        0.035016 
        8.56086        0.729621       0.0348451 
        8.57658        0.730124       0.0346755 
        8.59228        0.728717       0.0345071 
        8.60799        0.728778       0.0343396 
        8.62371        0.728149       0.0341733 
        8.63942        0.728027       0.0340082 
        8.65512        0.727493       0.0338441 
        8.67082        0.725799       0.0336812 
        8.68653        0.725878       0.0335193 
        8.70224        0.725122       0.0333584 
        8.71795        0.724936       0.0331986 
        8.73365        0.725143       0.0330398 
        8.74936        0.723694       0.0328821 
        8.76506        0.723735       0.0327255 
        8.78076        0.723678       0.0325698 
        8.79646        0.723623       0.0324152 
        8.81218        0.721709       0.0322615 
        8.82791         0.72211       0.0321085 
         8.8436        0.721725       0.0319569 
         8.8593         0.72104       0.0318063 
        8.87503        0.719858       0.0316563 
        8.89076        0.720001       0.0315073 
        8.90644        0.719893       0.0313597 
        8.92214        0.719019       0.0312129 
        8.93786        0.719231       0.0310668 
        8.95357        0.717323       0.0309217 
        8.96928        0.719228       0.0307776 
        8.98498        0.716843       0.0306344 
        9.00069        0.717126       0.0304921 
        9.01639        0.716856       0.0303507 
        9.03208        0.716293       0.0302104 
        9.04778        0.715995       0.0300708 
        9.06351        0.714961       0.0299319 
        9.07923        0.715971       0.0297939 
        9.09493        0.714279       0.0296569 
        9.11062        0.714733       0.0295209 
        9.12635        0.714701       0.0293855 
        9.14207        0.713669       0.0292509 
        9.15777        0.713511       0.0291174 
        9.17346        0.713245       0.0289847 
        9.18917        0.712772       0.0288527 
         9.2049        0.714005       0.0287214 
        9.22061        0.711869        0.028591 
        9.23631        0.712555       0.0284615 
        9.25201        0.711644       0.0283329 
        9.26773        0.711125       0.0282049 
        9.28343         0.71154       0.0280777 
        9.29913         0.71144       0.0279514 
        9.31484        0.711134       0.0278258 
        9.33057        0.710595       0.0277008 
        9.34627        0.710425       0.0275767 
        9.36197        0.709429       0.0274535 
        9.37768        0.709317       0.0273309 
        9.39338        0.709113       0.0272091 
        9.40909        0.709498        0.027088 
        9.42479        0.708057       0.0269677 
         9.4405         0.70838       0.0268481 
        9.45621        0.707434       0.0267292 
        9.47193         0.70754        0.026611 
        9.48763         0.70788       0.0264936 
        9.50334        0.707799       0.0263769 
        9.51906        0.707327       0.0262608 
        9.53476        0.707765       0.0261455 
        9.55045        0.706916        0.026031 
        9.56616        0.706738        0.025917 
        9.58188        0.706357       0.0258036 
        9.59759        0.706907       0.0256909 
         9.6133        0.705695       0.0255789 
        9.62901        0.705081       0.0254675 
        9.64471        0.705769       0.0253567 
        9.66041        0.706104       0.0252466 
        9.67612        0.704905        0.025137 
        9.69184        0.705386       0.0250281 
        9.70754        0.705042       0.0249199 
        9.72324        0.705301       0.0248124 
        9.73895        0.705584       0.0247055 
        9.75467        0.704729       0.0245992 
        9.77038        0.704171       0.0244938 
        9.78607        0.704584       0.0243891 
        9.80177        0.704528       0.0242851 
        9.81749         0.70391       0.0241817 
         9.8332        0.704868       0.0240792 
         9.8489        0.704289       0.0239773 
        9.86463         0.70323        0.023876 
        9.88035        0.704017       0.0237752 
        9.89606        0.704367        0.023675 
        9.91175        0.703671       0.0235753 
        9.92745         0.70368       0.0234759 
        9.94317        0.702794       0.0233768 
        9.95888        0.703902       0.0232779 
        9.97458        0.704524       0.0231792 
        9.99029        0.703276       0.0230805 
         10.006        0.703833       0.0230196 
        10.0217        0.703497       0.0230196 
        10.0374         0.70362       0.0230196 
        10.0531        0.703094       0.0230196 
        10.0688        0.702997       0.0230196 
        10.0845        0.703921       0.0230196 
        10.1002        0.703021       0.0230196 
        10.1159        0.703529       0.0230196 
        10.1317        0.703209       0.0230196 
        10.1474        0.702652       0.0230196 
        10.1631        0.703109       0.0230196 
        10.1788         0.70424       0.0230196 
        10.1945        0.702671       0.0230196 
        10.2102        0.703068       0.0230196 
        10.2259        0.703061       0.0230196 
        10.2416        0.702963       0.0230196 
        10.2573        0.703262       0.0230196 
         10.273        0.703381       0.0230196 
        10.2887        0.703866       0.0230196 
        10.3044        0.703348       0.0230196 
        10.3201        0.703509       0.0230196 
        10.3359        0.703374       0.0230196 
        10.3516        0.703491       0.0230196 
        10.3673         0.70508       0.0230196 
         10.383        0.703816       0.0230196 
        10.3987        0.704907       0.0230196 
        10.4144        0.704586       0.0230196 
        10.4301        0.704381       0.0230196 
        10.4458        0.705183       0.0230196 
        10.4615        0.704942       0.0230196 
        10.4772        0.705759       0.0230196 
        10.4929        0.705827       0.0230196 
        10.5086        0.706043       0.0230196 
        10.5244        0.705324       0.0230196 
        10.5401        0.706678       0.0230196 
        10.5558        0.706386       0.0230196 
        10.5715        0.706162       0.0230196 
        10.5872        0.706236       0.0230196 
        10.6029        0.706789       0.0230196 
        10.6186        0.706297       0.0230196 
        10.6343        0.707142       0.0230196 
          10.65        0.707446       0.0230196 
        10.6657         0.70793       0.0230196 
        10.6814        0.707955       0.0230196 
        10.6971        0.708498       0.0230196 
        10.7129        0.708374       0.0230196 
        10.7286        0.709543       0.0230196 
        10.7443        0.709515       0.0230196 
          10.76        0.709521       0.0230196 
        10.7757        0.709024       0.0230196 
        10.7914        0.709414       0.0230196 
        10.8071        0.709635       0.0230196 
        10.8228        0.710261       0.0230196 
        10.8385         0.71083       0.0230196 
        10.8542        0.711503       0.0230196 
        10.8699        0.711615       0.0230196 
        10.8856        0.711609       0.0230196 
        10.9014        0.712169       0.0230196 
        10.9171        0.712914       0.0230196 
        10.9328        0.713035       0.0230196 
        10.9485        0.714523       0.0230196 
        10.9642         0.71384       0.0230196 
        10.9799        0.714833       0.0230196 
        10.9956        0.715172       0.0230196 
        11.0113        0.715469       0.0230196 
         11.027        0.715646       0.0230196 
        11.0427        0.716532       0.0230196 
        11.0584         0.71668       0.0230196 
        11.0741        0.717566       0.0230196 
        11.0898        0.717564       0.0230196 
        11.1055        0.718828       0.0230196 
        11.1212        0.718398       0.0230196 
         11.137        0.719834       0.0230196 
        11.1527        0.719448       0.0230196 
        11.1684        0.720378       0.0230196 
        11.1841         0.72131       0.0230196 
        11.1998        0.721085       0.0230196 
        11.2155        0.722973       0.0230196 
        11.2312        0.723117       0.0230196 
        11.2469        0.723907       0.0230196 
        11.2626        0.724166       0.0230196 
        11.2783        0.724305       0.0230196 
         11.294        0.725874       0.0230196 
        11.3097        0.726624       0.0230196 
        11.3254        0.727023       0.0230196 
        11.3412        0.726519       0.0230196 
        11.3569        0.729028       0.0230196 
        11.3726        0.728701       0.0230196 
        11.3883        0.729227       0.0230196 
         11.404        0.730315       0.0230196 
        11.4197        0.731108       0.0230196 
        11.4354        0.731792       0.0230196 
        11.4511         0.73156       0.0230196 
        11.4668        0.732958       0.0230196 
        11.4825        0.734797       0.0230196 
        11.4982         0.73486       0.0230196 
         11.514        0.736743       0.0230196 
        11.5297        0.736866       0.0230196 
        11.5454         0.73831       0.0230196 
        11.5611        0.738368       0.0230196 
        11.5768        0.739219       0.0230196 
        11.5925        0.740892       0.0230196 
        11.6082         0.74075       0.0230196 
        11.6239        0.742271       0.0230196 
        11.6396        0.742319       0.0230196 
        11.6553        0.744498       0.0230196 
         11.671        0.745762       0.0230196 
        11.6867        0.745678       0.0230196 
        11.7024        0.747236       0.0230196 
        11.7182        0.748066       0.0230196 
        11.7339        0.749726       0.0230196 
        11.7496        0.750287       0.0230196 
        11.7653         0.75081       0.0230196 
         11.781        0.753257       0.0230196 
        11.7967         0.75455       0.0230196 
        11.8124        0.755184       0.0230196 
        11.8281        0.755672       0.0230196 
        11.8438        0.757312       0.0230196 
        11.8595        0.758312       0.0230196 
        11.8752        0.760207       0.0230196 
         11.891         0.76072       0.0230196 
        11.9067        0.762561       0.0230196 
        11.9224        0.763729       0.0230196 
        11.9381        0.765257       0.0230196 
        11.9538        0.765698       0.0230196 
        11.9695        0.767583       0.0230196 
        11.9852        0.769397       0.0230196 
        12.0009        0.769993       0.0230196 
        12.0166        0.771697       0.0230196 
        12.0323        0.772754       0.0230196 
         12.048        0.775228       0.0230196 
        12.0637        0.776029       0.0230196 
