# k  (h/Mpc)    Pcb(k)  (Mpc/h)^3    Pcb_linear(k) (Mpc/h)^3   ShotnoiseSubtracted = true
      0.0200456         35512.8         36486.4 
      0.0350414         24331.9           25889 
      0.0492313         18371.7         19047.2 
      0.0637834         15963.8         15678.7 
      0.0800726         12132.8         11871.8 
       0.096163         8356.67         8613.58 
       0.111083         6987.09          7126.7 
       0.126058         6324.45          6221.3 
       0.142273         5377.41         4996.63 
       0.158546         4889.52         3981.11 
        0.17375         4004.04         3491.21 
       0.188953         3909.77         3110.62 
       0.204907         3640.31         2631.36 
       0.220756         3182.33         2237.84 
        0.23588         2912.37         2008.54 
         0.2514         2582.05         1810.21 
       0.267535          2578.3         1586.35 
       0.283568         2331.92         1398.77 
       0.299022         2240.75         1269.81 
       0.314451         2120.89         1157.69 
       0.330372         1931.26         1041.83 
       0.346141         1928.08         942.072 
       0.361624         1861.06         864.236 
       0.377134         1759.17         795.294 
       0.392932         1669.03         728.421 
       0.408854         1642.39         668.408 
       0.424564         1509.78         618.068 
       0.440253         1481.99         573.183 
       0.455999         1468.11         531.291 
       0.471626         1406.24         493.647 
        0.48727         1359.03         460.292 
       0.502856         1288.63         430.201 
       0.518488         1311.72         402.376 
       0.534347         1221.68         376.537 
       0.550082         1215.93          353.34 
       0.565732         1194.19         332.234 
       0.581496         1146.64         312.622 
       0.597222         1108.19         294.576 
       0.612804         1093.66         278.153 
       0.628434         1056.57         262.959 
       0.644267          1037.5          248.71 
       0.660051         1022.74         235.545 
       0.675724         1004.21         223.405 
       0.691403         982.535         212.109 
       0.707174         941.688         201.529 
       0.722871         917.695         191.711 
        0.73838         911.237          182.65 
       0.754018         883.924         174.105 
       0.769845         873.541         166.012 
        0.78569         863.014         158.425 
       0.801365          835.64         151.385 
       0.817031         821.832         144.777 
       0.832809         803.626         138.521 
       0.848511         795.638         132.661 
       0.864097         769.551          127.18 
       0.879701         753.399         122.002 
       0.895507         743.959         117.051 
       0.911279         737.663         112.384 
        0.92691         712.683          108.01 
       0.942635         696.268         103.843 
       0.958396         690.725         99.8874 
       0.974128         674.734         96.1442 
       0.989692         662.275         92.6293 
        1.00528         647.613         89.2845 
        1.02113         640.064         86.0521 
        1.03692         629.111         82.9914 
        1.05264         617.724         80.0932 
        1.06832         611.287         77.3376 
        1.08405          592.67         74.7041 
        1.09979         583.035         72.1913 
        1.11537         572.944         69.8187 
        1.13105         563.897         67.5384 
        1.14679          552.01         65.3508 
        1.16256         546.443         63.2557 
        1.17828         535.907          61.259 
        1.19395         525.826          59.355 
         1.2097         515.577          57.522 
        1.22537         503.302          55.775 
          1.241           496.3         54.1057 
        1.25666         495.867         52.5003 
        1.27241         482.462         50.9523 
        1.28819         471.972          49.464 
        1.30392         467.859         48.0392 
        1.31957          453.95         46.6767 
        1.33529         448.181         45.3619 
        1.35108         441.165         44.0924 
        1.36674         432.818         42.8803 
         1.3824         428.086         41.7148 
        1.39811         416.422         40.5886 
        1.41389         412.138         39.4995 
        1.42964         406.853         38.4521 
        1.44531         400.298         37.4476 
        1.46101         394.499         36.4768 
        1.47667         385.892         35.5431 
        1.49229         380.413         34.6445 
        1.50793         373.679         33.7759 
        1.52367         367.527         32.9313 
        1.53953         357.918         32.1098 
        1.55526         358.069         31.3229 
        1.57092         351.089         30.5654 
        1.58662         344.324         29.8311 
        1.60235         341.417         29.1194 
        1.61809          335.93         28.4305 
        1.63369         329.756         27.7699 
        1.64941         322.706         27.1255 
        1.66519         318.681         26.4991 
        1.68085         313.269         25.8969 
        1.69652         311.434         25.3131 
        1.71228         304.092          24.744 
        1.72806          301.68         24.1918 
        1.74368         297.534         23.6619 
        1.75933         290.955         23.1468 
        1.77505         287.977         22.6446 
        1.79081         283.377         22.1563 
         1.8065         279.492         21.6844 
        1.82218          276.09         21.2266 
        1.83797          271.87         20.7788 
        1.85367         265.626         20.3464 
        1.86928         263.193         19.9288 
        1.88497         258.609         19.5206 
        1.90073         255.371         19.1223 
        1.91647          252.46         18.7354 
        1.93218         246.633           18.36 
        1.94787         243.963         17.9953 
        1.96363         240.875         17.6391 
        1.97935         237.714         17.2932 
        1.99499         233.282         16.9585 
        2.01064         231.651         16.6321 
         2.0264          226.39         16.3122 
        2.04216         223.601         16.0009 
        2.05781         221.469         15.6996 
        2.07353          217.21         15.4049 
        2.08928         215.547         15.1172 
        2.10499         212.079         14.8375 
        2.12065         208.394         14.5657 
        2.13633         204.805         14.3004 
        2.15211         202.969           14.04 
        2.16785         200.355         13.7868 
        2.18349         197.835         13.5414 
        2.19916         195.286         13.3014 
        2.21489          192.35         13.0664 
        2.23063         190.468         12.8368 
         2.2463         187.468         12.6138 
        2.26194         184.687         12.3967 
        2.27765          181.42         12.1835 
        2.29341         179.521         11.9747 
        2.30914         177.869         11.7712 
        2.32486          175.15         11.5726 
        2.34061         173.244         11.3782 
        2.35635         170.581         11.1884 
        2.37203         168.773         11.0035 
        2.38768         167.071         10.8232 
        2.40339         164.206         10.6463 
        2.41914         162.128         10.4729 
        2.43483         160.155         10.3039 
         2.4505         158.268         10.1389 
        2.46622         156.554         9.97697 
        2.48195          154.67         9.81853 
        2.49759          152.25         9.66436 
        2.51328         151.121         9.51308 
        2.52906         148.405         9.36407 
        2.54479         147.318         9.21878 
        2.56049         144.836         9.07684 
        2.57618         143.698         8.93799 
        2.59189         141.756         8.80183 
        2.60758         140.208          8.6687 
        2.62325         137.929         8.53847 
        2.63898         136.516         8.41044 
        2.65468         135.178          8.2853 
        2.67044         133.732         8.16215 
        2.68618         132.282         8.04177 
        2.70184         130.278         7.92429 
        2.71755         129.339         7.80885 
        2.73329         127.279         7.69552 
        2.74897         125.761          7.5848 
        2.76462         124.024         7.47648 
        2.78034         123.356         7.36982 
        2.79607         121.738         7.26512 
        2.81179         120.308         7.16256 
        2.82749         119.178         7.06209 
        2.84321         117.245         6.96341 
        2.85893         115.728         6.86665 
        2.87462         114.534         6.77187 
        2.89033         113.124         6.67879 
        2.90605         112.864         6.58736 
        2.92176         110.845         6.49769 
        2.93747         109.798         6.40972 
        2.95318          108.36         6.32335 
        2.96891         107.375         6.23852 
        2.98456         106.031         6.15561 
        3.00023          105.04         6.07408 
        3.01596          103.68         5.99377 
        3.03164         102.655         5.91513 
        3.04738         101.376         5.83766 
         3.0631         100.522         5.76159 
        3.07883         99.7334         5.68687 
        3.09456         98.5367         5.61348 
        3.11026         97.1989         5.54149 
        3.12596         96.3108         5.47076 
        3.14163         95.1648         5.40143 
        3.15734         94.2371         5.33312 
        3.17308         93.2727         5.26583 
        3.18879         91.8191         5.19987 
        3.20447         91.2078         5.13513 
         3.2202          89.917         5.07129 
         3.2359          88.949         5.00864 
        3.25157         88.3919         4.94719 
        3.26729         87.3287         4.88657 
        3.28304         86.5563         4.82685 
        3.29877         85.7565          4.7682 
        3.31446         84.9521         4.71065 
        3.33014         84.0735         4.65409 
        3.34585         83.2833         4.59836 
        3.36158         81.9103         4.54346 
        3.37727         81.3499         4.48963 
        3.39294         80.3541          4.4367 
        3.40867         79.5469         4.38444 
        3.42439          78.964         4.33304 
        3.44008         78.0596         4.28256 
        3.45578         77.4569         4.23284 
        3.47153         76.4702          4.1838 
        3.48724         75.8293         4.13562 
        3.50292         75.0982          4.0883 
        3.51859         74.1989         4.04174 
        3.53431         73.3365         3.99575 
        3.55007         72.5771         3.95037 
        3.56577         72.1512         3.90586 
        3.58146         71.2448         3.86206 
        3.59719         70.5836         3.81882 
        3.61292          69.889         3.77625 
        3.62859          69.353         3.73449 
        3.64429         68.8239         3.69327 
        3.66003         67.7222         3.65255 
        3.67578         67.1519         3.61246 
        3.69146         66.6045         3.57311 
        3.70712         65.8106         3.53441 
        3.72284          65.363         3.49615 
        3.73853         64.7656         3.45851 
        3.75422         64.1773         3.42141 
        3.76993         63.4962         3.38481 
        3.78564         62.9291         3.34877 
        3.80137         62.1677         3.31318 
        3.81707         61.6207         3.27819 
        3.83279         61.1453         3.24367 
        3.84853          60.356         3.20958 
        3.86424         59.9414         3.17605 
        3.87992         59.2877         3.14305 
        3.89561         58.8384         3.11051 
        3.91134         58.2406         3.07836 
        3.92704         57.6999          3.0467 
        3.94273         57.2016         3.01551 
        3.95845         56.7614          2.9847 
        3.97418         56.1166         2.95432 
        3.98988         55.7623         2.92439 
        4.00554         55.1172         2.89496 
        4.02125         54.8524         2.86584 
        4.03698         54.2278         2.83708 
        4.05268         53.8259         2.80877 
        4.06839         53.1145         2.78083 
         4.0841         52.5894         2.75327 
        4.09983         52.3781         2.72605 
        4.11555         51.6623          2.6992 
        4.13124          51.447         2.67279 
        4.14693         50.7723          2.6467 
        4.16266         50.3477          2.6209 
        4.17839         49.9301         2.59546 
        4.19408         49.5718         2.57041 
        4.20977          48.993         2.54568 
        4.22551         48.5708         2.52121 
        4.24123         48.1947         2.49709 
        4.25691         47.6812         2.47335 
        4.27259         47.3285          2.4499 
        4.28831         46.9065         2.42671 
        4.30404         46.5502          2.4038 
        4.31974         46.0613         2.38123 
        4.33543         45.6475         2.35896 
        4.35116         45.2345         2.33692 
        4.36688         44.7556         2.31517 
        4.38255         44.5527         2.29377 
        4.39825         44.2237          2.2726 
        4.41398         43.6739         2.25165 
         4.4297         43.3629         2.23098 
        4.44541         42.8984         2.21058 
        4.46111         42.5952         2.19044 
        4.47683         42.2726         2.17054 
        4.49251         41.9181         2.15093 
        4.50819         41.5831         2.13156 
         4.5239         41.2261          2.1124 
        4.53962         40.8091         2.09345 
        4.55535         40.4761         2.07473 
        4.57106         40.1106         2.05625 
        4.58678         39.7337           2.038 
         4.6025         39.4119         2.01996 
        4.61821         39.1331         2.00215 
        4.63391         38.8268         1.98457 
         4.6496         38.4609          1.9672 
        4.66532         38.0861         1.95002 
        4.68103         37.7569         1.93304 
        4.69673         37.5635         1.91629 
        4.71241         37.1877         1.89975 
        4.72811         36.9193         1.88337 
        4.74384          36.548         1.86717 
        4.75955         36.1714         1.85118 
        4.77525         35.9466         1.83538 
        4.79096         35.6883         1.81975 
        4.80669         35.4705         1.80429 
         4.8224         35.1262         1.78903 
        4.83809         34.9147         1.77396 
        4.85379         34.6153         1.75905 
         4.8695         34.2937          1.7443 
        4.88521         33.9559         1.72972 
        4.90093         33.7136         1.71531 
        4.91663         33.4341         1.70108 
        4.93234         33.1788         1.68698 
        4.94807         32.9137         1.67304 
        4.96377         32.6672         1.65928 
        4.97943          32.314         1.64571 
        4.99514         32.0946         1.63225 
        5.01086         31.8493         1.61893 
        5.02654         31.6396         1.60579 
        5.04227          31.317         1.59275 
          5.058          31.047         1.57986 
        5.07371         30.9228         1.56713 
        5.08942         30.5735         1.55454 
        5.10513         30.4188         1.54209 
        5.12084         30.1675         1.52976 
        5.13656         29.8812         1.51757 
        5.15225         29.6603         1.50553 
        5.16796         29.4409         1.49361 
        5.18369         29.2153          1.4818 
         5.1994         29.0127         1.47014 
        5.21509         28.7359         1.45861 
        5.23079         28.5722          1.4472 
        5.24649         28.3124         1.43591 
        5.26217          28.053         1.42475 
        5.27788         27.8138          1.4137 
        5.29359         27.6465         1.40276 
        5.30933         27.4074         1.39191 
        5.32504         27.2056          1.3812 
        5.34073         26.9877         1.37062 
        5.35646         26.7802         1.36012 
        5.37218          26.632         1.34973 
        5.38789         26.3269         1.33946 
        5.40357         26.1572         1.32931 
        5.41929         26.0183         1.31925 
        5.43502         25.7876         1.30928 
         5.4507          25.579         1.29944 
        5.46639          25.365         1.28971 
        5.48212         25.2365         1.28004 
        5.49786         25.0443         1.27047 
        5.51353         24.8376         1.26104 
        5.52921          24.652         1.25169 
        5.54495         24.4586         1.24241 
        5.56066         24.2531         1.23324 
        5.57637         24.0947         1.22416 
        5.59207         23.9401         1.21517 
        5.60778         23.7153         1.20628 
        5.62346         23.6123         1.19748 
        5.63916         23.4174         1.18876 
        5.65487         23.2307         1.18013 
         5.6706         23.0371         1.17157 
        5.68633         22.8857         1.16309 
        5.70203         22.6496         1.15471 
        5.71773         22.5357         1.14642 
        5.73344         22.3817          1.1382 
        5.74916         22.1965         1.13005 
        5.76486         22.0574           1.122 
        5.78054         21.8957         1.11403 
        5.79626         21.7153         1.10612 
          5.812         21.5498         1.09828 
         5.8277         21.3868         1.09053 
        5.84339         21.2709         1.08286 
        5.85911         21.0948         1.07525 
        5.87484         20.9736         1.06772 
        5.89053         20.8037         1.06026 
        5.90623         20.6491         1.05288 
        5.92195         20.4975         1.04556 
        5.93767         20.4196          1.0383 
        5.95336         20.2256         1.03113 
        5.96905         20.0715         1.02403 
        5.98476         19.9291         1.01698 
        6.00048         19.7409            1.01 
        6.01617         19.6204         1.00309 
        6.03185          19.468        0.996255 
        6.04756         19.3513        0.989466 
        6.06331         19.2352        0.982726 
        6.07903         19.1087        0.976062 
        6.09473         18.9527        0.969465 
        6.11044         18.8045        0.962924 
        6.12616         18.6818        0.956443 
        6.14186         18.5433        0.950028 
        6.15755         18.4145        0.943672 
        6.17326         18.3302        0.937369 
        6.18898         18.1617         0.93112 
        6.20467         18.0407        0.924938 
        6.22036         17.9252        0.918813 
         6.2361         17.7594        0.912727 
         6.2518         17.6704        0.906705 
        6.26748         17.5436         0.90075 
        6.28319         17.4341        0.894832 
        6.29893         17.3102        0.888962 
        6.31463         17.1757        0.883154 
        6.33033         17.0393        0.877399 
        6.34604         16.9265        0.871692 
        6.36177         16.8217        0.866029 
        6.37747         16.7072        0.860427 
        6.39316         16.6051        0.854877 
        6.40888         16.5031        0.849365 
         6.4246         16.3716        0.843901 
        6.44031         16.2687        0.838488 
        6.45601         16.1722        0.833128 
        6.47172         16.0605        0.827809 
        6.48744         15.9331        0.822534 
        6.50313         15.8321        0.817314 
        6.51882         15.7094         0.81214 
        6.53452         15.6188        0.807006 
        6.55025         15.4821        0.801907 
        6.56597         15.3803        0.796858 
        6.58166         15.3286        0.791859 
        6.59736         15.1567          0.7869 
        6.61307         15.1021        0.781978 
         6.6288         14.9827        0.777096 
         6.6445         14.9223        0.772261 
         6.6602         14.7868        0.767468 
        6.67592         14.6894         0.76271 
        6.69164         14.6123        0.757994 
        6.70735         14.4986        0.753318 
        6.72304          14.406        0.748687 
        6.73874         14.3416        0.744093 
        6.75446         14.2522        0.739532 
        6.77016         14.1405        0.735016 
        6.78585         14.0338        0.730536 
        6.80156         13.9202        0.726093 
        6.81729         13.8468        0.721678 
        6.83301         13.7652        0.717301 
         6.8487         13.6637         0.71297 
         6.8644         13.5733        0.708671 
        6.88012         13.4919        0.704404 
        6.89583         13.3977        0.700175 
        6.91151         13.3102        0.695986 
        6.92723         13.2196        0.691821 
        6.94296         13.1209        0.687688 
        6.95866         13.0594        0.683596 
        6.97436          12.965        0.679538 
        6.99007         12.8745         0.67551 
        7.00578         12.8133        0.671515 
        7.02147         12.7276        0.667556 
        7.03718         12.6511        0.663625 
         7.0529         12.5663        0.659722 
        7.06863         12.4924        0.655848 
        7.08433         12.4019        0.652011 
        7.10004         12.3246        0.648205 
        7.11575         12.2568        0.644428 
        7.13145         12.1831        0.640682 
        7.14715         12.1031        0.636967 
        7.16284         12.0169        0.633284 
        7.17855         11.9346        0.629624 
        7.19428         11.8547        0.625988 
        7.20998          11.789        0.622388 
        7.22568         11.7201        0.618817 
        7.24139         11.6439        0.615271 
        7.25711         11.5851        0.611752 
        7.27282         11.4779         0.60826 
        7.28852         11.4243          0.6048 
        7.30423         11.3689        0.601362 
        7.31995         11.2765        0.597951 
        7.33565         11.2185        0.594569 
        7.35135          11.153        0.591212 
        7.36706         11.0637        0.587882 
        7.38277         11.0059        0.584574 
        7.39847          10.952        0.581294 
        7.41419         10.8656        0.578037 
         7.4299         10.8012        0.574805 
        7.44561         10.7358        0.571599 
        7.46132         10.6648        0.568417 
        7.47701         10.6118        0.565262 
        7.49272         10.5426        0.562128 
        7.50842         10.4685        0.559019 
         7.5241          10.409        0.555937 
        7.53981         10.3384        0.552874 
        7.55552         10.2754        0.549832 
        7.57125         10.2347         0.54681 
        7.58698         10.1609         0.54381 
        7.60268         10.1085        0.540839 
         7.6184         10.0475        0.537887 
        7.63411          9.9689        0.534957 
        7.64981         9.92051         0.53205 
        7.66552         9.83059        0.529165 
        7.68123         9.79608          0.5263 
        7.69695         9.71959        0.523455 
        7.71264         9.68257        0.520635 
        7.72834         9.61851        0.517835 
        7.74407         9.57448         0.51505 
        7.75978         9.49614        0.512288 
        7.77546         9.45818        0.509552 
        7.79116         9.38468        0.506833 
         7.8069         9.34709        0.504127 
         7.8226         9.27879        0.501446 
        7.83828         9.21964        0.498788 
        7.85399         9.16911        0.496147 
        7.86972         9.10765        0.493518 
        7.88543         9.06569        0.490914 
        7.90111         9.01808        0.488332 
        7.91681         8.94941        0.485765 
        7.93255         8.89971        0.483212 
        7.94828         8.84831        0.480677 
        7.96397         8.79807        0.478166 
        7.97967         8.74906        0.475672 
        7.99538         8.68723        0.473195 
         8.0111         8.64968        0.470734 
         8.0268         8.59056        0.468292 
        8.04248         8.54873        0.465871 
         8.0582          8.4915        0.463462 
        8.07393         8.43251        0.461067 
        8.08963         8.38837        0.458694 
        8.10533          8.3425        0.456338 
        8.12104          8.2864        0.453996 
        8.13675         8.24463        0.451671 
        8.15245         8.19016        0.449363 
        8.16815         8.14885        0.447072 
        8.18387         8.11341        0.444794 
        8.19959         8.05891        0.442531 
         8.2153         8.01348        0.440285 
        8.23101         7.97531        0.438055 
        8.24672         7.92075        0.435841 
        8.26241         7.87337        0.433644 
         8.2781         7.83425        0.431463 
        8.29381          7.7913        0.429293 
        8.30952         7.73781        0.427139 
        8.32524         7.69356        0.424997 
        8.34095         7.66177        0.422872 
        8.35666         7.61392        0.420762 
        8.37237         7.56374        0.418665 
        8.38808         7.52528        0.416583 
        8.40379         7.48297        0.414515 
         8.4195         7.43544        0.412461 
         8.4352         7.38975        0.410422 
        8.45091         7.34479        0.408396 
        8.46662         7.30736        0.406383 
        8.48232         7.27073        0.404385 
        8.49802          7.2315          0.4024 
        8.51374         7.18319        0.400426 
        8.52945         7.15342        0.398466 
        8.54515         7.10523        0.396521 
        8.56086         7.08095        0.394587 
        8.57658         7.03104        0.392666 
        8.59228         6.98851        0.390759 
        8.60799         6.95725        0.388863 
        8.62371         6.91514        0.386979 
        8.63942          6.8775        0.385109 
        8.65512         6.84576        0.383252 
        8.67082         6.79047        0.381407 
        8.68653         6.76814        0.379573 
        8.70224         6.72723         0.37775 
        8.71795         6.69476        0.375941 
        8.73365         6.65643        0.374143 
        8.74936         6.62075        0.372357 
        8.76506         6.58401        0.370584 
        8.78076         6.55214        0.368821 
        8.79646         6.51102         0.36707 
        8.81218          6.4869        0.365329 
        8.82791         6.44386        0.363597 
         8.8436         6.41043         0.36188 
         8.8593         6.37652        0.360175 
        8.87503         6.34523        0.358476 
        8.89076         6.30886        0.356789 
        8.90644         6.26533        0.355117 
        8.92214         6.25215        0.353455 
        8.93786         6.20838        0.351801 
        8.95357          6.1769        0.350158 
        8.96928         6.15403        0.348526 
        8.98498         6.11362        0.346905 
        9.00069         6.08042        0.345293 
        9.01639         6.04663        0.343692 
        9.03208         6.01517        0.342103 
        9.04778         5.98398        0.340522 
        9.06351          5.9545        0.338949 
        9.07923          5.9189        0.337387 
        9.09493         5.89039        0.335836 
        9.11062         5.86012        0.334295 
        9.12635         5.82507        0.332762 
        9.14207          5.7957        0.331238 
        9.15777         5.76935        0.329725 
        9.17346         5.73243        0.328223 
        9.18917         5.71276        0.326728 
         9.2049         5.68088        0.325241 
        9.22061         5.65313        0.323765 
        9.23631         5.62265        0.322299 
        9.25201         5.59136        0.320842 
        9.26773          5.5645        0.319392 
        9.28343         5.54282        0.317953 
        9.29913         5.51379        0.316522 
        9.31484         5.48123          0.3151 
        9.33057         5.45577        0.313684 
        9.34627         5.43485        0.312279 
        9.36197         5.40198        0.310884 
        9.37768         5.37248        0.309495 
        9.39338         5.34391        0.308116 
        9.40909         5.32228        0.306745 
        9.42479         5.29326        0.305383 
         9.4405         5.27016        0.304029 
        9.45621         5.24706        0.302682 
        9.47193         5.21594        0.301344 
        9.48763         5.19272        0.300014 
        9.50334          5.1633        0.298692 
        9.51906         5.14219        0.297378 
        9.53476         5.11542        0.296072 
        9.55045         5.09121        0.294775 
        9.56616         5.05994        0.293484 
        9.58188         5.04154          0.2922 
        9.59759          5.0146        0.290924 
         9.6133         4.98764        0.289655 
        9.62901         4.97201        0.288394 
        9.64471         4.94581         0.28714 
        9.66041         4.91809        0.285893 
        9.67612           4.888        0.284652 
        9.69184         4.86881        0.283418 
        9.70754         4.85241        0.282193 
        9.72324         4.82814        0.280976 
        9.73895         4.80606        0.279765 
        9.75467         4.78385        0.278562 
        9.77038          4.7574        0.277368 
        9.78607         4.73763        0.276183 
        9.80177         4.71879        0.275005 
        9.81749         4.69439        0.273834 
         9.8332         4.67057        0.272673 
         9.8489         4.64583         0.27152 
        9.86463          4.6274        0.270372 
        9.88035         4.60487         0.26923 
        9.89606         4.58551        0.268096 
        9.91175         4.56361        0.266967 
        9.92745         4.54187        0.265842 
        9.94317         4.52134        0.264719 
        9.95888         4.49941        0.263599 
        9.97458         4.48152        0.262481 
        9.99029         4.45677        0.261364 
         10.006         4.44155        0.260674 
        10.0217          4.4167        0.260674 
        10.0374         4.40113        0.260674 
        10.0531         4.37952        0.260674 
        10.0688         4.35937        0.260674 
        10.0845         4.33969        0.260674 
        10.1002         4.32084        0.260674 
        10.1159         4.30262        0.260674 
        10.1317         4.27884        0.260674 
        10.1474          4.2666        0.260674 
        10.1631         4.24179        0.260674 
        10.1788         4.22653        0.260674 
        10.1945         4.20474        0.260674 
        10.2102         4.18942        0.260674 
        10.2259         4.17322        0.260674 
        10.2416         4.15512        0.260674 
        10.2573         4.13371        0.260674 
         10.273         4.12045        0.260674 
        10.2887         4.10177        0.260674 
        10.3044         4.08339        0.260674 
        10.3201         4.06613        0.260674 
        10.3359         4.05127        0.260674 
        10.3516         4.02921        0.260674 
        10.3673         4.01622        0.260674 
         10.383         4.00261        0.260674 
        10.3987         3.98165        0.260674 
        10.4144          3.9666        0.260674 
        10.4301         3.95064        0.260674 
        10.4458         3.93399        0.260674 
        10.4615         3.91707        0.260674 
        10.4772          3.9007        0.260674 
        10.4929         3.89081        0.260674 
        10.5086         3.87272        0.260674 
        10.5244         3.85585        0.260674 
        10.5401         3.83997        0.260674 
        10.5558         3.82246        0.260674 
        10.5715         3.80927        0.260674 
        10.5872         3.79507        0.260674 
        10.6029         3.78258        0.260674 
        10.6186         3.76156        0.260674 
        10.6343         3.74773        0.260674 
          10.65         3.73568        0.260674 
        10.6657         3.72165        0.260674 
        10.6814          3.7081        0.260674 
        10.6971         3.69026        0.260674 
        10.7129         3.68162        0.260674 
        10.7286         3.66621        0.260674 
        10.7443         3.65481        0.260674 
          10.76         3.63752        0.260674 
        10.7757         3.62268        0.260674 
        10.7914          3.6126        0.260674 
        10.8071         3.59589        0.260674 
        10.8228         3.58499        0.260674 
        10.8385         3.57244        0.260674 
        10.8542         3.56076        0.260674 
        10.8699         3.54868        0.260674 
        10.8856         3.53324        0.260674 
        10.9014         3.52313        0.260674 
        10.9171         3.51402        0.260674 
        10.9328         3.50134        0.260674 
        10.9485         3.48732        0.260674 
        10.9642         3.46963        0.260674 
        10.9799          3.4594        0.260674 
        10.9956         3.45161        0.260674 
        11.0113         3.43807        0.260674 
         11.027         3.42893        0.260674 
        11.0427         3.41863        0.260674 
        11.0584         3.40406        0.260674 
        11.0741         3.39488        0.260674 
        11.0898         3.38478        0.260674 
        11.1055          3.3747        0.260674 
        11.1212         3.36504        0.260674 
         11.137         3.35243        0.260674 
        11.1527         3.33901        0.260674 
        11.1684         3.32989        0.260674 
        11.1841         3.32144        0.260674 
        11.1998         3.31008        0.260674 
        11.2155         3.30228        0.260674 
        11.2312         3.29406        0.260674 
        11.2469         3.28354        0.260674 
        11.2626          3.2761        0.260674 
        11.2783          3.2629        0.260674 
         11.294         3.25228        0.260674 
        11.3097         3.24573        0.260674 
        11.3254         3.23677        0.260674 
        11.3412         3.22869        0.260674 
        11.3569         3.21915        0.260674 
        11.3726         3.21043        0.260674 
        11.3883         3.20135        0.260674 
         11.404         3.19568        0.260674 
        11.4197         3.18488        0.260674 
        11.4354         3.17755        0.260674 
        11.4511         3.16812        0.260674 
        11.4668         3.16352        0.260674 
        11.4825         3.15443        0.260674 
        11.4982         3.14523        0.260674 
         11.514          3.1374        0.260674 
        11.5297         3.13393        0.260674 
        11.5454         3.12571        0.260674 
        11.5611         3.11732        0.260674 
        11.5768         3.10696        0.260674 
        11.5925         3.10412        0.260674 
        11.6082         3.09422        0.260674 
        11.6239         3.09069        0.260674 
        11.6396         3.08589        0.260674 
        11.6553         3.07502        0.260674 
         11.671         3.07193        0.260674 
        11.6867         3.06535        0.260674 
        11.7024         3.06036        0.260674 
        11.7182         3.05381        0.260674 
        11.7339         3.05284        0.260674 
        11.7496         3.04054        0.260674 
        11.7653         3.03714        0.260674 
         11.781         3.03008        0.260674 
        11.7967         3.02595        0.260674 
        11.8124         3.02482        0.260674 
        11.8281         3.01801        0.260674 
        11.8438         3.01131        0.260674 
        11.8595          3.0067        0.260674 
        11.8752         3.00092        0.260674 
         11.891         2.99667        0.260674 
        11.9067         2.99497        0.260674 
        11.9224         2.99016        0.260674 
        11.9381          2.9877        0.260674 
        11.9538         2.98219        0.260674 
        11.9695         2.97977        0.260674 
        11.9852         2.97363        0.260674 
        12.0009          2.9721        0.260674 
        12.0166         2.96635        0.260674 
        12.0323         2.96658        0.260674 
         12.048         2.96276        0.260674 
        12.0637         2.96104        0.260674 
