# k  (h/Mpc)    Pcb(k)  (Mpc/h)^3    Pcb_linear(k) (Mpc/h)^3   ShotnoiseSubtracted = true
      0.0200456         4667.27         4732.39 
      0.0350414         3080.01         3119.14 
      0.0492313         2129.75         2124.01 
      0.0637834         1756.15         1722.86 
      0.0800726         1368.72         1346.04 
       0.096163         932.848          938.71 
       0.111083          718.88          724.33 
       0.126058         650.189         639.492 
       0.142273         558.167         541.764 
       0.158546          441.33         418.264 
        0.17375         351.627         343.742 
       0.188953         328.551         309.944 
       0.204907          304.71         275.414 
       0.220756         252.025         230.533 
        0.23588         216.767          196.81 
         0.2514         190.911          177.47 
       0.267535         178.254         161.004 
       0.283568         159.431         141.345 
       0.299022         144.447         124.393 
       0.314451         129.396         112.785 
       0.330372         119.943          103.42 
       0.346141         107.668         93.6794 
       0.361624         100.597         84.5272 
       0.377134         93.9735         77.2346 
       0.392932         83.8249         71.2691 
       0.408854         80.3436         65.5861 
       0.424564         76.0637         60.1939 
       0.440253         70.3554         55.5057 
       0.455999         65.7225         51.5372 
       0.471626         61.0663         47.9648 
        0.48727          58.383         44.5836 
       0.502856          55.105         41.5219 
       0.518488         52.6425         38.8116 
       0.534347         50.4918         36.3306 
       0.550082         46.0462         34.0451 
       0.565732         43.3153         31.9437 
       0.581496         41.9882         30.0231 
       0.597222         40.4654         28.2777 
       0.612804         37.8975         26.6781 
       0.628434          36.635         25.1884 
       0.644267         35.4857         23.7941 
       0.660051         33.8618         22.5151 
       0.675724         32.1118         21.3394 
       0.691403          31.061         20.2458 
       0.707174         29.9611         19.2217 
       0.722871          28.831         18.2717 
        0.73838         27.7851         17.3953 
       0.754018         26.5135         16.5691 
       0.769845         25.7481         15.7871 
        0.78569         24.9353         15.0545 
       0.801365         23.9312         14.3751 
       0.817031         23.3226         13.7379 
       0.832809         22.8195         13.1352 
       0.848511         21.4354         12.5713 
       0.864097         21.0465         12.0442 
       0.879701         20.4824         11.5469 
       0.895507         19.9599         11.0716 
       0.911279          19.273         10.6241 
        0.92691         18.8175         10.2049 
       0.942635          18.023         9.80593 
       0.958396         17.7228          9.4274 
       0.974128         17.1438         9.06947 
       0.989692         16.9058         8.73358 
        1.00528         16.4851         8.41415 
        1.02113         15.8056         8.10563 
        1.03692         15.4206         7.81366 
        1.05264         15.2058         7.53734 
        1.06832         14.7039         7.27475 
        1.08405          14.333         7.02392 
        1.09979         14.0184         6.78472 
        1.11537         13.7286         6.55897 
        1.13105         13.4872         6.34211 
        1.14679         13.2582         6.13417 
        1.16256         12.7282         5.93511 
        1.17828         12.6616          5.7455 
        1.19395         12.2401         5.56476 
         1.2097         12.1145         5.39086 
        1.22537         11.7993         5.22518 
          1.241         11.5493         5.06694 
        1.25666         11.2548         4.91483 
        1.27241          11.005         4.76822 
        1.28819          10.788         4.62732 
        1.30392         10.6786         4.49249 
        1.31957         10.4984         4.36362 
        1.33529         10.2916          4.2393 
        1.35108         10.0476         4.11931 
        1.36674         9.93081          4.0048 
         1.3824          9.6659         3.89473 
        1.39811         9.52062          3.7884 
        1.41389         9.38108         3.68563 
        1.42964         9.21778         3.58682 
        1.44531         9.11719         3.49209 
        1.46101         8.84403         3.40057 
        1.47667         8.74855         3.31258 
        1.49229         8.62236         3.22793 
        1.50793         8.48089         3.14613 
        1.52367         8.32386         3.06661 
        1.53953         8.20396          2.9893 
        1.55526         8.07742         2.91526 
        1.57092         7.91547         2.84402 
        1.58662         7.85795         2.77497 
        1.60235         7.70499         2.70808 
        1.61809         7.59728         2.64334 
        1.63369         7.48631         2.58128 
        1.64941          7.3443         2.52076 
        1.66519          7.2886         2.46195 
        1.68085         7.15652         2.40542 
        1.69652         7.04944         2.35064 
        1.71228         6.94289         2.29725 
        1.72806         6.87481         2.24547 
        1.74368         6.74568         2.19579 
        1.75933         6.67893          2.1475 
        1.77505          6.5885         2.10044 
        1.79081         6.47013         2.05469 
         1.8065         6.42217         2.01049 
        1.82218         6.29535         1.96763 
        1.83797         6.24075         1.92571 
        1.85367         6.14336         1.88524 
        1.86928         6.11939         1.84617 
        1.88497         5.97606         1.80798 
        1.90073         5.94534         1.77073 
        1.91647         5.86438         1.73456 
        1.93218         5.81266         1.69946 
        1.94787          5.7122         1.66538 
        1.96363         5.65755          1.6321 
        1.97935         5.54871         1.59979 
        1.99499         5.47807         1.56853 
        2.01064         5.44038         1.53806 
         2.0264         5.38621         1.50819 
        2.04216         5.31172         1.47914 
        2.05781         5.23132         1.45102 
        2.07353         5.20588         1.42353 
        2.08928         5.13244         1.39669 
        2.10499         5.09419         1.37061 
        2.12065         5.00867         1.34527 
        2.13633         4.98519         1.32054 
        2.15211         4.90897         1.29627 
        2.16785         4.85885         1.27268 
        2.18349         4.80604         1.24982 
        2.19916         4.75155         1.22746 
        2.21489          4.6991         1.20558 
        2.23063         4.64702         1.18421 
         2.2463         4.59661         1.16345 
        2.26194         4.53657         1.14324 
        2.27765         4.51519          1.1234 
        2.29341         4.46288         1.10398 
        2.30914         4.39606         1.08505 
        2.32486         4.35078         1.06657 
        2.34061         4.31858          1.0485 
        2.35635         4.28656         1.03085 
        2.37203         4.24468         1.01367 
        2.38768         4.17661        0.996909 
        2.40339         4.15484        0.980468 
        2.41914         4.09479        0.964356 
        2.43483         4.07733        0.948661 
         2.4505         4.03716        0.933339 
        2.46622         3.99451          0.9183 
        2.48195         3.94181         0.90359 
        2.49759         3.92082        0.889278 
        2.51328         3.88522        0.875237 
        2.52906         3.85479        0.861408 
        2.54479         3.80408        0.847927 
        2.56049          3.7819        0.834759 
        2.57618         3.74483         0.82188 
        2.59189         3.69575        0.809252 
        2.60758         3.68494        0.796907 
        2.62325         3.63218        0.784832 
        2.63898         3.59284        0.772964 
        2.65468         3.55515        0.761365 
        2.67044         3.53743        0.749952 
        2.68618         3.51478        0.738798 
        2.70184         3.47122        0.727914 
        2.71755         3.44371         0.71722 
        2.73329         3.41958        0.706723 
        2.74897         3.40141        0.696469 
        2.76462         3.36728         0.68644 
        2.78034         3.31545        0.676565 
        2.79607         3.29599        0.666873 
        2.81179         3.27613        0.657381 
        2.82749         3.23692        0.648083 
        2.84321         3.22722        0.638952 
        2.85893          3.1999            0.63 
        2.87462         3.15921        0.621232 
        2.89033         3.14432        0.612623 
        2.90605         3.11183        0.604168 
        2.92176         3.07879        0.595876 
        2.93747         3.05993        0.587742 
        2.95318          3.0347        0.579758 
        2.96891         3.01449        0.571917 
        2.98456         2.98893        0.564254 
        3.00023         2.95784         0.55672 
        3.01596         2.93865        0.549299 
        3.03164         2.93116        0.542034 
        3.04738         2.89971        0.534878 
         3.0631         2.86881        0.527852 
        3.07883         2.85142        0.520952 
        3.09456         2.83427        0.514175 
        3.11026          2.8091        0.507528 
        3.12596          2.7877        0.500998 
        3.14163         2.76141        0.494598 
        3.15734           2.743        0.488294 
        3.17308         2.72198        0.482083 
        3.18879         2.70332        0.475997 
        3.20447         2.69094        0.470024 
         3.2202         2.65408        0.464134 
         3.2359         2.64588        0.458355 
        3.25157         2.62603        0.452687 
        3.26729         2.61171        0.447097 
        3.28304         2.58976         0.44159 
        3.29877         2.56708        0.436182 
        3.31446         2.55129        0.430876 
        3.33014         2.53649        0.425662 
        3.34585         2.52011        0.420526 
        3.36158         2.49364        0.415466 
        3.37727         2.47704        0.410505 
        3.39294         2.46908        0.405629 
        3.40867         2.44257        0.400814 
        3.42439         2.43052        0.396079 
        3.44008         2.40885        0.391429 
        3.45578         2.39097        0.386849 
        3.47153         2.37853        0.382333 
        3.48724         2.35725        0.377896 
        3.50292         2.34767        0.373539 
        3.51859         2.33213        0.369252 
        3.53431         2.31308        0.365019 
        3.55007         2.29874        0.360841 
        3.56577         2.28394        0.356745 
        3.58146          2.2762        0.352714 
        3.59719         2.26178        0.348735 
        3.61292         2.23881        0.344818 
        3.62859            2.22        0.340976 
        3.64429          2.2069        0.337184 
        3.66003          2.1943        0.333439 
        3.67578         2.18473        0.329751 
        3.69146         2.16171        0.326132 
        3.70712          2.1567        0.322574 
        3.72284         2.13856        0.319055 
        3.73853         2.12367        0.315594 
        3.75422         2.11091        0.312183 
        3.76993         2.09504         0.30882 
        3.78564         2.08523        0.305506 
        3.80137         2.07359        0.302236 
        3.81707         2.05508         0.29902 
        3.83279         2.04218        0.295848 
        3.84853          2.0288        0.292716 
        3.86424         2.01849        0.289635 
        3.87992         2.00416        0.286603 
        3.89561         1.99799        0.283614 
        3.91134         1.98105        0.280662 
        3.92704         1.96991        0.277754 
        3.94273         1.95423         0.27489 
        3.95845         1.94064        0.272061 
        3.97418         1.93001         0.26927 
        3.98988         1.91636        0.266523 
        4.00554          1.8998        0.263821 
        4.02125         1.88906        0.261148 
        4.03698         1.88083        0.258508 
        4.05268         1.86578         0.25591 
        4.06839         1.85698        0.253346 
         4.0841         1.84473        0.250817 
        4.09983         1.82771        0.248319 
        4.11555         1.81971        0.245856 
        4.13124         1.80577        0.243433 
        4.14693         1.79216         0.24104 
        4.16266         1.78043        0.238673 
        4.17839         1.77064        0.236339 
        4.19408         1.75764        0.234042 
        4.20977         1.74442        0.231774 
        4.22551         1.73603         0.22953 
        4.24123         1.72477        0.227318 
        4.25691         1.71289        0.225142 
        4.27259         1.70695        0.222992 
        4.28831         1.69641        0.220866 
        4.30404         1.68498        0.218766 
        4.31974         1.67446        0.216697 
        4.33543         1.66605        0.214656 
        4.35116         1.64848        0.212637 
        4.36688          1.6499        0.210643 
        4.38255         1.63836        0.208683 
        4.39825         1.62392        0.206743 
        4.41398         1.61788        0.204824 
         4.4297         1.60301        0.202931 
        4.44541         1.59383        0.201062 
        4.46111         1.58581        0.199218 
        4.47683         1.57385        0.197395 
        4.49251         1.57147        0.195599 
        4.50819         1.56298        0.193825 
         4.5239         1.55189        0.192071 
        4.53962         1.54581        0.190336 
        4.55535          1.5374        0.188621 
        4.57106         1.52949         0.18693 
        4.58678         1.52106        0.185259 
         4.6025         1.51218        0.183608 
        4.61821         1.50195        0.181977 
        4.63391         1.49428        0.180368 
         4.6496          1.4877        0.178779 
        4.66532         1.47809        0.177207 
        4.68103         1.47467        0.175653 
        4.69673         1.46556         0.17412 
        4.71241         1.45582        0.172607 
        4.72811         1.44849        0.171109 
        4.74384          1.4429        0.169626 
        4.75955         1.43869        0.168164 
        4.77525         1.43071        0.166719 
        4.79096         1.42236        0.165289 
        4.80669         1.41379        0.163876 
         4.8224         1.41088         0.16248 
        4.83809         1.40083        0.161102 
        4.85379         1.39596        0.159739 
         4.8695          1.3881         0.15839 
        4.88521         1.38044        0.157057 
        4.90093         1.37711         0.15574 
        4.91663          1.3714        0.154439 
        4.93234         1.36213        0.153151 
        4.94807         1.36035        0.151876 
        4.96377         1.35287        0.150619 
        4.97943         1.34447        0.149378 
        4.99514          1.3397        0.148148 
        5.01086         1.33091        0.146931 
        5.02654         1.32591         0.14573 
        5.04227         1.32423        0.144539 
          5.058           1.316        0.143361 
        5.07371          1.3108        0.142199 
        5.08942         1.30581        0.141048 
        5.10513         1.30008        0.139911 
        5.12084         1.29393        0.138785 
        5.13656         1.28789        0.137672 
        5.15225         1.28382        0.136572 
        5.16796          1.2791        0.135483 
        5.18369         1.27415        0.134405 
         5.1994         1.26909         0.13334 
        5.21509         1.26237        0.132288 
        5.23079         1.25918        0.131246 
        5.24649         1.25362        0.130215 
        5.26217         1.24865        0.129197 
        5.27788          1.2412        0.128187 
        5.29359         1.24076        0.127189 
        5.30933         1.23707        0.126199 
        5.32504         1.23022        0.125221 
        5.34073         1.22454        0.124255 
        5.35646         1.22012        0.123297 
        5.37218          1.2131        0.122349 
        5.38789         1.21355        0.121412 
        5.40357         1.20916        0.120486 
        5.41929         1.20304        0.119568 
        5.43502         1.19794        0.118659 
         5.4507          1.1943        0.117761 
        5.46639         1.19189        0.116873 
        5.48212         1.18584        0.115992 
        5.49786          1.1836        0.115118 
        5.51353         1.17711        0.114258 
        5.52921         1.17298        0.113406 
        5.54495         1.16874        0.112559 
        5.56066         1.16416        0.111723 
        5.57637          1.1606        0.110895 
        5.59207         1.15681        0.110076 
        5.60778         1.15193        0.109264 
        5.62346         1.14924        0.108462 
        5.63916         1.14403        0.107668 
        5.65487         1.14253         0.10688 
         5.6706         1.13713          0.1061 
        5.68633         1.13546        0.105327 
        5.70203         1.12804        0.104564 
        5.71773         1.12691        0.103808 
        5.73344         1.12159        0.103059 
        5.74916         1.11753        0.102316 
        5.76486         1.11432        0.101582 
        5.78054          1.1111        0.100856 
        5.79626         1.10873        0.100135 
          5.812         1.10629       0.0994209 
         5.8277         1.09984       0.0987153 
        5.84339         1.09776       0.0980166 
        5.85911         1.09293       0.0973232 
        5.87484         1.09296       0.0966366 
        5.89053         1.09042       0.0959579 
        5.90623         1.08599       0.0952854 
        5.92195         1.08153       0.0946181 
        5.93767         1.07997       0.0939575 
        5.95336          1.0761       0.0933043 
        5.96905         1.07312       0.0926574 
        5.98476         1.06667       0.0920158 
        6.00048         1.06516       0.0913799 
        6.01617         1.06134       0.0907509 
        6.03185         1.05909       0.0901285 
        6.04756         1.05569       0.0895104 
        6.06331         1.05529       0.0888968 
        6.07903         1.05128       0.0882901 
        6.09473         1.04956       0.0876896 
        6.11044         1.04525       0.0870942 
        6.12616         1.04158       0.0865043 
        6.14186         1.03879       0.0859204 
        6.15755         1.03628       0.0853418 
        6.17326         1.03298       0.0847682 
        6.18898         1.03083       0.0841995 
        6.20467         1.02843        0.083637 
        6.22036         1.02502       0.0830796 
         6.2361         1.02032       0.0825257 
         6.2518         1.01955       0.0819778 
        6.26748         1.01503        0.081436 
        6.28319         1.01237       0.0808976 
        6.29893         1.01039       0.0803635 
        6.31463         1.00974       0.0798352 
        6.33033         1.00558       0.0793117 
        6.34604         1.00168       0.0787925 
        6.36177         1.00153       0.0782774 
        6.37747        0.998664       0.0777678 
        6.39316        0.995184       0.0772631 
        6.40888        0.991406       0.0767618 
         6.4246        0.991686       0.0762649 
        6.44031         0.98576       0.0757726 
        6.45601        0.984508       0.0752853 
        6.47172        0.981882       0.0748016 
        6.48744        0.979635       0.0743219 
        6.50313        0.977084       0.0738473 
        6.51882        0.972721       0.0733769 
        6.53452        0.971559       0.0729101 
        6.55025        0.969366       0.0724466 
        6.56597        0.967058       0.0719876 
        6.58166        0.966575       0.0715332 
        6.59736        0.963298       0.0710824 
        6.61307        0.961439       0.0706351 
         6.6288         0.95954       0.0701913 
         6.6445        0.955425       0.0697519 
         6.6602        0.953846       0.0693163 
        6.67592        0.950113       0.0688839 
        6.69164        0.950053       0.0684553 
        6.70735        0.948244       0.0680305 
        6.72304        0.943498       0.0676096 
        6.73874        0.944768       0.0671922 
        6.75446        0.940092       0.0667778 
        6.77016        0.939766       0.0663675 
        6.78585        0.936654       0.0659605 
        6.80156        0.933567       0.0655568 
        6.81729        0.933025       0.0651558 
        6.83301        0.930035       0.0647582 
         6.8487        0.929344       0.0643647 
         6.8644        0.926822       0.0639743 
        6.88012        0.923691       0.0635867 
        6.89583        0.921255       0.0632026 
        6.91151        0.921166       0.0628222 
        6.92723        0.918387        0.062444 
        6.94296        0.916773       0.0620687 
        6.95866        0.914108       0.0616971 
        6.97436        0.911127       0.0613286 
        6.99007        0.909269       0.0609628 
        7.00578         0.91033       0.0606001 
        7.02147        0.905276       0.0602407 
        7.03718        0.905421       0.0598838 
         7.0529        0.902574       0.0595294 
        7.06863        0.900537       0.0591777 
        7.08433        0.898024       0.0588294 
        7.10004         0.89687       0.0584839 
        7.11575        0.894986       0.0581411 
        7.13145        0.893471       0.0578011 
        7.14715        0.889996       0.0574639 
        7.16284        0.890128       0.0571297 
        7.17855        0.888113       0.0567975 
        7.19428        0.885667       0.0564675 
        7.20998        0.884284       0.0561408 
        7.22568         0.88294       0.0558167 
        7.24139        0.878479        0.055495 
        7.25711        0.877955       0.0551757 
        7.27282        0.877067       0.0548589 
        7.28852        0.874388       0.0545449 
        7.30423        0.872045        0.054233 
        7.31995        0.872559       0.0539236 
        7.33565        0.868997       0.0536167 
        7.35135        0.868812       0.0533122 
        7.36706        0.865693       0.0530101 
        7.38277        0.866315       0.0527101 
        7.39847        0.863305       0.0524126 
        7.41419        0.862088       0.0521172 
         7.4299        0.861046        0.051824 
        7.44561        0.858217       0.0515332 
        7.46132        0.855782       0.0512446 
        7.47701        0.854876       0.0509585 
        7.49272        0.853622       0.0506743 
        7.50842        0.851146       0.0503924 
         7.5241        0.850109       0.0501129 
        7.53981        0.848386       0.0498351 
        7.55552         0.84903       0.0495594 
        7.57125        0.846863       0.0492854 
        7.58698        0.844733       0.0490134 
        7.60268         0.84286        0.048744 
         7.6184        0.839835       0.0484763 
        7.63411        0.838883       0.0482107 
        7.64981        0.838458       0.0479473 
        7.66552        0.836212       0.0476858 
        7.68123        0.835069        0.047426 
        7.69695        0.835201       0.0471681 
        7.71264        0.833704       0.0469125 
        7.72834         0.83104       0.0466587 
        7.74407        0.830456       0.0464064 
        7.75978        0.829408        0.046156 
        7.77546        0.828339        0.045908 
        7.79116         0.82521       0.0456616 
         7.8069        0.824527       0.0454165 
         7.8226        0.823217       0.0451735 
        7.83828        0.822307       0.0449327 
        7.85399        0.820506       0.0446933 
        7.86972         0.81899       0.0444552 
        7.88543        0.817453       0.0442192 
        7.90111        0.817303       0.0439853 
        7.91681        0.815083       0.0437527 
        7.93255        0.814325       0.0435214 
        7.94828        0.812125       0.0432918 
        7.96397        0.811643       0.0430643 
        7.97967        0.809186       0.0428384 
        7.99538        0.809102        0.042614 
         8.0111        0.806705       0.0423911 
         8.0268         0.80682       0.0421699 
        8.04248        0.805391       0.0419506 
         8.0582        0.804107       0.0417324 
        8.07393         0.80434       0.0415155 
        8.08963        0.802529       0.0413005 
        8.10533        0.800699       0.0410872 
        8.12104         0.80008       0.0408751 
        8.13675        0.798643       0.0406645 
        8.15245        0.798278       0.0404556 
        8.16815        0.796924       0.0402481 
        8.18387        0.796054       0.0400418 
        8.19959        0.795156       0.0398369 
         8.2153        0.793417       0.0396336 
        8.23101        0.792672       0.0394317 
        8.24672        0.791888       0.0392312 
        8.26241         0.79181       0.0390323 
         8.2781        0.789735       0.0388348 
        8.29381        0.788569       0.0386384 
        8.30952        0.788622       0.0384434 
        8.32524        0.786833       0.0382495 
        8.34095        0.786789       0.0380571 
        8.35666        0.785141       0.0378661 
        8.37237        0.785127       0.0376763 
        8.38808        0.783767       0.0374879 
        8.40379         0.78264       0.0373007 
         8.4195        0.783358       0.0371148 
         8.4352        0.779612       0.0369302 
        8.45091        0.780477       0.0367469 
        8.46662        0.778161       0.0365647 
        8.48232        0.778683       0.0363839 
        8.49802        0.777937       0.0362043 
        8.51374        0.775846       0.0360257 
        8.52945         0.77489       0.0358483 
        8.54515        0.774955       0.0356723 
        8.56086        0.774655       0.0354973 
        8.57658        0.772852       0.0353234 
        8.59228        0.772957       0.0351509 
        8.60799        0.771622       0.0349793 
        8.62371        0.770769        0.034809 
        8.63942        0.769566       0.0346397 
        8.65512        0.769993       0.0344717 
        8.67082        0.768462       0.0343048 
        8.68653        0.766285       0.0341389 
        8.70224        0.766313       0.0339741 
        8.71795        0.765431       0.0338104 
        8.73365        0.765752       0.0336478 
        8.74936        0.763902       0.0334862 
        8.76506        0.764948       0.0333258 
        8.78076         0.76443       0.0331664 
        8.79646        0.763202        0.033008 
        8.81218        0.762609       0.0328505 
        8.82791        0.761607       0.0326939 
         8.8436        0.760875       0.0325386 
         8.8593         0.76001       0.0323844 
        8.87503        0.758962       0.0322308 
        8.89076         0.75951       0.0320782 
        8.90644        0.758237        0.031927 
        8.92214        0.757303       0.0317767 
        8.93786        0.756144       0.0316271 
        8.95357        0.755435       0.0314785 
        8.96928        0.753501        0.031331 
        8.98498        0.754814       0.0311844 
        9.00069        0.753899       0.0310387 
        9.01639        0.752852       0.0308939 
        9.03208        0.752742       0.0307502 
        9.04778        0.752497       0.0306073 
        9.06351        0.750595       0.0304651 
        9.07923        0.751837       0.0303239 
        9.09493        0.749585       0.0301837 
        9.11062        0.750283       0.0300444 
        9.12635        0.748761       0.0299058 
        9.14207        0.748935       0.0297681 
        9.15777        0.748571       0.0296313 
        9.17346        0.747797       0.0294956 
        9.18917        0.746323       0.0293604 
         9.2049        0.746496       0.0292261 
        9.22061        0.745684       0.0290926 
        9.23631         0.74538       0.0289601 
        9.25201        0.744936       0.0288284 
        9.26773         0.74378       0.0286974 
        9.28343         0.74388       0.0285673 
        9.29913        0.743839        0.028438 
        9.31484        0.742988       0.0283095 
        9.33057        0.742369       0.0281816 
        9.34627        0.740945       0.0280546 
        9.36197        0.741334       0.0279285 
        9.37768        0.739613       0.0278031 
        9.39338        0.741691       0.0276785 
        9.40909        0.740305       0.0275546 
        9.42479         0.73844       0.0274315 
         9.4405        0.739467       0.0273092 
        9.45621        0.738471       0.0271875 
        9.47193        0.738501       0.0270666 
        9.48763        0.737542       0.0269465 
        9.50334        0.737717        0.026827 
        9.51906          0.7373       0.0267083 
        9.53476        0.735721       0.0265904 
        9.55045        0.737381       0.0264732 
        9.56616        0.736187       0.0263566 
        9.58188        0.735569       0.0262406 
        9.59759        0.735612       0.0261254 
         9.6133        0.734449       0.0260108 
        9.62901        0.734614       0.0258968 
        9.64471        0.733531       0.0257836 
        9.66041        0.733416        0.025671 
        9.67612        0.732575       0.0255589 
        9.69184        0.733118       0.0254475 
        9.70754        0.733582       0.0253369 
        9.72324        0.732406       0.0252269 
        9.73895        0.732019       0.0251176 
        9.75467        0.731288        0.025009 
        9.77038        0.731396       0.0249011 
        9.78607        0.731605       0.0247941 
        9.80177        0.730498       0.0246878 
        9.81749        0.730824       0.0245821 
         9.8332        0.730811       0.0244772 
         9.8489        0.730279       0.0243731 
        9.86463         0.72966       0.0242695 
        9.88035        0.730438       0.0241665 
        9.89606        0.729448        0.024064 
        9.91175        0.730103       0.0239621 
        9.92745        0.728509       0.0238606 
        9.94317        0.728606       0.0237592 
        9.95888        0.728815       0.0236581 
        9.97458        0.727945       0.0235572 
        9.99029        0.728113       0.0234564 
         10.006         0.72852       0.0233942 
        10.0217        0.727905       0.0233942 
        10.0374        0.727933       0.0233942 
        10.0531        0.727207       0.0233942 
        10.0688        0.726938       0.0233942 
        10.0845        0.727485       0.0233942 
        10.1002        0.728006       0.0233942 
        10.1159        0.726589       0.0233942 
        10.1317        0.726875       0.0233942 
        10.1474        0.727009       0.0233942 
        10.1631        0.726217       0.0233942 
        10.1788        0.726937       0.0233942 
        10.1945        0.727124       0.0233942 
        10.2102        0.725844       0.0233942 
        10.2259        0.726906       0.0233942 
        10.2416        0.725725       0.0233942 
        10.2573        0.725216       0.0233942 
         10.273        0.725446       0.0233942 
        10.2887        0.725473       0.0233942 
        10.3044        0.725757       0.0233942 
        10.3201         0.72584       0.0233942 
        10.3359        0.725747       0.0233942 
        10.3516         0.72551       0.0233942 
        10.3673        0.725926       0.0233942 
         10.383        0.725205       0.0233942 
        10.3987        0.725992       0.0233942 
        10.4144        0.725832       0.0233942 
        10.4301        0.725797       0.0233942 
        10.4458        0.725531       0.0233942 
        10.4615        0.725844       0.0233942 
        10.4772        0.725455       0.0233942 
        10.4929        0.725736       0.0233942 
        10.5086         0.72606       0.0233942 
        10.5244        0.726145       0.0233942 
        10.5401        0.726671       0.0233942 
        10.5558        0.726192       0.0233942 
        10.5715           0.726       0.0233942 
        10.5872        0.726206       0.0233942 
        10.6029        0.726899       0.0233942 
        10.6186        0.727522       0.0233942 
        10.6343        0.725902       0.0233942 
          10.65        0.727642       0.0233942 
        10.6657        0.727188       0.0233942 
        10.6814        0.727519       0.0233942 
        10.6971        0.727438       0.0233942 
        10.7129        0.726824       0.0233942 
        10.7286        0.727862       0.0233942 
        10.7443        0.727826       0.0233942 
          10.76         0.72739       0.0233942 
        10.7757        0.728283       0.0233942 
        10.7914        0.728708       0.0233942 
        10.8071        0.728238       0.0233942 
        10.8228        0.728655       0.0233942 
        10.8385         0.72932       0.0233942 
        10.8542        0.729019       0.0233942 
        10.8699        0.730364       0.0233942 
        10.8856        0.729744       0.0233942 
        10.9014        0.730189       0.0233942 
        10.9171        0.731014       0.0233942 
        10.9328        0.730264       0.0233942 
        10.9485        0.731262       0.0233942 
        10.9642        0.731838       0.0233942 
        10.9799        0.731891       0.0233942 
        10.9956        0.732367       0.0233942 
        11.0113        0.732974       0.0233942 
         11.027        0.733045       0.0233942 
        11.0427        0.733997       0.0233942 
        11.0584        0.733909       0.0233942 
        11.0741        0.734353       0.0233942 
        11.0898        0.734602       0.0233942 
        11.1055        0.735704       0.0233942 
        11.1212        0.735339       0.0233942 
         11.137         0.73579       0.0233942 
        11.1527        0.736358       0.0233942 
        11.1684        0.736658       0.0233942 
        11.1841        0.737119       0.0233942 
        11.1998        0.738813       0.0233942 
        11.2155        0.738487       0.0233942 
        11.2312        0.738898       0.0233942 
        11.2469        0.739666       0.0233942 
        11.2626        0.740737       0.0233942 
        11.2783        0.739876       0.0233942 
         11.294        0.740925       0.0233942 
        11.3097        0.742004       0.0233942 
        11.3254        0.742522       0.0233942 
        11.3412        0.742601       0.0233942 
        11.3569        0.743418       0.0233942 
        11.3726        0.745286       0.0233942 
        11.3883        0.744445       0.0233942 
         11.404        0.745292       0.0233942 
        11.4197        0.746691       0.0233942 
        11.4354         0.74659       0.0233942 
        11.4511        0.748019       0.0233942 
        11.4668        0.747732       0.0233942 
        11.4825        0.749402       0.0233942 
        11.4982        0.749976       0.0233942 
         11.514        0.751252       0.0233942 
        11.5297        0.751885       0.0233942 
        11.5454        0.753083       0.0233942 
        11.5611        0.753275       0.0233942 
        11.5768        0.754174       0.0233942 
        11.5925        0.755326       0.0233942 
        11.6082        0.755741       0.0233942 
        11.6239        0.757258       0.0233942 
        11.6396        0.758087       0.0233942 
        11.6553        0.759027       0.0233942 
         11.671        0.759408       0.0233942 
        11.6867        0.760254       0.0233942 
        11.7024        0.761989       0.0233942 
        11.7182        0.763075       0.0233942 
        11.7339         0.76401       0.0233942 
        11.7496        0.764685       0.0233942 
        11.7653        0.765725       0.0233942 
         11.781        0.767515       0.0233942 
        11.7967        0.768138       0.0233942 
        11.8124        0.769602       0.0233942 
        11.8281        0.769331       0.0233942 
        11.8438        0.771616       0.0233942 
        11.8595        0.773246       0.0233942 
        11.8752         0.77438       0.0233942 
         11.891        0.775093       0.0233942 
        11.9067        0.776127       0.0233942 
        11.9224        0.777672       0.0233942 
        11.9381        0.778682       0.0233942 
        11.9538        0.780457       0.0233942 
        11.9695        0.781151       0.0233942 
        11.9852        0.783122       0.0233942 
        12.0009        0.784435       0.0233942 
        12.0166        0.786133       0.0233942 
        12.0323        0.786286       0.0233942 
         12.048        0.788699       0.0233942 
        12.0637        0.789911       0.0233942 
