# k  (h/Mpc)    Pcb(k)  (Mpc/h)^3    Pcb_linear(k) (Mpc/h)^3   ShotnoiseSubtracted = true
      0.0200456         16079.2         16358.3 
      0.0350414         10214.2         10531.5 
      0.0492313         7214.37         7264.46 
      0.0637834         6083.38         5920.55 
      0.0800726         4591.11         4446.57 
       0.096163          3054.8         3070.13 
       0.111083         2448.81         2462.95 
       0.126058         2246.42         2181.47 
       0.142273         1885.57         1758.52 
       0.158546         1563.39         1349.46 
        0.17375         1254.93         1159.48 
       0.188953         1214.15         1048.59 
       0.204907         1116.02         892.445 
       0.220756         943.008         740.137 
        0.23588         834.894         653.675 
         0.2514         723.275         594.564 
       0.267535         701.048         523.809 
       0.283568         630.811         454.842 
       0.299022         590.373         408.226 
       0.314451         555.077         373.663 
       0.330372         508.647         337.288 
       0.346141         461.108         302.432 
       0.361624         444.716         275.292 
       0.377134          409.45         253.446 
       0.392932         388.514         232.407 
       0.408854         373.106         212.272 
       0.424564         349.585         195.306 
       0.440253         340.814         180.922 
       0.455999         318.961         167.656 
       0.471626         301.156         155.377 
        0.48727         287.973         144.392 
       0.502856         278.537         134.747 
       0.518488          275.21         125.922 
       0.534347         257.343         117.625 
       0.550082         243.206         110.128 
       0.565732         239.256         103.387 
       0.581496         224.999         97.1721 
       0.597222         220.183         91.4358 
       0.612804         213.304         86.1938 
       0.628434         204.115         81.3692 
       0.644267         197.604         76.8616 
       0.660051         194.233         72.7026 
       0.675724         189.566         68.8726 
       0.691403         183.812         65.3135 
       0.707174         176.989         61.9844 
       0.722871         173.783         58.8989 
        0.73838         170.323         56.0549 
       0.754018         166.134          53.376 
       0.769845         159.981         50.8419 
        0.78569         158.673          48.469 
       0.801365         152.316           46.27 
       0.817031         147.781         44.2082 
       0.832809         146.425         42.2583 
       0.848511           141.4          40.434 
       0.864097         139.765         38.7293 
       0.879701         136.574         37.1208 
       0.895507          132.64         35.5841 
       0.911279         128.855         34.1372 
        0.92691         128.589         32.7821 
       0.942635         124.516         31.4928 
       0.958396          124.08         30.2697 
       0.974128         120.695         29.1134 
       0.989692          117.92         28.0285 
        1.00528         115.849         26.9971 
        1.02113         114.477         26.0011 
        1.03692         111.274         25.0588 
        1.05264         108.984         24.1673 
        1.06832          106.87         23.3203 
        1.08405         105.253         22.5115 
        1.09979         104.374         21.7403 
        1.11537          101.52         21.0127 
        1.13105         100.108         20.3139 
        1.14679         99.3428          19.644 
        1.16256         97.8789         19.0029 
        1.17828         95.8158         18.3923 
        1.19395         93.8996         17.8104 
         1.2097         92.7373         17.2507 
        1.22537         91.5527         16.7176 
          1.241         89.8594         16.2084 
        1.25666         88.3048         15.7191 
        1.27241         86.5828         15.2476 
        1.28819         85.6834         14.7945 
        1.30392         83.6137         14.3611 
        1.31957         83.1579         13.9468 
        1.33529         81.0962         13.5473 
        1.35108         80.3214         13.1617 
        1.36674          79.607         12.7938 
         1.3824         77.9653         12.4402 
        1.39811         76.8418         12.0987 
        1.41389         75.8753         11.7687 
        1.42964          74.132         11.4514 
        1.44531          72.951         11.1474 
        1.46101         71.8114         10.8536 
        1.47667         71.6737         10.5712 
        1.49229         70.3096         10.2996 
        1.50793         69.5192         10.0372 
        1.52367         68.3198         9.78209 
        1.53953          67.243         9.53413 
        1.55526         66.7706         9.29669 
        1.57092         66.1647         9.06826 
        1.58662         64.3723         8.84691 
        1.60235         64.2364         8.63247 
        1.61809         63.1247         8.42499 
        1.63369         62.4405         8.22611 
        1.64941         62.0076          8.0322 
        1.66519         60.2459         7.84379 
        1.68085         60.2015         7.66273 
        1.69652         58.6578         7.48729 
        1.71228          58.495         7.31631 
        1.72806         57.8871         7.15049 
        1.74368         56.9407         6.99145 
        1.75933         55.9805         6.83688 
        1.77505         55.6497         6.68624 
        1.79081         54.6229         6.53984 
         1.8065         53.8378         6.39841 
        1.82218         53.2057         6.26127 
        1.83797         52.5371         6.12718 
        1.85367         52.2557         5.99772 
        1.86928         51.4849         5.87276 
        1.88497         50.7608         5.75065 
        1.90073         50.0719         5.63153 
        1.91647         49.7485         5.51588 
        1.93218         49.0599         5.40369 
        1.94787         48.4834         5.29476 
        1.96363            47.8         5.18839 
        1.97935         47.3805         5.08513 
        1.99499         46.7878         4.98525 
        2.01064         46.2061         4.88788 
         2.0264         45.3945         4.79249 
        2.04216          45.098         4.69966 
        2.05781         44.4822         4.60987 
        2.07353         43.6689         4.52208 
        2.08928         43.3915         4.43637 
        2.10499         42.7232          4.3531 
        2.12065         42.3629         4.27219 
        2.13633         41.9565         4.19326 
        2.15211         41.6365          4.1158 
        2.16785         41.1059         4.04049 
        2.18349         40.7931         3.96753 
        2.19916         40.0546          3.8962 
        2.21489         39.7636         3.82637 
        2.23063         39.4131          3.7582 
         2.2463         38.7826         3.69198 
        2.26194         38.1945         3.62751 
        2.27765         38.1636         3.56424 
        2.29341         37.4882          3.5023 
        2.30914         36.9724         3.44194 
        2.32486         36.3768         3.38304 
        2.34061         36.2143          3.3254 
        2.35635         35.5237         3.26915 
        2.37203         35.3188         3.21438 
        2.38768         34.8893         3.16097 
        2.40339         34.5619         3.10857 
        2.41914           34.17         3.05722 
        2.43483         33.9288         3.00721 
         2.4505         33.6226          2.9584 
        2.46622         33.0664         2.91049 
        2.48195         32.7714         2.86363 
        2.49759          32.322         2.81804 
        2.51328         31.9389         2.77332 
        2.52906         31.5958         2.72928 
        2.54479         31.3291         2.68635 
        2.56049         30.8343         2.64442 
        2.57618         30.6707         2.60341 
        2.59189         30.2026         2.56321 
        2.60758         30.0405         2.52391 
        2.62325         29.6216         2.48547 
        2.63898         29.3421          2.4477 
        2.65468         28.8533         2.41078 
        2.67044         28.5614         2.37446 
        2.68618         28.3113         2.33897 
        2.70184         28.0517         2.30434 
        2.71755         27.7799         2.27032 
        2.73329         27.5116         2.23692 
        2.74897         27.1052          2.2043 
        2.76462           26.86          2.1724 
        2.78034         26.6973           2.141 
        2.79607         26.3524         2.11017 
        2.81179         26.0673         2.07999 
        2.82749         25.6842         2.05042 
        2.84321         25.4902         2.02139 
        2.85893           25.29         1.99292 
        2.87462         24.9817         1.96505 
        2.89033         24.6743         1.93768 
        2.90605         24.5145         1.91081 
        2.92176         24.2299         1.88445 
        2.93747         24.0069          1.8586 
        2.95318         23.7175         1.83322 
        2.96891         23.4871         1.80831 
        2.98456         23.2712         1.78396 
        3.00023         22.9624         1.76002 
        3.01596         22.7471         1.73645 
        3.03164         22.5942         1.71336 
        3.04738         22.3535         1.69063 
         3.0631         22.0438         1.66832 
        3.07883           21.87          1.6464 
        3.09456         21.6691         1.62487 
        3.11026         21.4494         1.60376 
        3.12596         21.2406         1.58303 
        3.14163          21.075         1.56271 
        3.15734         20.8339         1.54269 
        3.17308         20.5729         1.52297 
        3.18879          20.459         1.50365 
        3.20447         20.2194         1.48469 
         3.2202         19.9755         1.46599 
         3.2359          19.833         1.44765 
        3.25157         19.5937         1.42966 
        3.26729         19.4676         1.41192 
        3.28304         19.2341         1.39444 
        3.29877         19.0528         1.37728 
        3.31446         18.8098         1.36044 
        3.33014         18.6522          1.3439 
        3.34585         18.4965         1.32761 
        3.36158         18.2897         1.31155 
        3.37727         18.1297         1.29581 
        3.39294         17.9361         1.28035 
        3.40867         17.7899         1.26507 
        3.42439         17.6052         1.25006 
        3.44008         17.5191         1.23531 
        3.45578         17.2183         1.22079 
        3.47153         17.0781         1.20646 
        3.48724         16.9122         1.19239 
        3.50292         16.8226         1.17858 
        3.51859         16.5969         1.16499 
        3.53431         16.4709         1.15157 
        3.55007         16.2925         1.13832 
        3.56577          16.126         1.12534 
        3.58146         15.9917         1.11256 
        3.59719         15.8329         1.09995 
        3.61292         15.7086         1.08753 
        3.62859         15.5309         1.07536 
        3.64429         15.4072         1.06334 
        3.66003         15.2372         1.05147 
        3.67578         15.1608         1.03979 
        3.69146         15.0219         1.02832 
        3.70712         14.8178         1.01705 
        3.72284         14.6995          1.0059 
        3.73853          14.566        0.994934 
        3.75422         14.4749        0.984129 
        3.76993         14.2965        0.973474 
        3.78564         14.1544        0.962979 
        3.80137         14.0419        0.952621 
        3.81707         13.9244        0.942435 
        3.83279         13.7687        0.932389 
        3.84853         13.6499        0.922472 
        3.86424         13.5157        0.912717 
        3.87992         13.4136        0.903116 
        3.89561         13.2665        0.893652 
        3.91134         13.1978        0.884303 
        3.92704         13.0185        0.875097 
        3.94273         12.9621         0.86603 
        3.95845         12.8055        0.857074 
        3.97418         12.7079        0.848242 
        3.98988           12.59        0.839545 
        4.00554         12.4722        0.830993 
        4.02125         12.4119        0.822534 
        4.03698         12.2636        0.814179 
        4.05268         12.1366        0.805957 
        4.06839         12.0174        0.797842 
         4.0841         11.9425        0.789841 
        4.09983         11.8376        0.781937 
        4.11555         11.7085        0.774144 
        4.13124         11.6206        0.766477 
        4.14693         11.5332        0.758906 
        4.16266         11.4179        0.751419 
        4.17839         11.3445        0.744037 
        4.19408         11.2359         0.73677 
        4.20977         11.1309        0.729597 
        4.22551         11.0037          0.7225 
        4.24123         10.9341        0.715504 
        4.25691         10.8286         0.70862 
        4.27259         10.7599        0.701823 
        4.28831          10.658          0.6951 
        4.30404         10.5869        0.688459 
        4.31974         10.4799        0.681918 
        4.33543         10.3794        0.675465 
        4.35116         10.2872        0.669079 
        4.36688         10.2358        0.662777 
        4.38255         10.1248         0.65658 
        4.39825         10.0466        0.650447 
        4.41398         9.96221         0.64438 
         4.4297         9.86393        0.638396 
        4.44541         9.78782        0.632489 
        4.46111         9.70311         0.62666 
        4.47683         9.60634        0.620899 
        4.49251         9.54907        0.615222 
        4.50819         9.47262        0.609617 
         4.5239         9.38979        0.604074 
        4.53962         9.29562        0.598591 
        4.55535         9.23359        0.593173 
        4.57106         9.15473         0.58783 
        4.58678         9.07888        0.582551 
         4.6025         8.99268        0.577334 
        4.61821         8.92823        0.572182 
        4.63391         8.86285        0.567099 
         4.6496         8.79922        0.562079 
        4.66532          8.7087        0.557112 
        4.68103         8.63383        0.552206 
        4.69673         8.58164        0.547364 
        4.71241         8.50355        0.542584 
        4.72811         8.42403        0.537852 
        4.74384         8.36842        0.533171 
        4.75955         8.28468        0.528552 
        4.77525         8.23526        0.523989 
        4.79096         8.16445        0.519475 
        4.80669         8.09898        0.515011 
         4.8224         8.03614        0.510604 
        4.83809         7.98873        0.506252 
        4.85379         7.90801        0.501949 
         4.8695         7.84756        0.497691 
        4.88521         7.79363        0.493484 
        4.90093         7.73821        0.489325 
        4.91663         7.67259        0.485217 
        4.93234         7.62128        0.481152 
        4.94807         7.55922         0.47713 
        4.96377         7.49329        0.473161 
        4.97943         7.45329        0.469245 
        4.99514         7.38321        0.465362 
        5.01086          7.3393        0.461521 
        5.02654         7.26397        0.457732 
        5.04227         7.21569        0.453974 
          5.058         7.16475        0.450257 
        5.07371         7.11783        0.446588 
        5.08942         7.04418        0.442959 
        5.10513         6.99155        0.439369 
        5.12084         6.94788        0.435817 
        5.13656         6.90096        0.432305 
        5.15225          6.8382        0.428837 
        5.16796          6.7866        0.425401 
        5.18369         6.73725        0.421999 
         5.1994         6.69671        0.418641 
        5.21509         6.65235        0.415321 
        5.23079         6.59356        0.412034 
        5.24649         6.53783        0.408784 
        5.26217         6.48844        0.405571 
        5.27788          6.4547        0.402388 
        5.29359         6.39218        0.399238 
        5.30933         6.35072        0.396118 
        5.32504         6.30392        0.393035 
        5.34073         6.24179        0.389988 
        5.35646         6.20005        0.386967 
        5.37218         6.16702        0.383978 
        5.38789         6.10617        0.381024 
        5.40357         6.08751        0.378105 
        5.41929         6.02983        0.375209 
        5.43502         5.99608        0.372343 
         5.4507          5.9477        0.369514 
        5.46639         5.89356        0.366713 
        5.48212         5.84358        0.363935 
        5.49786         5.81061        0.361182 
        5.51353         5.77393        0.358471 
        5.52921         5.74146        0.355784 
        5.54495         5.69716        0.353117 
        5.56066         5.65054         0.35048 
        5.57637         5.62058         0.34787 
        5.59207         5.57176        0.345289 
        5.60778         5.54154        0.342732 
        5.62346         5.50173        0.340205 
        5.63916         5.44663        0.337701 
        5.65487         5.41555         0.33522 
         5.6706         5.38552        0.332762 
        5.68633         5.35034        0.330326 
        5.70203         5.31659         0.32792 
        5.71773         5.26354        0.325538 
        5.73344         5.23837        0.323179 
        5.74916         5.20442         0.32084 
        5.76486         5.16595        0.318527 
        5.78054         5.13716        0.316241 
        5.79626         5.09722         0.31397 
          5.812         5.06003        0.311719 
         5.8277         5.02327        0.309497 
        5.84339         5.00723        0.307296 
        5.85911         4.96222        0.305112 
        5.87484         4.92969         0.30295 
        5.89053         4.88674        0.300812 
        5.90623         4.85839        0.298694 
        5.92195         4.82549        0.296593 
        5.93767          4.8017        0.294513 
        5.95336         4.75976        0.292456 
        5.96905         4.72333        0.290419 
        5.98476         4.70042        0.288398 
        6.00048          4.6711        0.286396 
        6.01617          4.6388        0.284416 
        6.03185         4.61355        0.282456 
        6.04756         4.58045         0.28051 
        6.06331         4.55868        0.278578 
        6.07903          4.5219        0.276669 
        6.09473         4.48714        0.274778 
        6.11044         4.46147        0.272904 
        6.12616         4.42391        0.271047 
        6.14186         4.40745        0.269209 
        6.15755         4.36762        0.267388 
        6.17326         4.34901        0.265582 
        6.18898          4.3165        0.263792 
        6.20467         4.29008        0.262022 
        6.22036         4.26262        0.260268 
         6.2361         4.23653        0.258525 
         6.2518         4.20497          0.2568 
        6.26748         4.17834        0.255096 
        6.28319         4.15523        0.253401 
        6.29893         4.13433        0.251721 
        6.31463         4.09141        0.250058 
        6.33033         4.07502        0.248411 
        6.34604         4.04216        0.246777 
        6.36177         4.02891        0.245157 
        6.37747         4.00292        0.243554 
        6.39316         3.97056        0.241965 
        6.40888         3.95165        0.240388 
         6.4246         3.92913        0.238825 
        6.44031          3.9046        0.237277 
        6.45601         3.87144        0.235743 
        6.47172         3.85363        0.234222 
        6.48744          3.8319        0.232713 
        6.50313         3.80604         0.23122 
        6.51882         3.78549        0.229741 
        6.53452          3.7627        0.228273 
        6.55025         3.73375        0.226815 
        6.56597          3.7192        0.225371 
        6.58166          3.6865        0.223942 
        6.59736          3.6698        0.222525 
        6.61307         3.64753        0.221118 
         6.6288         3.62437        0.219722 
         6.6445         3.61065         0.21834 
         6.6602         3.58159        0.216971 
        6.67592         3.56849        0.215611 
        6.69164         3.53735        0.214264 
        6.70735         3.52849        0.212928 
        6.72304         3.49806        0.211605 
        6.73874          3.4796        0.210292 
        6.75446         3.45821        0.208989 
        6.77016         3.43661        0.207699 
        6.78585         3.41885         0.20642 
        6.80156         3.39961        0.205151 
        6.81729         3.37517         0.20389 
        6.83301         3.35326         0.20264 
         6.8487         3.34032        0.201404 
         6.8644         3.31967        0.200176 
        6.88012         3.30579        0.198958 
        6.89583         3.28399        0.197751 
        6.91151         3.26232        0.196555 
        6.92723         3.24266        0.195366 
        6.94296         3.22777        0.194187 
        6.95866         3.20634        0.193019 
        6.97436          3.1925        0.191861 
        6.99007          3.1698        0.190711 
        7.00578         3.15032        0.189572 
        7.02147         3.14154        0.188442 
        7.03718         3.12195        0.187321 
         7.0529         3.09894        0.186207 
        7.06863         3.08414        0.185102 
        7.08433         3.06215        0.184008 
        7.10004         3.04928        0.182922 
        7.11575          3.0294        0.181845 
        7.13145         3.01611        0.180777 
        7.14715          2.9982        0.179717 
        7.16284         2.98503        0.178667 
        7.17855          2.9683        0.177624 
        7.19428         2.95628        0.176587 
        7.20998         2.93499        0.175561 
        7.22568         2.91871        0.174543 
        7.24139          2.9048        0.173532 
        7.25711         2.88795        0.172529 
        7.27282         2.87264        0.171534 
        7.28852         2.85837        0.170548 
        7.30423         2.84269        0.169568 
        7.31995         2.82269        0.168596 
        7.33565         2.80998        0.167633 
        7.35135         2.79796        0.166676 
        7.36706         2.77959        0.165727 
        7.38277         2.77339        0.164785 
        7.39847          2.7534        0.163851 
        7.41419         2.73635        0.162923 
         7.4299         2.72228        0.162003 
        7.44561         2.70627        0.161089 
        7.46132         2.69058        0.160183 
        7.47701           2.684        0.159285 
        7.49272         2.66233        0.158393 
        7.50842         2.65411        0.157507 
         7.5241         2.64144         0.15663 
        7.53981         2.62774        0.155758 
        7.55552         2.61552        0.154892 
        7.57125         2.59665        0.154032 
        7.58698         2.58946        0.153178 
        7.60268         2.57452        0.152332 
         7.6184         2.55958        0.151492 
        7.63411         2.54598        0.150658 
        7.64981         2.53187        0.149831 
        7.66552         2.52105         0.14901 
        7.68123         2.50934        0.148195 
        7.69695         2.49398        0.147385 
        7.71264         2.48264        0.146583 
        7.72834         2.47728        0.145787 
        7.74407         2.46177        0.144995 
        7.75978         2.45109        0.144209 
        7.77546         2.43218        0.143431 
        7.79116         2.42514        0.142657 
         7.8069         2.41377        0.141888 
         7.8226         2.39961        0.141125 
        7.83828         2.38597         0.14037 
        7.85399         2.37734        0.139618 
        7.86972          2.3652        0.138871 
        7.88543         2.35455        0.138131 
        7.90111         2.33914        0.137397 
        7.91681         2.32902        0.136667 
        7.93255         2.31677        0.135941 
        7.94828         2.31167        0.135221 
        7.96397         2.29727        0.134507 
        7.97967         2.29016        0.133798 
        7.99538          2.2812        0.133094 
         8.0111         2.26727        0.132395 
         8.0268         2.25779        0.131701 
        8.04248         2.24734        0.131013 
         8.0582         2.23594        0.130328 
        8.07393         2.22196        0.129648 
        8.08963         2.21342        0.128974 
        8.10533         2.20307        0.128304 
        8.12104         2.19553        0.127639 
        8.13675         2.18526        0.126979 
        8.15245         2.17318        0.126323 
        8.16815          2.1604        0.125672 
        8.18387         2.15007        0.125025 
        8.19959         2.14461        0.124383 
         8.2153         2.13388        0.123745 
        8.23101         2.11902        0.123112 
        8.24672         2.11297        0.122483 
        8.26241         2.10342        0.121859 
         8.2781         2.09358         0.12124 
        8.29381         2.08455        0.120624 
        8.30952         2.07757        0.120012 
        8.32524         2.06696        0.119405 
        8.34095          2.0604        0.118801 
        8.35666          2.0508        0.118202 
        8.37237          2.0415        0.117607 
        8.38808          2.0328        0.117016 
        8.40379         2.02183        0.116429 
         8.4195         2.01387        0.115847 
         8.4352          2.0033        0.115268 
        8.45091         1.99515        0.114693 
        8.46662         1.98883        0.114122 
        8.48232         1.98125        0.113555 
        8.49802         1.97123        0.112992 
        8.51374         1.95916        0.112432 
        8.52945         1.95457        0.111876 
        8.54515         1.94275        0.111324 
        8.56086         1.93529        0.110776 
        8.57658         1.92814        0.110231 
        8.59228         1.92059         0.10969 
        8.60799          1.9127        0.109152 
        8.62371         1.90728        0.108618 
        8.63942         1.89697        0.108088 
        8.65512         1.88738        0.107561 
        8.67082         1.88389        0.107038 
        8.68653         1.87528        0.106518 
        8.70224         1.86637        0.106001 
        8.71795         1.85663        0.105488 
        8.73365         1.84975        0.104979 
        8.74936          1.8426        0.104472 
        8.76506         1.83598         0.10397 
        8.78076         1.82677         0.10347 
        8.79646         1.82059        0.102974 
        8.81218          1.8146         0.10248 
        8.82791         1.80426        0.101989 
         8.8436         1.80006        0.101503 
         8.8593         1.79174         0.10102 
        8.87503          1.7865        0.100538 
        8.89076         1.77904         0.10006 
        8.90644         1.77257       0.0995867 
        8.92214         1.76467       0.0991157 
        8.93786         1.75826        0.098647 
        8.95357         1.75165       0.0981816 
        8.96928         1.74603       0.0977193 
        8.98498         1.73891       0.0972601 
        9.00069         1.73023       0.0968037 
        9.01639         1.72606       0.0963501 
        9.03208         1.71686       0.0959001 
        9.04778         1.71225       0.0954524 
        9.06351         1.70627        0.095007 
        9.07923         1.70065       0.0945645 
        9.09493         1.69273       0.0941254 
        9.11062         1.68455       0.0936892 
        9.12635         1.68054        0.093255 
        9.14207         1.67302       0.0928236 
        9.15777         1.66682       0.0923954 
        9.17346         1.66193       0.0919701 
        9.18917          1.6564        0.091547 
         9.2049         1.65045       0.0911261 
        9.22061         1.64594       0.0907082 
        9.23631         1.63944       0.0902932 
        9.25201         1.63264       0.0898808 
        9.26773         1.62671       0.0894706 
        9.28343         1.62121       0.0890632 
        9.29913         1.61414       0.0886584 
        9.31484         1.60907       0.0882559 
        9.33057         1.60341       0.0878553 
        9.34627         1.59939       0.0874578 
        9.36197         1.59373        0.087063 
        9.37768         1.58814       0.0866702 
        9.39338         1.58385         0.08628 
        9.40909         1.57661       0.0858922 
        9.42479         1.57035       0.0855069 
         9.4405         1.56618       0.0851238 
        9.45621         1.56065       0.0847429 
        9.47193         1.55532       0.0843643 
        9.48763         1.54975       0.0839883 
        9.50334         1.54407       0.0836144 
        9.51906         1.53974       0.0832428 
        9.53476         1.53369       0.0828736 
        9.55045         1.53007       0.0825068 
        9.56616         1.52442       0.0821419 
        9.58188         1.52052       0.0817788 
        9.59759         1.51313        0.081418 
         9.6133         1.50817       0.0810593 
        9.62901         1.50264       0.0807027 
        9.64471         1.49843       0.0803482 
        9.66041         1.49522       0.0799958 
        9.67612         1.48958        0.079645 
        9.69184         1.48424       0.0792963 
        9.70754         1.48123         0.07895 
        9.72324         1.47813        0.078606 
        9.73895         1.47161       0.0782639 
        9.75467         1.46784       0.0779239 
        9.77038         1.46472       0.0775864 
        9.78607         1.45929       0.0772515 
        9.80177         1.45365       0.0769188 
        9.81749         1.45043       0.0765881 
         9.8332         1.44647         0.07626 
         9.8489         1.44148       0.0759342 
        9.86463         1.43761         0.07561 
        9.88035         1.43146       0.0752875 
        9.89606         1.42802       0.0749671 
        9.91175         1.42435       0.0746483 
        9.92745         1.41993       0.0743305 
        9.94317         1.41759       0.0740133 
        9.95888         1.41323       0.0736971 
        9.97458         1.40947       0.0733815 
        9.99029         1.40508        0.073066 
         10.006         1.40123       0.0728712 
        10.0217         1.39636       0.0728712 
        10.0374         1.39386       0.0728712 
        10.0531         1.38824       0.0728712 
        10.0688          1.3864       0.0728712 
        10.0845         1.38129       0.0728712 
        10.1002         1.37837       0.0728712 
        10.1159         1.37467       0.0728712 
        10.1317         1.36837       0.0728712 
        10.1474         1.36823       0.0728712 
        10.1631         1.36301       0.0728712 
        10.1788         1.36081       0.0728712 
        10.1945         1.35795       0.0728712 
        10.2102         1.35234       0.0728712 
        10.2259          1.3494       0.0728712 
        10.2416         1.34717       0.0728712 
        10.2573         1.34272       0.0728712 
         10.273         1.34065       0.0728712 
        10.2887         1.33633       0.0728712 
        10.3044         1.33353       0.0728712 
        10.3201         1.33113       0.0728712 
        10.3359         1.32663       0.0728712 
        10.3516         1.32335       0.0728712 
        10.3673         1.32179       0.0728712 
         10.383         1.31894       0.0728712 
        10.3987         1.31392       0.0728712 
        10.4144         1.31172       0.0728712 
        10.4301         1.30684       0.0728712 
        10.4458           1.307       0.0728712 
        10.4615         1.30215       0.0728712 
        10.4772         1.30165       0.0728712 
        10.4929         1.29845       0.0728712 
        10.5086         1.29508       0.0728712 
        10.5244          1.2916       0.0728712 
        10.5401         1.28936       0.0728712 
        10.5558         1.28499       0.0728712 
        10.5715         1.28485       0.0728712 
        10.5872         1.28128       0.0728712 
        10.6029         1.27768       0.0728712 
        10.6186         1.27651       0.0728712 
        10.6343         1.27443       0.0728712 
          10.65         1.27021       0.0728712 
        10.6657         1.26827       0.0728712 
        10.6814          1.2649       0.0728712 
        10.6971         1.26375       0.0728712 
        10.7129         1.26273       0.0728712 
        10.7286         1.25908       0.0728712 
        10.7443          1.2554       0.0728712 
          10.76         1.25486       0.0728712 
        10.7757         1.25114       0.0728712 
        10.7914          1.2502       0.0728712 
        10.8071         1.24664       0.0728712 
        10.8228         1.24577       0.0728712 
        10.8385         1.24313       0.0728712 
        10.8542          1.2409       0.0728712 
        10.8699         1.23906       0.0728712 
        10.8856         1.23613       0.0728712 
        10.9014         1.23536       0.0728712 
        10.9171         1.23332       0.0728712 
        10.9328         1.23161       0.0728712 
        10.9485         1.22987       0.0728712 
        10.9642         1.22842       0.0728712 
        10.9799         1.22454       0.0728712 
        10.9956         1.22412       0.0728712 
        11.0113         1.22203       0.0728712 
         11.027         1.22102       0.0728712 
        11.0427         1.21766       0.0728712 
        11.0584         1.21716       0.0728712 
        11.0741         1.21559       0.0728712 
        11.0898         1.21434       0.0728712 
        11.1055         1.21272       0.0728712 
        11.1212         1.21038       0.0728712 
         11.137         1.20791       0.0728712 
        11.1527         1.20784       0.0728712 
        11.1684         1.20632       0.0728712 
        11.1841         1.20303       0.0728712 
        11.1998         1.20409       0.0728712 
        11.2155         1.20215       0.0728712 
        11.2312         1.20119       0.0728712 
        11.2469         1.19998       0.0728712 
        11.2626         1.19972       0.0728712 
        11.2783         1.19909       0.0728712 
         11.294         1.19742       0.0728712 
        11.3097         1.19615       0.0728712 
        11.3254         1.19377       0.0728712 
        11.3412         1.19361       0.0728712 
        11.3569         1.19262       0.0728712 
        11.3726         1.18958       0.0728712 
        11.3883         1.18912       0.0728712 
         11.404         1.18864       0.0728712 
        11.4197         1.18875       0.0728712 
        11.4354         1.18796       0.0728712 
        11.4511         1.18707       0.0728712 
        11.4668         1.18643       0.0728712 
        11.4825          1.1855       0.0728712 
        11.4982         1.18411       0.0728712 
         11.514         1.18329       0.0728712 
        11.5297         1.18318       0.0728712 
        11.5454         1.18171       0.0728712 
        11.5611         1.18299       0.0728712 
        11.5768         1.18105       0.0728712 
        11.5925         1.18073       0.0728712 
        11.6082         1.18009       0.0728712 
        11.6239          1.1805       0.0728712 
        11.6396         1.17992       0.0728712 
        11.6553         1.17999       0.0728712 
         11.671         1.17854       0.0728712 
        11.6867         1.17852       0.0728712 
        11.7024         1.17835       0.0728712 
        11.7182         1.17877       0.0728712 
        11.7339         1.17789       0.0728712 
        11.7496         1.17734       0.0728712 
        11.7653          1.1785       0.0728712 
         11.781         1.17768       0.0728712 
        11.7967         1.17725       0.0728712 
        11.8124         1.17731       0.0728712 
        11.8281         1.17875       0.0728712 
        11.8438         1.17847       0.0728712 
        11.8595         1.18005       0.0728712 
        11.8752         1.17947       0.0728712 
         11.891          1.1795       0.0728712 
        11.9067         1.17835       0.0728712 
        11.9224         1.17926       0.0728712 
        11.9381         1.17981       0.0728712 
        11.9538         1.18103       0.0728712 
        11.9695         1.18175       0.0728712 
        11.9852         1.18177       0.0728712 
        12.0009         1.18213       0.0728712 
        12.0166         1.18228       0.0728712 
        12.0323         1.18294       0.0728712 
         12.048         1.18407       0.0728712 
        12.0637         1.18437       0.0728712 
