# k  (h/Mpc)    Pcb(k)  (Mpc/h)^3    Pcb_linear(k) (Mpc/h)^3   ShotnoiseSubtracted = true
      0.0200456         10479.3         10642.7 
      0.0350414         7920.33         7716.63 
      0.0492313         5793.25          5854.3 
      0.0637834         4782.16         4976.83 
      0.0800726          3630.8         3772.73 
       0.096163         2852.37          2760.9 
       0.111083          2451.5         2361.49 
       0.126058          2041.7          2082.7 
       0.142273         1681.95         1655.67 
       0.158546         1403.97         1342.45 
        0.17375         1274.92         1208.05 
       0.188953         1167.28         1075.07 
       0.204907          973.79         903.703 
       0.220756         880.671         782.313 
        0.23588         797.304         714.078 
         0.2514         713.577         642.272 
       0.267535         684.223         561.998 
       0.283568         599.936         502.496 
       0.299022         574.567         461.137 
       0.314451         577.287         420.173 
       0.330372         496.008         378.716 
       0.346141         461.136         345.804 
       0.361624         440.675         319.514 
       0.377134         410.962         294.442 
       0.392932         399.595         270.424 
       0.408854         379.777         249.826 
       0.424564         366.626          232.28 
       0.440253         331.637         215.943 
       0.455999         317.261         200.803 
       0.471626         316.784         187.493 
        0.48727         301.388          175.56 
       0.502856         276.509         164.583 
       0.518488         277.375         154.413 
       0.534347         257.877          145.07 
       0.550082          251.66         136.617 
       0.565732         249.687         128.851 
       0.581496         235.055         121.608 
       0.597222         229.343         114.969 
       0.612804         222.933           108.9 
       0.628434         215.061         103.254 
       0.644267         205.595         97.9433 
       0.660051         201.393         93.0226 
       0.675724         199.615         88.4727 
       0.691403          193.97         84.2279 
       0.707174         187.474         80.2418 
       0.722871         184.594         76.5333 
        0.73838         182.979         73.1023 
       0.754018         172.349         69.8587 
       0.769845         172.146         66.7792 
        0.78569         167.664          63.885 
       0.801365         163.002         61.1929 
       0.817031         158.736         58.6596 
       0.832809         156.183         56.2554 
       0.848511          152.49         53.9982 
       0.864097         149.532          51.882 
       0.879701         147.965         49.8784 
       0.895507         143.804         47.9582 
       0.911279         140.335         46.1443 
        0.92691         137.734         44.4404 
       0.942635         135.343         42.8141 
       0.958396         133.441         41.2667 
       0.974128         130.496         39.7995 
       0.989692          127.51         38.4191 
        1.00528         125.932          37.103 
        1.02113         122.735         35.8286 
        1.03692          122.11         34.6196 
        1.05264         120.531         33.4727 
        1.06832         117.015         32.3802 
        1.08405         115.887         31.3343 
        1.09979         115.026         30.3344 
        1.11537         112.018         29.3887 
        1.13105         110.792         28.4782 
        1.14679          108.74         27.6032 
        1.16256         106.761         26.7638 
        1.17828         105.548         25.9624 
        1.19395         102.813          25.197 
         1.2097         102.551         24.4589 
        1.22537          100.22         23.7543 
          1.241         99.8521           23.08 
        1.25666         96.5612         22.4304 
        1.27241         95.7448         21.8031 
        1.28819         95.0675         21.1989 
        1.30392         93.1741         20.6197 
        1.31957         92.1425          20.065 
        1.33529         90.9172         19.5289 
        1.35108         90.2786         19.0104 
        1.36674         88.7105         18.5147 
         1.3824         88.0498         18.0374 
        1.39811         85.7572         17.5754 
        1.41389         84.8405         17.1281 
        1.42964         83.6528         16.6973 
        1.44531         82.9056         16.2835 
        1.46101         82.0126          15.883 
        1.47667         80.9351         15.4974 
        1.49229         80.0279         15.1257 
        1.50793         78.7878          14.766 
        1.52367         78.2827         14.4157 
        1.53953         76.9073         14.0746 
        1.55526         75.7002         13.7473 
        1.57092         75.6133          13.432 
        1.58662         74.4084         13.1258 
        1.60235         73.2621         12.8288 
        1.61809         72.2859         12.5409 
        1.63369         71.3088         12.2644 
        1.64941         71.1477         11.9944 
        1.66519         69.4554         11.7317 
        1.68085         69.0102         11.4787 
        1.69652         67.5485         11.2333 
        1.71228         67.2497         10.9937 
        1.72806         66.6034         10.7609 
        1.74368         65.5944         10.5373 
        1.75933         65.0425         10.3197 
        1.77505         64.3935         10.1073 
        1.79081         63.3488          9.9005 
         1.8065         63.0302         9.70047 
        1.82218         61.2379         9.50619 
        1.83797         61.0551         9.31595 
        1.85367         60.4388         9.13203 
        1.86928         59.9188         8.95422 
        1.88497         58.9133         8.78023 
        1.90073         58.1442         8.61026 
        1.91647         57.7867         8.44499 
        1.93218         57.3746         8.28445 
        1.94787         56.4617         8.12836 
        1.96363         55.6216         7.97571 
        1.97935         55.1278         7.82733 
        1.99499         54.5096         7.68361 
        2.01064         53.9496         7.54332 
         2.0264          53.529         7.40568 
        2.04216         52.6221         7.27158 
        2.05781         52.0171         7.14168 
        2.07353         51.2641         7.01452 
        2.08928         51.0162         6.89021 
        2.10499         50.5501         6.76927 
        2.12065         49.9701         6.65162 
        2.13633         49.5576         6.53669 
        2.15211         48.7705         6.42377 
        2.16785         48.0391         6.31385 
        2.18349         47.5064         6.20722 
        2.19916          47.026         6.10284 
        2.21489         46.7616         6.00055 
        2.23063         46.0214         5.90055 
         2.2463         45.6664          5.8033 
        2.26194         45.1655         5.70851 
        2.27765         44.5697         5.61536 
        2.29341         43.9977         5.52408 
        2.30914         43.6199         5.43502 
        2.32486         42.9672           5.348 
        2.34061         42.7199         5.26276 
        2.35635          42.129         5.17946 
        2.37203         41.7803         5.09828 
        2.38768         41.4528         5.01902 
        2.40339         41.0187         4.94117 
        2.41914         40.5735          4.8648 
        2.43483         39.9309         4.79034 
         2.4505         39.7201         4.71757 
        2.46622         39.2686         4.64608 
        2.48195         38.8953         4.57607 
        2.49759         38.3497          4.5079 
        2.51328          37.971         4.44095 
        2.52906         37.6475         4.37494 
        2.54479         37.2729         4.31054 
        2.56049         36.9617         4.24757 
        2.57618         36.5218         4.18592 
        2.59189         36.0228         4.12542 
        2.60758         35.6962         4.06621 
        2.62325         35.5208         4.00825 
        2.63898         35.1202         3.95123 
        2.65468         34.6307         3.89544 
        2.67044           34.34         3.84051 
        2.68618         34.1058         3.78677 
        2.70184         33.6029         3.73428 
        2.71755         33.3338         3.68266 
        2.73329         32.9027         3.63195 
        2.74897         32.5735         3.58237 
        2.76462         32.2421         3.53383 
        2.78034         32.0248         3.48599 
        2.79607         31.6272           3.439 
        2.81179         31.3915         3.39294 
        2.82749         31.0026         3.34778 
        2.84321         30.7209         3.30339 
        2.85893          30.488         3.25984 
        2.87462         30.1819         3.21714 
        2.89033         29.8511         3.17518 
        2.90605         29.6302         3.13394 
        2.92176         29.3671         3.09346 
        2.93747          28.994         3.05372 
        2.95318         28.7807         3.01468 
        2.96891         28.5065          2.9763 
        2.98456         28.1687         2.93877 
        3.00023         27.8444         2.90184 
        3.01596          27.589         2.86543 
        3.03164         27.3096         2.82976 
        3.04738         27.1116         2.79459 
         3.0631         26.8668         2.76004 
        3.07883         26.4934         2.72608 
        3.09456         26.2757          2.6927 
        3.11026         25.9554         2.65993 
        3.12596         25.6651         2.62771 
        3.14163         25.4829         2.59611 
        3.15734         25.2762         2.56496 
        3.17308         25.0137         2.53425 
        3.18879         24.7793         2.50413 
        3.20447         24.5306         2.47455 
         3.2202         24.2782         2.44535 
         3.2359         24.0956         2.41669 
        3.25157         23.8655         2.38855 
        3.26729         23.6787         2.36078 
        3.28304         23.4065          2.3334 
        3.29877         23.1801          2.3065 
        3.31446         22.9753         2.28008 
        3.33014         22.7165          2.2541 
        3.34585         22.6056         2.22849 
        3.36158         22.3165         2.20325 
        3.37727         22.1376         2.17847 
        3.39294         21.9586         2.15411 
        3.40867         21.7375         2.13003 
        3.42439         21.5345         2.10633 
        3.44008         21.3135         2.08305 
        3.45578         21.1557          2.0601 
        3.47153         20.9059         2.03745 
        3.48724         20.8021         2.01518 
        3.50292         20.5495          1.9933 
        3.51859         20.3871         1.97176 
        3.53431          20.233         1.95048 
        3.55007         19.9815         1.92945 
        3.56577          19.834         1.90882 
        3.58146         19.6273         1.88851 
        3.59719         19.4824         1.86845 
        3.61292         19.3018         1.84868 
        3.62859         19.0685         1.82928 
        3.64429         18.8802         1.81012 
        3.66003         18.8101         1.79119 
        3.67578         18.6618         1.77253 
        3.69146         18.3963          1.7542 
        3.70712         18.2497         1.73618 
        3.72284         18.1201         1.71834 
        3.73853         17.9839         1.70078 
        3.75422         17.7705         1.68347 
        3.76993         17.6476         1.66638 
        3.78564          17.488         1.64954 
        3.80137         17.3265         1.63291 
        3.81707         17.1646         1.61654 
        3.83279         16.9885         1.60039 
        3.84853         16.8386         1.58443 
        3.86424         16.6785         1.56872 
        3.87992         16.5802         1.55325 
        3.89561         16.4171         1.53799 
        3.91134         16.2871         1.52291 
        3.92704         16.1663         1.50805 
        3.94273         16.0243          1.4934 
        3.95845         15.8179         1.47892 
        3.97418          15.694         1.46463 
        3.98988         15.5744         1.45055 
        4.00554         15.4854         1.43669 
        4.02125         15.2964         1.42298 
        4.03698         15.1847         1.40943 
        4.05268         15.0878         1.39609 
        4.06839         14.9144         1.38291 
         4.0841         14.8054          1.3699 
        4.09983         14.6086         1.35705 
        4.11555         14.5589         1.34436 
        4.13124         14.4438         1.33188 
        4.14693         14.2686         1.31954 
        4.16266         14.1885         1.30734 
        4.17839         14.0378         1.29529 
        4.19408         13.9218         1.28343 
        4.20977         13.8372         1.27171 
        4.22551         13.6902         1.26011 
        4.24123         13.5809         1.24867 
        4.25691         13.4763          1.2374 
        4.27259         13.3371         1.22627 
        4.28831         13.2765         1.21526 
        4.30404         13.1913         1.20437 
        4.31974          13.042         1.19363 
        4.33543         12.9112         1.18304 
        4.35116         12.8278         1.17255 
        4.36688          12.699         1.16219 
        4.38255         12.6067           1.152 
        4.39825         12.5027         1.14191 
        4.41398         12.3933         1.13192 
         4.4297         12.2934         1.12206 
        4.44541          12.197         1.11232 
        4.46111         12.1013         1.10271 
        4.47683         11.9813          1.0932 
        4.49251         11.8844         1.08382 
        4.50819         11.7913         1.07456 
         4.5239           11.72          1.0654 
        4.53962         11.6246         1.05633 
        4.55535         11.5098         1.04736 
        4.57106          11.482         1.03851 
        4.58678           11.35         1.02976 
         4.6025         11.2552         1.02111 
        4.61821         11.1687         1.01256 
        4.63391         11.0892         1.00412 
         4.6496         10.9949        0.995786 
        4.66532         10.9163        0.987531 
        4.68103         10.7992        0.979373 
        4.69673         10.7222        0.971316 
        4.71241         10.6413        0.963359 
        4.72811         10.5656        0.955478 
        4.74384          10.473        0.947676 
        4.75955         10.3868        0.939973 
        4.77525         10.2976        0.932361 
        4.79096         10.2459        0.924825 
        4.80669         10.1421        0.917369 
         4.8224         10.0639        0.910004 
        4.83809         9.98759        0.902728 
        4.85379         9.90961        0.895528 
         4.8695         9.83794        0.888402 
        4.88521         9.74496        0.881356 
        4.90093         9.68382        0.874387 
        4.91663         9.59817        0.867499 
        4.93234         9.53402        0.860679 
        4.94807         9.45328        0.853929 
        4.96377          9.4061        0.847264 
        4.97943         9.31955        0.840684 
        4.99514         9.23513        0.834158 
        5.01086         9.19963        0.827697 
        5.02654         9.11483        0.821322 
        5.04227         9.02735        0.814995 
          5.058          8.9562        0.808732 
        5.07371         8.91903        0.802548 
        5.08942         8.83201        0.796428 
        5.10513          8.7608        0.790372 
        5.12084         8.71692        0.784376 
        5.13656         8.64628        0.778445 
        5.15225         8.55968        0.772584 
        5.16796         8.50937        0.766776 
        5.18369         8.44158        0.761022 
         5.1994         8.39175        0.755338 
        5.21509         8.32989        0.749718 
        5.23079         8.25145        0.744149 
        5.24649         8.20288        0.738641 
        5.26217          8.1413        0.733193 
        5.27788         8.08108        0.727793 
        5.29359         8.02116        0.722446 
        5.30933         7.96689        0.717146 
        5.32504         7.91586        0.711908 
        5.34073         7.85358        0.706729 
        5.35646         7.78058        0.701591 
        5.37218         7.73897        0.696504 
        5.38789         7.66778        0.691476 
        5.40357         7.62198        0.686503 
        5.41929         7.57563        0.681569 
        5.43502         7.52092        0.676683 
         5.4507          7.4667        0.671857 
        5.46639         7.41822        0.667078 
        5.48212         7.35711        0.662334 
        5.49786         7.31256        0.657632 
        5.51353          7.2659        0.652998 
        5.52921         7.19408        0.648405 
        5.54495         7.13932        0.643843 
        5.56066         7.10298         0.63933 
        5.57637          7.0642        0.634861 
        5.59207         7.01241        0.630439 
        5.60778         6.94891        0.626058 
        5.62346          6.9026        0.621725 
        5.63916         6.85818        0.617429 
        5.65487          6.8086        0.613172 
         5.6706         6.77375         0.60895 
        5.68633         6.71847        0.604767 
        5.70203         6.68106        0.600632 
        5.71773         6.62896        0.596537 
        5.73344         6.58136        0.592478 
        5.74916          6.5333        0.588453 
        5.76486         6.49078        0.584471 
        5.78054         6.44345        0.580533 
        5.79626         6.40293         0.57662 
          5.812         6.35215         0.57274 
         5.8277          6.3171        0.568906 
        5.84339         6.27305        0.565109 
        5.85911         6.21885        0.561338 
        5.87484         6.19122        0.557604 
        5.89053         6.13414         0.55391 
        5.90623         6.10722        0.550249 
        5.92195         6.06558        0.546615 
        5.93767         6.03111        0.543016 
        5.95336          5.9805        0.539455 
        5.96905         5.94243        0.535928 
        5.98476         5.89814        0.532428 
        6.00048         5.86645        0.528958 
        6.01617         5.82498        0.525524 
        6.03185         5.79154        0.522124 
        6.04756         5.74983        0.518747 
        6.06331         5.71969        0.515393 
        6.07903         5.66299        0.512076 
        6.09473            5.64        0.508791 
        6.11044         5.60226        0.505532 
        6.12616         5.56298        0.502303 
        6.14186         5.52271        0.499105 
        6.15755         5.48832        0.495935 
        6.17326         5.45943        0.492791 
        6.18898         5.41111        0.489672 
        6.20467         5.38845        0.486587 
        6.22036         5.35747        0.483528 
         6.2361         5.32147        0.480488 
         6.2518          5.2774        0.477479 
        6.26748         5.25109        0.474502 
        6.28319          5.2162        0.471543 
        6.29893          5.1928        0.468607 
        6.31463         5.14987        0.465701 
        6.33033         5.11391         0.46282 
        6.34604         5.09717        0.459962 
        6.36177         5.05039        0.457126 
        6.37747         5.02209        0.454319 
        6.39316         4.98647        0.451538 
        6.40888          4.9561        0.448774 
         6.4246         4.92148        0.446034 
        6.44031         4.89654        0.443318 
        6.45601         4.86733        0.440628 
        6.47172         4.83599        0.437958 
        6.48744         4.80525        0.435309 
        6.50313         4.77201        0.432686 
        6.51882         4.74471        0.430087 
        6.53452          4.7188        0.427506 
        6.55025         4.68497        0.424942 
        6.56597         4.65729        0.422402 
        6.58166         4.63525        0.419887 
        6.59736         4.59803        0.417391 
        6.61307         4.58274        0.414913 
         6.6288         4.54452        0.412454 
         6.6445         4.52396        0.410018 
         6.6602         4.49677        0.407602 
        6.67592         4.47255        0.405204 
        6.69164          4.4419        0.402825 
        6.70735         4.41075        0.400467 
        6.72304         4.39367         0.39813 
        6.73874         4.36328        0.395811 
        6.75446         4.33177        0.393508 
        6.77016         4.30323        0.391227 
        6.78585         4.28091        0.388963 
        6.80156         4.25969        0.386718 
        6.81729         4.23569        0.384486 
        6.83301         4.20636        0.382272 
         6.8487         4.18552        0.380081 
         6.8644         4.15541        0.377906 
        6.88012         4.13553        0.375746 
        6.89583         4.10259        0.373604 
        6.91151         4.08725        0.371483 
        6.92723         4.06008        0.369373 
        6.94296          4.0377        0.367278 
        6.95866         4.01313        0.365204 
        6.97436         3.99444        0.363146 
        6.99007         3.96871        0.361102 
        7.00578         3.94787        0.359075 
        7.02147         3.92187        0.357066 
        7.03718         3.89686         0.35507 
         7.0529         3.88372        0.353087 
        7.06863         3.85911        0.351119 
        7.08433         3.83745        0.349169 
        7.10004         3.80952        0.347234 
        7.11575         3.78786        0.345314 
        7.13145         3.77695        0.343408 
        7.14715         3.74872        0.341518 
        7.16284         3.72388        0.339644 
        7.17855         3.71188         0.33778 
        7.19428         3.69106        0.335929 
        7.20998         3.66712        0.334095 
        7.22568          3.6476        0.332275 
        7.24139         3.63057        0.330468 
        7.25711         3.60188        0.328674 
        7.27282         3.59588        0.326893 
        7.28852         3.57067        0.325128 
        7.30423         3.54868        0.323373 
        7.31995         3.52881        0.321632 
        7.33565         3.50765        0.319905 
        7.35135          3.4876        0.318191 
        7.36706         3.47396        0.316489 
        7.38277         3.45682        0.314799 
        7.39847         3.43775        0.313122 
        7.41419         3.41647        0.311457 
         7.4299          3.4014        0.309804 
        7.44561         3.37031        0.308163 
        7.46132         3.36575        0.306535 
        7.47701         3.34154         0.30492 
        7.49272         3.32973        0.303315 
        7.50842         3.30753        0.301722 
         7.5241         3.29271        0.300144 
        7.53981         3.27346        0.298573 
        7.55552         3.25553        0.297014 
        7.57125         3.24017        0.295465 
        7.58698         3.22347        0.293926 
        7.60268         3.20201        0.292401 
         7.6184          3.1882        0.290886 
        7.63411         3.17081        0.289382 
        7.64981         3.16014         0.28789 
        7.66552         3.14087        0.286408 
        7.68123         3.12471        0.284936 
        7.69695          3.1038        0.283473 
        7.71264         3.08778        0.282024 
        7.72834         3.07789        0.280584 
        7.74407         3.06496        0.279151 
        7.75978         3.04004         0.27773 
        7.77546         3.02687        0.276322 
        7.79116         3.00818        0.274922 
         7.8069         2.99671        0.273529 
         7.8226          2.9842        0.272148 
        7.83828         2.96761        0.270779 
        7.85399         2.95201        0.269417 
        7.86972         2.93396        0.268062 
        7.88543         2.92402        0.266719 
        7.90111         2.90842        0.265388 
        7.91681         2.89393        0.264064 
        7.93255         2.87876        0.262746 
        7.94828         2.86246        0.261438 
        7.96397         2.85308        0.260141 
        7.97967         2.83712        0.258853 
        7.99538         2.82754        0.257573 
         8.0111         2.81091        0.256301 
         8.0268         2.79885        0.255039 
        8.04248         2.78782        0.253787 
         8.0582          2.7706        0.252541 
        8.07393         2.75628        0.251303 
        8.08963         2.74459        0.250075 
        8.10533         2.72936        0.248855 
        8.12104         2.71641        0.247643 
        8.13675         2.70328        0.246439 
        8.15245         2.69349        0.245243 
        8.16815         2.67572        0.244057 
        8.18387         2.66547        0.242876 
        8.19959         2.64988        0.241703 
         8.2153         2.63854        0.240538 
        8.23101         2.62545        0.239382 
        8.24672         2.61495        0.238233 
        8.26241         2.59852        0.237093 
         8.2781         2.59022        0.235961 
        8.29381         2.58013        0.234834 
        8.30952         2.56236        0.233715 
        8.32524         2.55369        0.232603 
        8.34095         2.54176        0.231499 
        8.35666         2.52896        0.230402 
        8.37237         2.52017        0.229312 
        8.38808         2.50483        0.228229 
        8.40379         2.49393        0.227154 
         8.4195         2.48107        0.226085 
         8.4352         2.47194        0.225024 
        8.45091         2.45849        0.223969 
        8.46662         2.44848        0.222921 
        8.48232         2.43645        0.221881 
        8.49802         2.42577        0.220847 
        8.51374         2.41659        0.219818 
        8.52945         2.40752        0.218797 
        8.54515         2.39338        0.217783 
        8.56086         2.38295        0.216774 
        8.57658         2.37353        0.215772 
        8.59228         2.36379        0.214777 
        8.60799         2.35061        0.213788 
        8.62371         2.34105        0.212805 
        8.63942         2.33052        0.211828 
        8.65512         2.32183        0.210858 
        8.67082         2.31298        0.209895 
        8.68653         2.30419        0.208936 
        8.70224         2.29101        0.207984 
        8.71795         2.28057        0.207038 
        8.73365         2.27135        0.206098 
        8.74936         2.25873        0.205164 
        8.76506         2.25341        0.204237 
        8.78076         2.24354        0.203314 
        8.79646         2.23223        0.202398 
        8.81218         2.22233        0.201486 
        8.82791         2.21487         0.20058 
         8.8436         2.20498         0.19968 
         8.8593         2.19287        0.198787 
        8.87503         2.18644        0.197897 
        8.89076          2.1745        0.197013 
        8.90644         2.16818        0.196136 
        8.92214         2.15739        0.195264 
        8.93786         2.15148        0.194397 
        8.95357         2.14143        0.193535 
        8.96928         2.13352        0.192678 
        8.98498         2.12299        0.191827 
        9.00069         2.11509        0.190981 
        9.01639         2.10503         0.19014 
        9.03208          2.0976        0.189306 
        9.04778          2.0888        0.188475 
        9.06351         2.07806        0.187649 
        9.07923         2.07386        0.186828 
        9.09493          2.0621        0.186012 
        9.11062         2.05304        0.185202 
        9.12635         2.04603        0.184395 
        9.14207         2.03606        0.183594 
        9.15777         2.02912        0.182798 
        9.17346         2.01935        0.182007 
        9.18917         2.01365         0.18122 
         9.2049         2.00695        0.180437 
        9.22061         1.99939        0.179659 
        9.23631         1.98736        0.178887 
        9.25201         1.98098        0.178119 
        9.26773         1.97548        0.177355 
        9.28343         1.96739        0.176596 
        9.29913         1.96148        0.175842 
        9.31484         1.95647        0.175091 
        9.33057         1.94585        0.174344 
        9.34627         1.93839        0.173603 
        9.36197         1.93033        0.172867 
        9.37768         1.92194        0.172133 
        9.39338         1.91639        0.171405 
        9.40909         1.90782        0.170681 
        9.42479         1.90093        0.169961 
         9.4405         1.89235        0.169246 
        9.45621         1.88874        0.168534 
        9.47193         1.88155        0.167826 
        9.48763         1.87385        0.167123 
        9.50334         1.86748        0.166424 
        9.51906         1.86134        0.165729 
        9.53476         1.85408        0.165038 
        9.55045         1.84663        0.164351 
        9.56616         1.84311        0.163668 
        9.58188         1.83432        0.162988 
        9.59759         1.82651        0.162312 
         9.6133         1.81748         0.16164 
        9.62901         1.81373        0.160972 
        9.64471         1.80885        0.160307 
        9.66041         1.79855        0.159647 
        9.67612         1.79559        0.158989 
        9.69184         1.78915        0.158334 
        9.70754         1.78533        0.157685 
        9.72324         1.77729        0.157039 
        9.73895         1.77103        0.156397 
        9.75467         1.76463        0.155758 
        9.77038         1.75771        0.155124 
        9.78607         1.75316        0.154494 
        9.80177         1.74759        0.153869 
        9.81749         1.74144        0.153247 
         9.8332          1.7331         0.15263 
         9.8489         1.72852        0.152017 
        9.86463         1.72303        0.151406 
        9.88035          1.7159        0.150799 
        9.89606         1.71021        0.150196 
        9.91175          1.7071        0.149595 
        9.92745         1.70037        0.148997 
        9.94317         1.69575        0.148399 
        9.95888         1.69002        0.147803 
        9.97458         1.68387        0.147208 
        9.99029         1.67715        0.146614 
         10.006         1.67467        0.146247 
        10.0217         1.66942        0.146247 
        10.0374         1.66324        0.146247 
        10.0531         1.65829        0.146247 
        10.0688         1.65223        0.146247 
        10.0845         1.64856        0.146247 
        10.1002         1.64264        0.146247 
        10.1159         1.63739        0.146247 
        10.1317         1.63421        0.146247 
        10.1474         1.62782        0.146247 
        10.1631         1.62199        0.146247 
        10.1788         1.61929        0.146247 
        10.1945         1.61542        0.146247 
        10.2102         1.60984        0.146247 
        10.2259         1.60562        0.146247 
        10.2416         1.60161        0.146247 
        10.2573          1.5941        0.146247 
         10.273         1.59217        0.146247 
        10.2887         1.58745        0.146247 
        10.3044         1.58357        0.146247 
        10.3201         1.57703        0.146247 
        10.3359         1.57421        0.146247 
        10.3516         1.56705        0.146247 
        10.3673          1.5649        0.146247 
         10.383         1.56144        0.146247 
        10.3987         1.55706        0.146247 
        10.4144         1.55188        0.146247 
        10.4301         1.54952        0.146247 
        10.4458         1.54572        0.146247 
        10.4615         1.54153        0.146247 
        10.4772         1.53585        0.146247 
        10.4929         1.53359        0.146247 
        10.5086         1.52917        0.146247 
        10.5244         1.52482        0.146247 
        10.5401         1.52283        0.146247 
        10.5558         1.51652        0.146247 
        10.5715         1.51367        0.146247 
        10.5872         1.51039        0.146247 
        10.6029         1.50562        0.146247 
        10.6186         1.50277        0.146247 
        10.6343         1.49929        0.146247 
          10.65         1.49529        0.146247 
        10.6657         1.49071        0.146247 
        10.6814         1.48948        0.146247 
        10.6971         1.48446        0.146247 
        10.7129          1.4825        0.146247 
        10.7286         1.47809        0.146247 
        10.7443         1.47517        0.146247 
          10.76         1.47208        0.146247 
        10.7757         1.46934        0.146247 
        10.7914          1.4659        0.146247 
        10.8071          1.4614        0.146247 
        10.8228          1.4595        0.146247 
        10.8385         1.45699        0.146247 
        10.8542          1.4511        0.146247 
        10.8699         1.44985        0.146247 
        10.8856         1.44611        0.146247 
        10.9014         1.44518        0.146247 
        10.9171         1.44226        0.146247 
        10.9328         1.43962        0.146247 
        10.9485         1.43539        0.146247 
        10.9642         1.43329        0.146247 
        10.9799         1.43157        0.146247 
        10.9956         1.42864        0.146247 
        11.0113         1.42547        0.146247 
         11.027         1.42264        0.146247 
        11.0427         1.42029        0.146247 
        11.0584         1.41826        0.146247 
        11.0741         1.41585        0.146247 
        11.0898         1.41375        0.146247 
        11.1055         1.40991        0.146247 
        11.1212         1.40838        0.146247 
         11.137         1.40584        0.146247 
        11.1527         1.40497        0.146247 
        11.1684         1.40175        0.146247 
        11.1841         1.39958        0.146247 
        11.1998          1.3975        0.146247 
        11.2155         1.39481        0.146247 
        11.2312         1.39404        0.146247 
        11.2469         1.39128        0.146247 
        11.2626         1.38948        0.146247 
        11.2783          1.3867        0.146247 
         11.294         1.38713        0.146247 
        11.3097         1.38249        0.146247 
        11.3254         1.38154        0.146247 
        11.3412         1.37896        0.146247 
        11.3569         1.37946        0.146247 
        11.3726         1.37706        0.146247 
        11.3883         1.37587        0.146247 
         11.404          1.3732        0.146247 
        11.4197         1.37137        0.146247 
        11.4354         1.37084        0.146247 
        11.4511          1.3686        0.146247 
        11.4668         1.36857        0.146247 
        11.4825         1.36645        0.146247 
        11.4982         1.36511        0.146247 
         11.514         1.36434        0.146247 
        11.5297         1.36301        0.146247 
        11.5454          1.3626        0.146247 
        11.5611         1.36008        0.146247 
        11.5768         1.36168        0.146247 
        11.5925          1.3597        0.146247 
        11.6082         1.35749        0.146247 
        11.6239         1.35789        0.146247 
        11.6396           1.357        0.146247 
        11.6553         1.35553        0.146247 
         11.671         1.35383        0.146247 
        11.6867         1.35361        0.146247 
        11.7024         1.35202        0.146247 
        11.7182         1.35281        0.146247 
        11.7339         1.35192        0.146247 
        11.7496         1.35156        0.146247 
        11.7653          1.3514        0.146247 
         11.781         1.34973        0.146247 
        11.7967         1.35054        0.146247 
        11.8124         1.34854        0.146247 
        11.8281         1.34955        0.146247 
        11.8438         1.34844        0.146247 
        11.8595         1.34862        0.146247 
        11.8752          1.3495        0.146247 
         11.891         1.34776        0.146247 
        11.9067         1.34798        0.146247 
        11.9224         1.34777        0.146247 
        11.9381         1.34935        0.146247 
        11.9538         1.34783        0.146247 
        11.9695          1.3485        0.146247 
        11.9852         1.34757        0.146247 
        12.0009         1.34934        0.146247 
        12.0166         1.34925        0.146247 
        12.0323         1.34915        0.146247 
         12.048         1.34998        0.146247 
        12.0637            1.35        0.146247 
