# k  (h/Mpc)    Pcb(k)  (Mpc/h)^3    Pcb_linear(k) (Mpc/h)^3   ShotnoiseSubtracted = true
      0.0200456         27813.6         28636.9 
      0.0350414         20729.9         22038.4 
      0.0492313         16034.9         16651.2 
      0.0637834           14224         14157.6 
      0.0800726         11330.8         11399.8 
       0.096163         7956.93         8441.72 
       0.111083         6548.86         6878.76 
       0.126058         6050.03         6154.67 
       0.142273         5242.12         5224.57 
       0.158546         4758.08         4174.75 
        0.17375         3868.84         3577.67 
       0.188953         3807.56         3260.98 
       0.204907         3583.15          2882.7 
       0.220756         3148.08         2454.52 
        0.23588         2852.48         2162.19 
         0.2514         2522.74         1977.89 
       0.267535         2543.94         1789.58 
       0.283568         2311.28         1583.49 
       0.299022         2213.08         1423.06 
       0.314451         2108.41         1308.84 
       0.330372         1923.67         1202.36 
       0.346141         1917.23         1093.56 
       0.361624         1845.91          999.53 
       0.377134          1732.6         924.529 
       0.392932          1662.2         857.618 
       0.408854         1635.45         792.137 
       0.424564          1507.2         732.801 
       0.440253         1475.24          682.23 
       0.455999         1467.51         637.427 
       0.471626          1406.3         595.652 
        0.48727         1359.83         556.858 
       0.502856         1297.52          522.24 
       0.518488         1315.65          491.06 
       0.534347         1227.99         461.821 
       0.550082         1219.68         434.825 
       0.565732         1193.99         410.229 
       0.581496         1150.19         387.598 
       0.597222         1114.52         366.724 
       0.612804         1101.79          347.47 
       0.628434         1071.31         329.533 
       0.644267         1045.46         312.743 
       0.660051         1026.89         297.206 
       0.675724         1015.57         282.824 
       0.691403         990.492         269.391 
       0.707174         954.712         256.763 
       0.722871         927.814         245.003 
        0.73838         916.326         234.113 
       0.754018         898.996         223.809 
       0.769845         885.172         214.019 
        0.78569         873.128         204.812 
       0.801365         846.772         196.244 
       0.817031         832.277         188.179 
       0.832809         818.024         180.522 
       0.848511          802.77         173.331 
       0.864097         777.042         166.587 
       0.879701         762.471         160.201 
       0.895507         759.199         154.078 
       0.911279         749.256         148.292 
        0.92691         728.727         142.855 
       0.942635         708.798         137.665 
       0.958396         699.359         132.725 
       0.974128         689.407         128.039 
       0.989692         679.005         123.629 
        1.00528         655.952         119.423 
        1.02113         656.347         115.348 
        1.03692         641.299         111.482 
        1.05264         630.115         107.813 
        1.06832         616.319         104.317 
        1.08405         605.593         100.969 
        1.09979         594.333          97.767 
        1.11537          586.44         94.7379 
        1.13105         577.956         91.8207 
        1.14679         565.701         89.0166 
        1.16256         555.453         86.3257 
        1.17828         548.331         83.7562 
        1.19395         537.862         81.3014 
         1.2097         523.468         78.9336 
        1.22537         516.434         76.6728 
          1.241         506.974         74.5085 
        1.25666         505.208         72.4234 
        1.27241         492.505         70.4092 
        1.28819         479.127         68.4692 
        1.30392         476.413         66.6089 
        1.31957          464.44         64.8267 
        1.33529         458.891          63.104 
        1.35108         450.176         61.4379 
        1.36674         442.069         59.8445 
         1.3824         437.025         58.3098 
        1.39811         426.536         56.8244 
        1.41389         423.525         55.3857 
        1.42964         417.668         53.9998 
        1.44531         412.846         52.6686 
        1.46101         403.905           51.38 
        1.47667          394.28         50.1388 
        1.49229         391.564         48.9425 
        1.50793         380.072         47.7842 
        1.52367         379.547         46.6564 
        1.53953         368.803         45.5579 
        1.55526         367.175         44.5038 
        1.57092         363.381         43.4879 
        1.58662         355.634         42.5016 
        1.60235          350.62         41.5443 
        1.61809         345.356         40.6163 
        1.63369         338.024         39.7253 
        1.64941         332.365         38.8548 
        1.66519         328.666         38.0076 
        1.68085         324.649          37.192 
        1.69652         320.835         36.4003 
        1.71228         313.518         35.6274 
        1.72806         310.144         34.8766 
        1.74368         304.072         34.1552 
        1.75933         301.102          33.453 
        1.77505         295.807         32.7674 
        1.79081         291.487            32.1 
         1.8065         286.652         31.4543 
        1.82218          283.27         30.8271 
        1.83797         279.884         30.2128 
        1.85367         274.635         29.6189 
        1.86928         270.175         29.0447 
        1.88497         267.533         28.4827 
        1.90073         262.809         27.9336 
        1.91647         259.302         27.3997 
        1.93218         255.289          26.881 
        1.94787         251.811         26.3766 
        1.96363           248.8         25.8833 
        1.97935         243.976         25.4038 
        1.99499         240.724         24.9392 
        2.01064         237.745         24.4857 
         2.0264         233.901         24.0407 
        2.04216         232.506         23.6072 
        2.05781         229.134         23.1871 
        2.07353         224.923         22.7759 
        2.08928         221.637         22.3738 
        2.10499         218.573         21.9827 
        2.12065           215.6         21.6021 
        2.13633         213.547         21.2303 
        2.15211         210.632          20.865 
        2.16785         208.338         20.5093 
        2.18349         205.142         20.1643 
        2.19916         201.236         19.8265 
        2.21489         200.833         19.4954 
        2.23063         196.888         19.1718 
         2.2463         194.072          18.857 
        2.26194         191.293         18.5501 
        2.27765         188.117         18.2486 
        2.29341         186.096          17.953 
        2.30914          183.53         17.6646 
        2.32486         182.252         17.3828 
        2.34061         178.438         17.1068 
        2.35635         178.139          16.837 
        2.37203         174.081          16.574 
        2.38768         171.463         16.3173 
        2.40339         170.488         16.0651 
        2.41914         168.312         15.8177 
        2.43483         165.873         15.5764 
         2.4505         163.612         15.3407 
        2.46622         162.273          15.109 
        2.48195          159.98         14.8821 
        2.49759         158.458         14.6612 
        2.51328         155.784         14.4442 
        2.52906         154.145         14.2303 
        2.54479         152.701         14.0215 
        2.56049         150.905         13.8174 
        2.57618         148.989         13.6175 
        2.59189         147.056         13.4213 
        2.60758         144.831         13.2294 
        2.62325         143.444         13.0414 
        2.63898         141.631         12.8565 
        2.65468         140.314         12.6756 
        2.67044         139.082         12.4974 
        2.68618         137.262         12.3231 
        2.70184         135.206         12.1529 
        2.71755           133.7         11.9854 
        2.73329         131.641         11.8209 
        2.74897         130.776         11.6601 
        2.76462          129.44         11.5026 
        2.78034         127.439         11.3474 
        2.79607         126.166         11.1949 
        2.81179         124.937         11.0454 
        2.82749         123.404         10.8989 
        2.84321         121.546         10.7548 
        2.85893         120.059         10.6135 
        2.87462          119.06         10.4749 
        2.89033         117.381         10.3387 
        2.90605         116.813         10.2048 
        2.92176          114.76         10.0734 
        2.93747         114.243         9.94442 
        2.95318         112.801         9.81766 
        2.96891          111.46         9.69307 
        2.98456          109.83         9.57121 
        3.00023          109.15         9.45129 
        3.01596         107.907         9.33306 
        3.03164         106.917         9.21722 
        3.04738         105.505         9.10302 
         3.0631          104.19          8.9908 
        3.07883          103.21         8.88049 
        3.09456         101.744         8.77206 
        3.11026         101.394         8.66563 
        3.12596         99.8066         8.56099 
        3.14163         98.9067         8.45833 
        3.15734         98.0725         8.35713 
        3.17308         96.9857         8.25735 
        3.18879         95.6899         8.15949 
        3.20447         94.8332         8.06338 
         3.2202         93.7649         7.96852 
         3.2359         92.8939         7.87537 
        3.25157          91.707         7.78395 
        3.26729         90.9614         7.69371 
        3.28304         90.0287         7.60474 
        3.29877          89.354          7.5173 
        3.31446         88.0076         7.43144 
        3.33014          87.468           7.347 
        3.34585         86.3141         7.26376 
        3.36158          85.421          7.1817 
        3.37727         84.5388         7.10117 
        3.39294         83.6597         7.02196 
        3.40867         82.8015         6.94368 
        3.42439         81.9437         6.86665 
        3.44008         80.9909         6.79094 
        3.45578         80.4035         6.71633 
        3.47153         79.6733         6.64269 
        3.48724         78.6934         6.57029 
        3.50292         78.1018         6.49914 
        3.51859         77.2488         6.42909 
        3.53431         76.4279         6.35987 
        3.55007         75.8322          6.2915 
        3.56577         75.0406         6.22442 
        3.58146         74.5992         6.15834 
        3.59719         73.5553         6.09309 
        3.61292         72.7617         6.02881 
        3.62859         72.1394          5.9657 
        3.64429         71.5267         5.90339 
        3.66003         70.5919         5.84178 
        3.67578         70.0264         5.78108 
        3.69146         69.4848         5.72148 
        3.70712         68.7465         5.66284 
        3.72284         68.0791          5.6048 
        3.73853         67.4677         5.54769 
        3.75422         66.8165         5.49136 
        3.76993         66.3255         5.43577 
        3.78564         65.4734         5.38097 
        3.80137          64.944         5.32685 
        3.81707         64.4806         5.27359 
        3.83279         63.7483         5.22102 
        3.84853         63.3302         5.16909 
        3.86424         62.6678         5.11797 
        3.87992         62.0976         5.06763 
        3.89561         61.5532         5.01796 
        3.91134         60.7583         4.96887 
        3.92704         60.3811         4.92049 
        3.94273         59.8635         4.87281 
        3.95845         59.2054         4.82568 
        3.97418         58.4362         4.77917 
        3.98988         58.1286         4.73334 
        4.00554         57.5797         4.68824 
        4.02125         57.0328          4.6436 
        4.03698         56.6576         4.59948 
        4.05268         56.0104         4.55604 
        4.06839          55.616         4.51313 
         4.0841         55.0444         4.47079 
        4.09983         54.4977         4.42894 
        4.11555         53.9807         4.38764 
        4.13124         53.6344         4.34699 
        4.14693         53.1383         4.30682 
        4.16266         52.5919         4.26708 
        4.17839         52.2205         4.22786 
        4.19408         51.7454         4.18923 
        4.20977          51.241         4.15106 
        4.22551         50.7855         4.11329 
        4.24123         50.3284         4.07602 
        4.25691         49.8206         4.03933 
        4.27259         49.4878         4.00308 
        4.28831         49.1064          3.9672 
        4.30404         48.4853         3.93173 
        4.31974         48.3181         3.89678 
        4.33543          47.733         3.86227 
        4.35116         47.3453          3.8281 
        4.36688         47.0135         3.79437 
        4.38255         46.5908         3.76116 
        4.39825         46.2114         3.72829 
        4.41398         45.7431         3.69574 
         4.4297         45.4479         3.66363 
        4.44541         44.9676          3.6319 
        4.46111         44.5759         3.60057 
        4.47683         44.0883          3.5696 
        4.49251         43.9859         3.53905 
        4.50819         43.4306         3.50888 
         4.5239         43.1175         3.47901 
        4.53962          42.712         3.44946 
        4.55535         42.4328         3.42024 
        4.57106         42.2358          3.3914 
        4.58678         41.7431         3.36289 
         4.6025         41.3124         3.33471 
        4.61821         40.9954         3.30685 
        4.63391         40.7146         3.27935 
         4.6496         40.2298         3.25218 
        4.66532          39.986         3.22528 
        4.68103         39.6743         3.19869 
        4.69673         39.3424         3.17243 
        4.71241         39.0385          3.1465 
        4.72811         38.7009         3.12081 
        4.74384         38.3817         3.09538 
        4.75955         38.1182         3.07028 
        4.77525         37.8502         3.04546 
        4.79096          37.531          3.0209 
        4.80669         37.2729          2.9966 
         4.8224         36.9172         2.97259 
        4.83809         36.6263         2.94887 
        4.85379          36.279          2.9254 
         4.8695         36.0129         2.90217 
        4.88521         35.6948          2.8792 
        4.90093         35.3785         2.85648 
        4.91663         35.1766         2.83403 
        4.93234         34.8107         2.81179 
        4.94807         34.5186         2.78978 
        4.96377         34.2828         2.76805 
        4.97943         33.9908          2.7466 
        4.99514         33.6957         2.72532 
        5.01086         33.5718         2.70426 
        5.02654          33.266         2.68347 
        5.04227         33.0584         2.66284 
          5.058         32.6742         2.64242 
        5.07371         32.4524         2.62225 
        5.08942         32.2365          2.6023 
        5.10513         31.9253         2.58255 
        5.12084          31.734           2.563 
        5.13656         31.5496         2.54365 
        5.15225         31.2502         2.52454 
        5.16796         30.9774          2.5056 
        5.18369         30.7136         2.48683 
         5.1994         30.5826          2.4683 
        5.21509         30.2698         2.44997 
        5.23079         30.0215          2.4318 
        5.24649         29.7973         2.41384 
        5.26217         29.5874         2.39607 
        5.27788         29.3588         2.37846 
        5.29359         29.1395         2.36102 
        5.30933         28.9082         2.34373 
        5.32504         28.6446         2.32664 
        5.34073         28.4532         2.30975 
        5.35646         28.2828         2.29299 
        5.37218         27.9625          2.2764 
        5.38789         27.8357         2.25999 
        5.40357         27.6341         2.24377 
        5.41929         27.4202         2.22768 
        5.43502          27.217         2.21174 
         5.4507         27.0308         2.19599 
        5.46639         26.8019          2.1804 
        5.48212         26.6023         2.16493 
        5.49786         26.4054         2.14958 
        5.51353         26.2491         2.13447 
        5.52921         25.9481         2.11948 
        5.54495         25.8433          2.1046 
        5.56066          25.629         2.08987 
        5.57637         25.4554         2.07529 
        5.59207         25.2881         2.06086 
        5.60778         25.0547         2.04657 
        5.62346         24.9036         2.03243 
        5.63916         24.7269         2.01841 
        5.65487         24.4982         2.00452 
         5.6706         24.2857         1.99074 
        5.68633         24.1302         1.97709 
        5.70203         23.9632          1.9636 
        5.71773         23.8523         1.95023 
        5.73344         23.6989         1.93699 
        5.74916         23.4986         1.92385 
        5.76486         23.3469         1.91086 
        5.78054         23.1622         1.89801 
        5.79626         22.9465         1.88524 
          5.812         22.7649         1.87257 
         5.8277         22.5937         1.86006 
        5.84339         22.4616         1.84767 
        5.85911         22.2989         1.83536 
        5.87484         22.1997         1.82317 
        5.89053         22.0225         1.81112 
        5.90623         21.8891         1.79917 
        5.92195         21.6993          1.7873 
        5.93767         21.5506         1.77556 
        5.95336         21.3714         1.76393 
        5.96905         21.2118         1.75242 
        5.98476         21.1055           1.741 
        6.00048         20.9493         1.72967 
        6.01617         20.8001         1.71846 
        6.03185         20.6616         1.70736 
        6.04756         20.4908         1.69634 
        6.06331         20.3647         1.68539 
        6.07903         20.1865         1.67456 
        6.09473         20.0475         1.66383 
        6.11044         19.9039          1.6532 
        6.12616         19.7861         1.64265 
        6.14186         19.6502         1.63221 
        6.15755         19.5146         1.62186 
        6.17326          19.374          1.6116 
        6.18898         19.2653         1.60142 
        6.20467         19.1408         1.59134 
        6.22036         18.9857         1.58136 
         6.2361         18.8558         1.57143 
         6.2518         18.7047         1.56161 
        6.26748          18.586         1.55189 
        6.28319         18.4463         1.54222 
        6.29893         18.3415         1.53264 
        6.31463         18.1826         1.52315 
        6.33033         18.0772         1.51374 
        6.34604         17.9764         1.50441 
        6.36177         17.8386         1.49515 
        6.37747         17.7206         1.48598 
        6.39316         17.5994          1.4769 
        6.40888          17.454         1.46788 
         6.4246         17.3484         1.45893 
        6.44031         17.2163         1.45006 
        6.45601         17.1298         1.44128 
        6.47172         17.0071         1.43255 
        6.48744          16.872          1.4239 
        6.50313         16.7751         1.41534 
        6.51882         16.6749         1.40685 
        6.53452         16.5811         1.39842 
        6.55025         16.4814         1.39005 
        6.56597         16.3277         1.38175 
        6.58166          16.223         1.37354 
        6.59736         16.0861         1.36539 
        6.61307         16.0151         1.35729 
         6.6288         15.9461         1.34926 
         6.6445         15.8173          1.3413 
         6.6602          15.691         1.33341 
        6.67592         15.5934         1.32558 
        6.69164          15.483         1.31781 
        6.70735         15.3991         1.31011 
        6.72304         15.2837         1.30247 
        6.73874         15.1895          1.2949 
        6.75446         15.1001         1.28738 
        6.77016         14.9635         1.27993 
        6.78585         14.8971         1.27253 
        6.80156         14.7758          1.2652 
        6.81729         14.6699         1.25791 
        6.83301         14.5915         1.25068 
         6.8487         14.5276         1.24352 
         6.8644         14.4286         1.23641 
        6.88012         14.3078         1.22936 
        6.89583         14.2294         1.22236 
        6.91151         14.1389         1.21543 
        6.92723         14.0448         1.20854 
        6.94296         13.9562         1.20169 
        6.95866         13.8634         1.19492 
        6.97436         13.7869         1.18819 
        6.99007         13.6972         1.18152 
        7.00578         13.6034          1.1749 
        7.02147         13.5272         1.16833 
        7.03718          13.442         1.16181 
         7.0529         13.3459         1.15533 
        7.06863         13.2604          1.1489 
        7.08433         13.1696         1.14253 
        7.10004          13.112         1.13621 
        7.11575         13.0192         1.12994 
        7.13145         12.9271         1.12371 
        7.14715         12.8495         1.11753 
        7.16284         12.7697         1.11141 
        7.17855         12.7036         1.10532 
        7.19428         12.6043         1.09927 
        7.20998         12.5339         1.09328 
        7.22568         12.4494         1.08733 
        7.24139         12.3897         1.08143 
        7.25711         12.3152         1.07557 
        7.27282         12.2212         1.06975 
        7.28852         12.1494         1.06398 
        7.30423         12.0885         1.05824 
        7.31995         12.0148         1.05256 
        7.33565         11.9373         1.04691 
        7.35135         11.8512         1.04131 
        7.36706         11.7998         1.03575 
        7.38277         11.7179         1.03023 
        7.39847         11.6587         1.02475 
        7.41419         11.5697         1.01931 
         7.4299         11.5013          1.0139 
        7.44561         11.4173         1.00854 
        7.46132         11.3618         1.00322 
        7.47701         11.2891        0.997942 
        7.49272         11.1912        0.992697 
        7.50842         11.1467        0.987492 
         7.5241         11.0711        0.982332 
        7.53981         11.0195        0.977201 
        7.55552         10.9647        0.972106 
        7.57125          10.885        0.967041 
        7.58698         10.8148        0.962012 
        7.60268         10.7433        0.957029 
         7.6184         10.6869        0.952077 
        7.63411         10.6008        0.947161 
        7.64981         10.5534        0.942283 
        7.66552         10.5002         0.93744 
        7.68123         10.4319        0.932628 
        7.69695         10.3623        0.927849 
        7.71264         10.2995        0.923111 
        7.72834         10.2638        0.918404 
        7.74407         10.1908        0.913723 
        7.75978         10.1107        0.909076 
        7.77546         10.0645        0.904474 
        7.79116         10.0098        0.899899 
         7.8069         9.94445        0.895345 
         7.8226         9.89985         0.89083 
        7.83828         9.83881        0.886355 
        7.85399         9.77845        0.881905 
        7.86972         9.72369        0.877476 
        7.88543          9.6636        0.873086 
        7.90111          9.6031        0.868733 
        7.91681         9.53832        0.864404 
        7.93255         9.49408        0.860097 
        7.94828         9.44452         0.85582 
        7.96397         9.37445        0.851581 
        7.97967          9.3215        0.847371 
        7.99538          9.2783        0.843186 
         8.0111         9.22239        0.839029 
         8.0268         9.16528        0.834904 
        8.04248         9.10979        0.830811 
         8.0582         9.06719        0.826737 
        8.07393         9.00778        0.822688 
        8.08963         8.95908        0.818673 
        8.10533         8.90803        0.814686 
        8.12104         8.85616        0.810723 
        8.13675         8.80035        0.806786 
        8.15245         8.75912        0.802878 
        8.16815         8.70162        0.798997 
        8.18387         8.65857        0.795137 
        8.19959         8.60705        0.791301 
         8.2153         8.55111        0.787494 
        8.23101         8.51172        0.783713 
        8.24672         8.45825        0.779956 
        8.26241         8.41611         0.77623 
         8.2781         8.36391        0.772527 
        8.29381         8.30961        0.768844 
        8.30952         8.27863        0.765186 
        8.32524         8.22484        0.761548 
        8.34095         8.16886        0.757937 
        8.35666         8.13995        0.754351 
        8.37237         8.09581        0.750787 
        8.38808         8.04092        0.747246 
        8.40379         7.99675         0.74373 
         8.4195         7.94745        0.740236 
         8.4352         7.90702        0.736765 
        8.45091         7.86332        0.733317 
        8.46662         7.82704         0.72989 
        8.48232         7.77393        0.726487 
        8.49802         7.74179        0.723106 
        8.51374         7.68911        0.719742 
        8.52945         7.65852        0.716402 
        8.54515         7.60676        0.713086 
        8.56086         7.56114        0.709788 
        8.57658         7.52284        0.706511 
        8.59228         7.48054        0.703257 
        8.60799         7.43858        0.700021 
        8.62371         7.40219        0.696807 
        8.63942         7.36294        0.693613 
        8.65512          7.3193        0.690441 
        8.67082         7.27522        0.687289 
        8.68653         7.23814        0.684155 
        8.70224         7.19899        0.681041 
        8.71795         7.16668        0.677948 
        8.73365         7.12781        0.674873 
        8.74936         7.09137        0.671818 
        8.76506         7.04811        0.668784 
        8.78076         7.01837        0.665768 
        8.79646         6.97283         0.66277 
        8.81218         6.92879        0.659789 
        8.82791         6.89466        0.656823 
         8.8436         6.86188        0.653882 
         8.8593         6.82236         0.65096 
        8.87503         6.78755        0.648048 
        8.89076         6.75621        0.645156 
        8.90644         6.71584        0.642289 
        8.92214         6.67384        0.639438 
        8.93786         6.64225        0.636599 
        8.95357         6.60967         0.63378 
        8.96928         6.57191        0.630979 
        8.98498         6.53701        0.628195 
        9.00069         6.50649        0.625428 
        9.01639         6.47385        0.622677 
        9.03208         6.44188        0.619947 
        9.04778         6.40367         0.61723 
        9.06351         6.37041        0.614526 
        9.07923         6.34534         0.61184 
        9.09493         6.30281        0.609172 
        9.11062         6.27365        0.606523 
        9.12635         6.24398        0.603884 
        9.14207         6.21625        0.601261 
        9.15777         6.18361        0.598657 
        9.17346         6.15015        0.596071 
        9.18917         6.11317        0.593496 
         9.2049         6.08186        0.590934 
        9.22061         6.05191         0.58839 
        9.23631         6.02063        0.585863 
        9.25201         5.98571        0.583351 
        9.26773           5.964        0.580852 
        9.28343         5.93054        0.578368 
        9.29913         5.90413          0.5759 
        9.31484         5.87241        0.573446 
        9.33057         5.83843        0.571002 
        9.34627         5.81556        0.568576 
        9.36197         5.78142        0.566167 
        9.37768         5.75676        0.563768 
        9.39338         5.72213        0.561386 
        9.40909         5.70179        0.559017 
        9.42479         5.66868        0.556662 
         9.4405         5.64078        0.554321 
        9.45621         5.61292        0.551992 
        9.47193         5.58455        0.549677 
        9.48763         5.56019        0.547377 
        9.50334         5.53291        0.545089 
        9.51906         5.50249        0.542814 
        9.53476         5.47701        0.540554 
        9.55045         5.45178        0.538307 
        9.56616         5.42422        0.536072 
        9.58188          5.3939        0.533846 
        9.59759         5.36717        0.531635 
         9.6133         5.34345        0.529437 
        9.62901         5.32236        0.527249 
        9.64471         5.29501        0.525075 
        9.66041         5.27353        0.522913 
        9.67612         5.24508         0.52076 
        9.69184         5.22109        0.518619 
        9.70754         5.19136        0.516493 
        9.72324         5.17147        0.514379 
        9.73895         5.14009        0.512278 
        9.75467         5.12012        0.510188 
        9.77038         5.10161        0.508113 
        9.78607         5.07754        0.506054 
        9.80177         5.05014        0.504007 
        9.81749         5.02258        0.501972 
         9.8332         5.00461        0.499952 
         9.8489          4.9806        0.497946 
        9.86463         4.95725        0.495948 
        9.88035         4.93284        0.493962 
        9.89606         4.91086        0.491987 
        9.91175         4.89483        0.490022 
        9.92745         4.86561        0.488063 
        9.94317         4.84865        0.486108 
        9.95888         4.82446        0.484157 
        9.97458         4.80325        0.482211 
        9.99029         4.77705        0.480266 
         10.006         4.75501        0.479064 
        10.0217         4.73657        0.479064 
        10.0374          4.7158        0.479064 
        10.0531         4.69368        0.479064 
        10.0688         4.67615        0.479064 
        10.0845         4.65135        0.479064 
        10.1002         4.63723        0.479064 
        10.1159         4.61039        0.479064 
        10.1317         4.59185        0.479064 
        10.1474         4.56967        0.479064 
        10.1631         4.55471        0.479064 
        10.1788         4.53279        0.479064 
        10.1945         4.51383        0.479064 
        10.2102         4.48994        0.479064 
        10.2259         4.47469        0.479064 
        10.2416         4.45386        0.479064 
        10.2573         4.44028        0.479064 
         10.273         4.41647        0.479064 
        10.2887         4.39507        0.479064 
        10.3044         4.37801        0.479064 
        10.3201         4.36242        0.479064 
        10.3359         4.34393        0.479064 
        10.3516         4.32823        0.479064 
        10.3673          4.3077        0.479064 
         10.383         4.29274        0.479064 
        10.3987         4.27388        0.479064 
        10.4144           4.255        0.479064 
        10.4301          4.2355        0.479064 
        10.4458         4.22088        0.479064 
        10.4615         4.20248        0.479064 
        10.4772         4.18293        0.479064 
        10.4929         4.17454        0.479064 
        10.5086         4.15369        0.479064 
        10.5244          4.1348        0.479064 
        10.5401         4.12331        0.479064 
        10.5558         4.10736        0.479064 
        10.5715         4.08597        0.479064 
        10.5872         4.06877        0.479064 
        10.6029         4.05627        0.479064 
        10.6186         4.03888        0.479064 
        10.6343         4.02761        0.479064 
          10.65         4.00709        0.479064 
        10.6657          3.9967        0.479064 
        10.6814         3.98007        0.479064 
        10.6971         3.96629        0.479064 
        10.7129         3.94431        0.479064 
        10.7286         3.93489        0.479064 
        10.7443         3.92545        0.479064 
          10.76         3.89984        0.479064 
        10.7757         3.89115        0.479064 
        10.7914         3.87902        0.479064 
        10.8071         3.86208        0.479064 
        10.8228          3.8478        0.479064 
        10.8385         3.83816        0.479064 
        10.8542         3.82212        0.479064 
        10.8699         3.80611        0.479064 
        10.8856         3.79515        0.479064 
        10.9014          3.7856        0.479064 
        10.9171         3.76883        0.479064 
        10.9328          3.7525        0.479064 
        10.9485         3.74527        0.479064 
        10.9642         3.72966        0.479064 
        10.9799         3.71975        0.479064 
        10.9956         3.70603        0.479064 
        11.0113         3.69484        0.479064 
         11.027         3.67903        0.479064 
        11.0427         3.66882        0.479064 
        11.0584         3.65539        0.479064 
        11.0741         3.64194        0.479064 
        11.0898         3.63375        0.479064 
        11.1055         3.62261        0.479064 
        11.1212         3.61057        0.479064 
         11.137         3.59983        0.479064 
        11.1527         3.58922        0.479064 
        11.1684         3.57993        0.479064 
        11.1841         3.56567        0.479064 
        11.1998         3.55542        0.479064 
        11.2155          3.5502        0.479064 
        11.2312         3.53504        0.479064 
        11.2469         3.52533        0.479064 
        11.2626         3.51407        0.479064 
        11.2783         3.50807        0.479064 
         11.294         3.49471        0.479064 
        11.3097         3.48453        0.479064 
        11.3254         3.47485        0.479064 
        11.3412           3.465        0.479064 
        11.3569         3.45829        0.479064 
        11.3726         3.44803        0.479064 
        11.3883         3.43761        0.479064 
         11.404         3.43232        0.479064 
        11.4197         3.41892        0.479064 
        11.4354         3.41353        0.479064 
        11.4511         3.40166        0.479064 
        11.4668         3.39742        0.479064 
        11.4825         3.38657        0.479064 
        11.4982         3.38044        0.479064 
         11.514         3.37001        0.479064 
        11.5297         3.36404        0.479064 
        11.5454         3.35666        0.479064 
        11.5611         3.34887        0.479064 
        11.5768         3.34263        0.479064 
        11.5925         3.33348        0.479064 
        11.6082         3.32572        0.479064 
        11.6239         3.31554        0.479064 
        11.6396         3.31268        0.479064 
        11.6553         3.30793        0.479064 
         11.671         3.29718        0.479064 
        11.6867          3.2917        0.479064 
        11.7024          3.2871        0.479064 
        11.7182         3.27669        0.479064 
        11.7339         3.27491        0.479064 
        11.7496         3.26691        0.479064 
        11.7653         3.26226        0.479064 
         11.781           3.254        0.479064 
        11.7967         3.25128        0.479064 
        11.8124         3.24204        0.479064 
        11.8281         3.23758        0.479064 
        11.8438         3.23463        0.479064 
        11.8595         3.22924        0.479064 
        11.8752         3.22369        0.479064 
         11.891         3.22049        0.479064 
        11.9067         3.21246        0.479064 
        11.9224         3.21032        0.479064 
        11.9381         3.20719        0.479064 
        11.9538         3.20102        0.479064 
        11.9695         3.19817        0.479064 
        11.9852         3.19511        0.479064 
        12.0009         3.19141        0.479064 
        12.0166         3.18862        0.479064 
        12.0323         3.18422        0.479064 
         12.048         3.18055        0.479064 
        12.0637         3.17706        0.479064 
