# k  (h/Mpc)    Pcb(k)  (Mpc/h)^3    Pcb_linear(k) (Mpc/h)^3   ShotnoiseSubtracted = true
      0.0200456         12892.6           13181 
      0.0350414         9774.16         10143.8 
      0.0492313         7541.83          7664.2 
      0.0637834         6597.23         6516.43 
      0.0800726         5282.98          5247.1 
       0.096163         3751.93         3885.55 
       0.111083            3038         3166.15 
       0.126058         2827.52         2832.87 
       0.142273         2443.74         2404.76 
       0.158546         2090.18         1921.55 
        0.17375         1694.26         1646.73 
       0.188953          1649.1         1500.96 
       0.204907         1553.98         1326.84 
       0.220756         1336.59         1129.77 
        0.23588         1186.05         995.211 
         0.2514         1039.06         910.382 
       0.267535         1026.09         823.706 
       0.283568         933.608         728.846 
       0.299022         876.027         655.006 
       0.314451         832.185         602.433 
       0.330372         768.781          553.42 
       0.346141         710.879         503.341 
       0.361624         682.962         460.063 
       0.377134         636.472         425.541 
       0.392932         612.006         394.744 
       0.408854          590.47         364.604 
       0.424564         558.079         337.293 
       0.440253         544.791         314.016 
       0.455999         515.348         293.394 
       0.471626         485.152         274.166 
        0.48727         472.156          256.31 
       0.502856         458.177         240.376 
       0.518488         453.548         226.025 
       0.534347         424.571         212.567 
       0.550082         404.638         200.141 
       0.565732         403.996          188.82 
       0.581496         381.297         178.403 
       0.597222         374.808         168.796 
       0.612804         362.657         159.933 
       0.628434         349.597         151.677 
       0.644267         339.312         143.949 
       0.660051         332.388         136.798 
       0.675724         328.161         130.178 
       0.691403         318.333         123.995 
       0.707174         306.363         118.183 
       0.722871          302.92          112.77 
        0.73838         298.099         107.757 
       0.754018         289.285         103.015 
       0.769845         279.532         98.5084 
        0.78569           279.4         94.2707 
       0.801365         270.212          90.327 
       0.817031         262.452         86.6147 
       0.832809         258.978         83.0904 
       0.848511         252.506         79.7807 
       0.864097         249.074         76.6766 
       0.879701         244.422          73.737 
       0.895507         238.314         70.9187 
       0.911279         231.565         68.2557 
        0.92691         230.838         65.7533 
       0.942635         225.977         63.3642 
       0.958396         223.886         61.0903 
       0.974128         218.439         58.9337 
       0.989692         213.204         56.9038 
        1.00528         210.431         54.9677 
        1.02113         208.929         53.0925 
        1.03692          202.51         51.3129 
        1.05264         198.709         49.6241 
        1.06832         195.414         48.0149 
        1.08405         191.907         46.4737 
        1.09979         190.599         45.0001 
        1.11537          185.01         43.6059 
        1.13105         182.828         42.2632 
        1.14679         182.411         40.9725 
        1.16256         178.846         39.7339 
        1.17828         174.834         38.5512 
        1.19395         172.646         37.4213 
         1.2097         171.107         36.3315 
        1.22537         167.462         35.2909 
          1.241         165.473         34.2947 
        1.25666         162.294          33.335 
        1.27241         159.738         32.4079 
        1.28819         157.939          31.515 
        1.30392         155.944         30.6587 
        1.31957         154.095         29.8384 
        1.33529         150.326         29.0455 
        1.35108         149.053         28.2786 
        1.36674         147.709         27.5452 
         1.3824         144.352         26.8388 
        1.39811          144.17         26.1551 
        1.41389         140.865         25.4929 
        1.42964         138.134          24.855 
        1.44531         135.756         24.2423 
        1.46101         134.621         23.6491 
        1.47667          132.36         23.0779 
        1.49229         130.785         22.5272 
        1.50793          129.55         21.9941 
        1.52367         127.947          21.475 
        1.53953         125.377         20.9693 
        1.55526         123.708         20.4842 
        1.57092         122.375         20.0166 
        1.58662         120.295         19.5626 
        1.60235         119.429          19.122 
        1.61809         117.345         18.6948 
        1.63369         116.011         18.2847 
        1.64941         114.711         17.8841 
        1.66519         112.591         17.4941 
        1.68085         111.737         17.1187 
        1.69652         108.782         16.7543 
        1.71228         109.113         16.3986 
        1.72806         107.114          16.053 
        1.74368         105.938         15.7209 
        1.75933         104.448         15.3977 
        1.77505         102.923         15.0821 
        1.79081         101.657          14.775 
         1.8065         100.463         14.4777 
        1.82218         98.3949         14.1891 
        1.83797          97.476         13.9063 
        1.85367         96.1549          13.633 
        1.86928         95.5251         13.3686 
        1.88497           93.45           13.11 
        1.90073         93.0918         12.8573 
        1.91647         91.4369         12.6115 
        1.93218          90.444         12.3728 
        1.94787         89.4235         12.1406 
        1.96363         87.9892         11.9135 
        1.97935         86.8261         11.6928 
        1.99499         85.9356          11.479 
        2.01064         84.8837         11.2703 
         2.0264         83.4671         11.0654 
        2.04216          82.416         10.8659 
        2.05781         81.6057         10.6725 
        2.07353         80.1075         10.4833 
        2.08928         79.1411         10.2982 
        2.10499         78.3742         10.1182 
        2.12065         77.8001           9.943 
        2.13633         76.6439         9.77187 
        2.15211         75.6351         9.60371 
        2.16785         74.6516         9.44001 
        2.18349         73.6825         9.28119 
        2.19916          72.815         9.12572 
        2.21489           72.03         8.97334 
        2.23063         71.1728         8.82436 
         2.2463         70.3678         8.67947 
        2.26194         69.6288         8.53823 
        2.27765         68.6294         8.39943 
        2.29341         67.7672         8.26338 
        2.30914         66.7419         8.13066 
        2.32486          65.979         8.00096 
        2.34061         65.2068         7.87389 
        2.35635         64.7703         7.74972 
        2.37203         63.4759         7.62869 
        2.38768         63.0478         7.51051 
        2.40339         62.0074         7.39443 
        2.41914         61.5979         7.28056 
        2.43483         61.1611         7.16951 
         2.4505         60.1187         7.06099 
        2.46622          59.434         6.95436 
        2.48195         58.7653         6.84994 
        2.49759         57.8133         6.74824 
        2.51328         57.3748         6.64836 
        2.52906         56.8006         6.54989 
        2.54479         56.0977          6.4538 
        2.56049         55.3463         6.35984 
        2.57618          54.833         6.26785 
        2.59189         54.1885         6.17756 
        2.60758         53.7075          6.0892 
        2.62325         52.9986          6.0027 
        2.63898         52.4861         5.91758 
        2.65468         51.8204         5.83432 
        2.67044         51.1674         5.75231 
        2.68618         50.9318         5.67208 
        2.70184         49.9814         5.59371 
        2.71755         49.8685         5.51665 
        2.73329         48.8664         5.44092 
        2.74897         48.3464         5.36688 
        2.76462         47.9954          5.2944 
        2.78034         47.4212         5.22296 
        2.79607         46.7011         5.15278 
        2.81179         46.3266         5.08398 
        2.82749         45.5914         5.01652 
        2.84321         45.3046         4.95023 
        2.85893         44.7042         4.88516 
        2.87462          44.156         4.82138 
        2.89033         43.8143         4.75869 
        2.90605         43.0896         4.69708 
        2.92176         42.8153         4.63659 
        2.93747         42.2851         4.57721 
        2.95318          41.859         4.51886 
        2.96891         41.1262         4.46152 
        2.98456          41.054         4.40543 
        3.00023         40.5509         4.35023 
        3.01596         40.1806         4.29581 
        3.03164         39.5632         4.24249 
        3.04738         39.3629         4.18993 
         3.0631         38.7883         4.13828 
        3.07883         38.4074          4.0875 
        3.09456         38.0224          4.0376 
        3.11026         37.5907         3.98861 
        3.12596         37.2301         3.94044 
        3.14163         36.8098         3.89319 
        3.15734         36.3114         3.84661 
        3.17308         36.0909         3.80069 
        3.18879         35.6707         3.75564 
        3.20447         35.1897          3.7114 
         3.2202         34.8546         3.66774 
         3.2359         34.5158         3.62487 
        3.25157         34.0775         3.58279 
        3.26729         33.8636         3.54125 
        3.28304           33.47          3.5003 
        3.29877         33.1343         3.46006 
        3.31446          32.852         3.42054 
        3.33014          32.531         3.38167 
        3.34585         32.1153         3.34336 
        3.36158         31.8736         3.30559 
        3.37727         31.4997         3.26852 
        3.39294         31.1793         3.23206 
        3.40867         30.8618         3.19603 
        3.42439         30.5388         3.16057 
        3.44008         30.3914         3.12573 
        3.45578         29.9119         3.09139 
        3.47153         29.7121         3.05749 
        3.48724          29.325         3.02417 
        3.50292         29.0956         2.99142 
        3.51859         28.7226         2.95918 
        3.53431         28.5509         2.92731 
        3.55007         28.2567         2.89585 
        3.56577         27.9697         2.86497 
        3.58146         27.7543         2.83456 
        3.59719         27.3919         2.80452 
        3.61292         27.1439         2.77493 
        3.62859         26.9037         2.74589 
        3.64429         26.5715         2.71721 
        3.66003         26.4133         2.68885 
        3.67578         26.1226         2.66091 
        3.69146         25.8902         2.63348 
        3.70712         25.6373         2.60649 
        3.72284         25.4587         2.57977 
        3.73853         25.1382         2.55349 
        3.75422          24.942         2.52756 
        3.76993         24.7882         2.50197 
        3.78564         24.5275         2.47675 
        3.80137         24.3088         2.45184 
        3.81707          24.042         2.42732 
        3.83279         23.8189         2.40313 
        3.84853         23.5027         2.37922 
        3.86424         23.3019          2.3557 
        3.87992         23.0995         2.33252 
        3.89561         22.8597         2.30966 
        3.91134         22.6985         2.28707 
        3.92704         22.5047          2.2648 
        3.94273         22.2175         2.24285 
        3.95845         22.0855         2.22116 
        3.97418         21.8894         2.19975 
        3.98988         21.6045         2.17866 
        4.00554         21.4447          2.1579 
        4.02125         21.3227         2.13735 
        4.03698         21.0493         2.11704 
        4.05268          20.872         2.09705 
        4.06839         20.7058          2.0773 
         4.0841         20.5393         2.05781 
        4.09983         20.3665         2.03855 
        4.11555         20.1634         2.01954 
        4.13124         19.9452         2.00083 
        4.14693         19.7414         1.98234 
        4.16266         19.5459         1.96405 
        4.17839         19.3879           1.946 
        4.19408         19.2243         1.92821 
        4.20977         19.1463         1.91065 
        4.22551         18.9131         1.89326 
        4.24123         18.7415         1.87611 
        4.25691         18.5769         1.85922 
        4.27259         18.4114         1.84253 
        4.28831         18.2654         1.82602 
        4.30404         18.0869         1.80969 
        4.31974          17.929         1.79361 
        4.33543         17.7703         1.77772 
        4.35116         17.6668           1.762 
        4.36688         17.4712         1.74647 
        4.38255         17.3357         1.73118 
        4.39825          17.198         1.71605 
        4.41398         17.0278         1.70107 
         4.4297         16.8839         1.68629 
        4.44541         16.7496         1.67169 
        4.46111         16.5858         1.65727 
        4.47683         16.4679         1.64301 
        4.49251         16.3356         1.62895 
        4.50819         16.1639         1.61506 
         4.5239         16.0461         1.60132 
        4.53962          15.879         1.58771 
        4.55535         15.7982         1.57426 
        4.57106         15.6182         1.56099 
        4.58678         15.5447         1.54787 
         4.6025         15.3985          1.5349 
        4.61821         15.2398         1.52208 
        4.63391         15.1557         1.50942 
         4.6496         14.9808         1.49691 
        4.66532         14.8719         1.48453 
        4.68103          14.763         1.47229 
        4.69673         14.6629          1.4602 
        4.71241         14.5224         1.44827 
        4.72811         14.3953         1.43644 
        4.74384         14.2623         1.42474 
        4.75955         14.1646         1.41318 
        4.77525         14.0656         1.40176 
        4.79096         13.9229         1.39046 
        4.80669         13.8613         1.37927 
         4.8224         13.6975         1.36822 
        4.83809         13.5828          1.3573 
        4.85379         13.4793          1.3465 
         4.8695         13.4043         1.33581 
        4.88521         13.2736         1.32524 
        4.90093         13.1982         1.31478 
        4.91663          13.079         1.30444 
        4.93234         12.9553         1.29421 
        4.94807         12.8441         1.28408 
        4.96377          12.762         1.27408 
        4.97943         12.6606          1.2642 
        4.99514         12.5389         1.25441 
        5.01086         12.4414         1.24471 
        5.02654         12.3532         1.23514 
        5.04227         12.2433         1.22565 
          5.058         12.1866         1.21625 
        5.07371         12.0781         1.20697 
        5.08942         11.9923         1.19778 
        5.10513         11.8624         1.18869 
        5.12084         11.7901         1.17969 
        5.13656         11.6879         1.17079 
        5.15225         11.6232         1.16199 
        5.16796         11.5172         1.15327 
        5.18369         11.4288         1.14464 
         5.1994         11.3576         1.13611 
        5.21509         11.2539         1.12767 
        5.23079         11.1706         1.11931 
        5.24649         11.0984         1.11104 
        5.26217         11.0062         1.10286 
        5.27788         10.9073         1.09475 
        5.29359         10.8494         1.08673 
        5.30933         10.7757         1.07877 
        5.32504         10.6826         1.07091 
        5.34073         10.6143         1.06313 
        5.35646         10.5239         1.05542 
        5.37218         10.4524         1.04778 
        5.38789          10.386         1.04023 
        5.40357         10.2998         1.03276 
        5.41929         10.2116         1.02535 
        5.43502         10.1591         1.01802 
         5.4507         10.0633         1.01077 
        5.46639         9.98517         1.00359 
        5.48212         9.91782         0.99647 
        5.49786         9.85879        0.989408 
        5.51353         9.76593         0.98245 
        5.52921         9.69165        0.975553 
        5.54495         9.63721        0.968701 
        5.56066         9.54907        0.961924 
        5.57637         9.49252        0.955213 
        5.59207         9.43348        0.948572 
        5.60778         9.35589        0.941992 
        5.62346         9.30125        0.935484 
        5.63916         9.22411        0.929032 
        5.65487         9.15108        0.922638 
         5.6706         9.09882        0.916298 
        5.68633         9.03195        0.910014 
        5.70203         8.96288        0.903804 
        5.71773         8.89608        0.897652 
        5.73344         8.83044        0.891555 
        5.74916         8.76399         0.88551 
        5.76486         8.70796        0.879529 
        5.78054         8.65256        0.873613 
        5.79626         8.58385        0.867735 
          5.812          8.5199        0.861906 
         5.8277         8.46102        0.856148 
        5.84339         8.40901        0.850442 
        5.85911         8.33991        0.844779 
        5.87484         8.28228        0.839168 
        5.89053         8.23659        0.833619 
        5.90623         8.16758        0.828119 
        5.92195         8.11811        0.822659 
        5.93767         8.05883        0.817252 
        5.95336         8.01676        0.811902 
        5.96905          7.9387        0.806603 
        5.98476          7.9033        0.801344 
        6.00048         7.84181        0.796131 
        6.01617         7.79877        0.790971 
        6.03185         7.73906        0.785863 
        6.04756         7.68549        0.780789 
        6.06331         7.63921        0.775749 
        6.07903         7.57299        0.770764 
        6.09473         7.53946        0.765828 
        6.11044         7.48537        0.760932 
        6.12616         7.42411        0.756079 
        6.14186         7.37499        0.751274 
        6.15755         7.32372         0.74651 
        6.17326         7.27683        0.741785 
        6.18898         7.24358        0.737099 
        6.20467         7.19786        0.732462 
        6.22036         7.12448        0.727866 
         6.2361         7.10248        0.723297 
         6.2518         7.03813        0.718775 
        6.26748         6.99317        0.714301 
        6.28319         6.94412        0.709854 
        6.29893         6.89808        0.705441 
        6.31463         6.86201        0.701073 
        6.33033         6.82128        0.696744 
        6.34604         6.77681        0.692449 
        6.36177         6.72494        0.688186 
        6.37747         6.67518        0.683967 
        6.39316         6.63558        0.679787 
        6.40888         6.59025        0.675633 
         6.4246         6.55444        0.671514 
        6.44031         6.50996        0.667432 
        6.45601          6.4658        0.663389 
        6.47172           6.428        0.659375 
        6.48744         6.38772        0.655393 
        6.50313          6.3588        0.651451 
        6.51882         6.30549        0.647543 
        6.53452         6.25953        0.643663 
        6.55025         6.22625        0.639809 
        6.56597         6.17665        0.635992 
        6.58166         6.14327         0.63221 
        6.59736         6.11624        0.628458 
        6.61307         6.06587        0.624733 
         6.6288         6.03545        0.621036 
         6.6445         5.98201        0.617374 
         6.6602         5.95409        0.613743 
        6.67592           5.917        0.610137 
        6.69164         5.89367        0.606561 
        6.70735         5.84764        0.603015 
        6.72304         5.82201        0.599502 
        6.73874         5.77556        0.596016 
        6.75446         5.73574        0.592553 
        6.77016         5.70669        0.589123 
        6.78585         5.66775        0.585721 
        6.80156         5.63203        0.582344 
        6.81729         5.60294        0.578988 
        6.83301         5.57352         0.57566 
         6.8487          5.5429        0.572366 
         6.8644         5.49346        0.569095 
        6.88012         5.47324        0.565847 
        6.89583         5.43948        0.562627 
        6.91151         5.40421        0.559437 
        6.92723         5.36819        0.556264 
        6.94296          5.3314        0.553115 
        6.95866         5.29904        0.549996 
        6.97436         5.27328        0.546901 
        6.99007         5.24211        0.543828 
        7.00578         5.20706         0.54078 
        7.02147         5.17175        0.537758 
        7.03718         5.14506        0.534757 
         7.0529          5.1151        0.531776 
        7.06863         5.08906        0.528816 
        7.08433          5.0432        0.525883 
        7.10004          5.0237        0.522974 
        7.11575          4.9874        0.520086 
        7.13145         4.96613         0.51722 
        7.14715         4.93645        0.514377 
        7.16284         4.90171        0.511559 
        7.17855         4.87816        0.508756 
        7.19428         4.85469        0.505972 
        7.20998         4.81886        0.503214 
        7.22568         4.79998        0.500477 
        7.24139         4.76555        0.497759 
        7.25711         4.74996         0.49506 
        7.27282         4.71487        0.492382 
        7.28852         4.68165        0.489727 
        7.30423         4.66207        0.487088 
        7.31995         4.63886         0.48447 
        7.33565         4.60664        0.481872 
        7.35135         4.58084        0.479293 
        7.36706           4.555        0.476734 
        7.38277         4.52761        0.474192 
        7.39847         4.50021         0.47167 
        7.41419         4.48438        0.469165 
         7.4299         4.45414        0.466678 
        7.44561         4.43824        0.464211 
        7.46132         4.40569        0.461761 
        7.47701         4.37503        0.459332 
        7.49272         4.34394        0.456918 
        7.50842         4.32955        0.454522 
         7.5241         4.30653        0.452147 
        7.53981         4.28119        0.449785 
        7.55552         4.25857         0.44744 
        7.57125         4.23013        0.445109 
        7.58698         4.20815        0.442794 
        7.60268         4.18568        0.440501 
         7.6184         4.16894        0.438221 
        7.63411         4.13601        0.435958 
        7.64981         4.11473        0.433713 
        7.66552         4.09707        0.431484 
        7.68123         4.06941        0.429269 
        7.69695         4.04743        0.427069 
        7.71264         4.02866        0.424889 
        7.72834         4.00723        0.422722 
        7.74407          3.9856        0.420567 
        7.75978         3.96967        0.418429 
        7.77546         3.94221        0.416311 
        7.79116          3.9244        0.414205 
         7.8069         3.89975        0.412109 
         7.8226         3.87838        0.410031 
        7.83828         3.86164        0.407971 
        7.85399         3.83764        0.405922 
        7.86972         3.81589        0.403884 
        7.88543         3.79411        0.401863 
        7.90111         3.77601         0.39986 
        7.91681         3.75384        0.397867 
        7.93255         3.74269        0.395884 
        7.94828         3.71341        0.393916 
        7.96397         3.69647        0.391965 
        7.97967         3.67668        0.390027 
        7.99538         3.65655        0.388101 
         8.0111         3.64053        0.386188 
         8.0268         3.61971        0.384289 
        8.04248         3.60783        0.382405 
         8.0582         3.58536         0.38053 
        8.07393          3.5652        0.378666 
        8.08963         3.54546        0.376818 
        8.10533          3.5243        0.374983 
        8.12104         3.51013        0.373159 
        8.13675         3.49329        0.371347 
        8.15245         3.48082        0.369548 
        8.16815         3.45687        0.367762 
        8.18387         3.44343        0.365985 
        8.19959          3.4236        0.364219 
         8.2153         3.40948        0.362467 
        8.23101          3.3902        0.360727 
        8.24672         3.37359        0.358997 
        8.26241         3.35892        0.357282 
         8.2781         3.33683        0.355578 
        8.29381         3.32194        0.353883 
        8.30952          3.3077        0.352199 
        8.32524         3.29081        0.350525 
        8.34095         3.27208        0.348863 
        8.35666         3.25608        0.347212 
        8.37237         3.24251        0.345572 
        8.38808         3.22593        0.343942 
        8.40379         3.20751        0.342323 
         8.4195         3.18815        0.340715 
         8.4352         3.17541        0.339118 
        8.45091         3.16015        0.337531 
        8.46662         3.14579        0.335953 
        8.48232         3.12828        0.334387 
        8.49802         3.11545         0.33283 
        8.51374         3.09911        0.331282 
        8.52945         3.08828        0.329745 
        8.54515         3.07131        0.328219 
        8.56086         3.05473          0.3267 
        8.57658         3.03953        0.325192 
        8.59228         3.02614        0.323695 
        8.60799         3.01121        0.322205 
        8.62371         2.99823        0.320726 
        8.63942         2.98347        0.319256 
        8.65512         2.96634        0.317796 
        8.67082         2.95683        0.316345 
        8.68653         2.94249        0.314902 
        8.70224          2.9282        0.313469 
        8.71795         2.91473        0.312045 
        8.73365         2.90169         0.31063 
        8.74936         2.88698        0.309224 
        8.76506         2.87573        0.307827 
        8.78076         2.85618        0.306439 
        8.79646         2.84675        0.305059 
        8.81218           2.831        0.303687 
        8.82791         2.81917        0.302322 
         8.8436         2.80762        0.300968 
         8.8593         2.79145        0.299623 
        8.87503         2.78047        0.298283 
        8.89076         2.76968        0.296952 
        8.90644         2.75533        0.295632 
        8.92214         2.74409         0.29432 
        8.93786         2.73126        0.293013 
        8.95357         2.71809        0.291716 
        8.96928         2.70569        0.290426 
        8.98498         2.69887        0.289145 
        9.00069         2.68676        0.287871 
        9.01639         2.66827        0.286605 
        9.03208         2.65969        0.285349 
        9.04778         2.64639        0.284098 
        9.06351         2.63671        0.282854 
        9.07923         2.62779        0.281617 
        9.09493         2.61329        0.280389 
        9.11062         2.59764         0.27917 
        9.12635         2.58805        0.277955 
        9.14207         2.57733        0.276748 
        9.15777         2.56822        0.275549 
        9.17346         2.55751        0.274359 
        9.18917         2.54564        0.273174 
         9.2049         2.53529        0.271995 
        9.22061         2.52464        0.270824 
        9.23631          2.5117        0.269661 
        9.25201         2.50177        0.268504 
        9.26773         2.49067        0.267354 
        9.28343         2.47749        0.266211 
        9.29913         2.47147        0.265075 
        9.31484         2.45956        0.263945 
        9.33057         2.44986         0.26282 
        9.34627         2.43788        0.261704 
        9.36197         2.42809        0.260595 
        9.37768         2.42027        0.259491 
        9.39338         2.40989        0.258394 
        9.40909         2.39902        0.257304 
        9.42479         2.38742         0.25622 
         9.4405         2.37856        0.255142 
        9.45621         2.36978         0.25407 
        9.47193         2.36176        0.253005 
        9.48763         2.34831        0.251946 
        9.50334         2.34243        0.250893 
        9.51906         2.33124        0.249846 
        9.53476         2.32333        0.248806 
        9.55045         2.31502        0.247771 
        9.56616         2.30383        0.246743 
        9.58188          2.2954        0.245718 
        9.59759         2.28799        0.244701 
         9.6133         2.27611        0.243689 
        9.62901         2.26801        0.242682 
        9.64471         2.26027        0.241681 
        9.66041         2.25175        0.240686 
        9.67612         2.24199        0.239695 
        9.69184         2.23356        0.238709 
        9.70754          2.2237        0.237731 
        9.72324          2.2147        0.236758 
        9.73895         2.20882        0.235791 
        9.75467         2.19995        0.234829 
        9.77038           2.192        0.233874 
        9.78607         2.18221        0.232926 
        9.80177          2.1738        0.231984 
        9.81749         2.16503        0.231047 
         9.8332         2.15564        0.230117 
         9.8489         2.15029        0.229194 
        9.86463         2.14288        0.228275 
        9.88035         2.13338         0.22736 
        9.89606         2.12841        0.226452 
        9.91175         2.12066        0.225547 
        9.92745         2.11239        0.224645 
        9.94317          2.1057        0.223745 
        9.95888         2.09495        0.222848 
        9.97458         2.09138        0.221952 
        9.99029         2.08302        0.221056 
         10.006         2.07597        0.220503 
        10.0217         2.06632        0.220503 
        10.0374         2.06035        0.220503 
        10.0531          2.0531        0.220503 
        10.0688         2.04541        0.220503 
        10.0845         2.03841        0.220503 
        10.1002         2.02937        0.220503 
        10.1159         2.02477        0.220503 
        10.1317         2.01894        0.220503 
        10.1474         2.01029        0.220503 
        10.1631         2.00393        0.220503 
        10.1788         1.99656        0.220503 
        10.1945         1.99134        0.220503 
        10.2102          1.9851        0.220503 
        10.2259         1.97842        0.220503 
        10.2416         1.96999        0.220503 
        10.2573          1.9621        0.220503 
         10.273         1.96119        0.220503 
        10.2887         1.95291        0.220503 
        10.3044         1.94607        0.220503 
        10.3201         1.93993        0.220503 
        10.3359         1.93493        0.220503 
        10.3516         1.92643        0.220503 
        10.3673         1.92177        0.220503 
         10.383         1.91607        0.220503 
        10.3987         1.90893        0.220503 
        10.4144         1.90274        0.220503 
        10.4301         1.89801        0.220503 
        10.4458          1.8915        0.220503 
        10.4615         1.88772        0.220503 
        10.4772         1.88159        0.220503 
        10.4929         1.87469        0.220503 
        10.5086         1.87166        0.220503 
        10.5244         1.86539        0.220503 
        10.5401          1.8593        0.220503 
        10.5558         1.85379        0.220503 
        10.5715         1.84788        0.220503 
        10.5872         1.84275        0.220503 
        10.6029         1.83674        0.220503 
        10.6186         1.83126        0.220503 
        10.6343         1.82682        0.220503 
          10.65         1.82247        0.220503 
        10.6657         1.81771        0.220503 
        10.6814         1.81174        0.220503 
        10.6971         1.80876        0.220503 
        10.7129         1.80417        0.220503 
        10.7286         1.79869        0.220503 
        10.7443         1.79351        0.220503 
          10.76          1.7886        0.220503 
        10.7757         1.78299        0.220503 
        10.7914         1.78002        0.220503 
        10.8071         1.77481        0.220503 
        10.8228         1.76915        0.220503 
        10.8385         1.76658        0.220503 
        10.8542          1.7635        0.220503 
        10.8699         1.75779        0.220503 
        10.8856         1.75249        0.220503 
        10.9014         1.74894        0.220503 
        10.9171         1.74624        0.220503 
        10.9328         1.73938        0.220503 
        10.9485         1.73679        0.220503 
        10.9642         1.73216        0.220503 
        10.9799         1.72779        0.220503 
        10.9956         1.72449        0.220503 
        11.0113         1.72198        0.220503 
         11.027         1.71891        0.220503 
        11.0427         1.71379        0.220503 
        11.0584         1.71019        0.220503 
        11.0741         1.70633        0.220503 
        11.0898         1.70401        0.220503 
        11.1055         1.70026        0.220503 
        11.1212          1.6965        0.220503 
         11.137         1.69265        0.220503 
        11.1527         1.68979        0.220503 
        11.1684         1.68401        0.220503 
        11.1841         1.68237        0.220503 
        11.1998         1.67952        0.220503 
        11.2155         1.67714        0.220503 
        11.2312         1.67485        0.220503 
        11.2469         1.67006        0.220503 
        11.2626         1.66914        0.220503 
        11.2783         1.66375        0.220503 
         11.294          1.6636        0.220503 
        11.3097         1.65941        0.220503 
        11.3254         1.65638        0.220503 
        11.3412         1.65412        0.220503 
        11.3569         1.65152        0.220503 
        11.3726         1.64872        0.220503 
        11.3883          1.6449        0.220503 
         11.404         1.64493        0.220503 
        11.4197         1.64114        0.220503 
        11.4354         1.63869        0.220503 
        11.4511         1.63843        0.220503 
        11.4668         1.63429        0.220503 
        11.4825         1.63164        0.220503 
        11.4982         1.63063        0.220503 
         11.514         1.62725        0.220503 
        11.5297         1.62537        0.220503 
        11.5454         1.62256        0.220503 
        11.5611         1.61979        0.220503 
        11.5768         1.62063        0.220503 
        11.5925         1.61792        0.220503 
        11.6082         1.61551        0.220503 
        11.6239         1.61319        0.220503 
        11.6396         1.61025        0.220503 
        11.6553         1.61134        0.220503 
         11.671         1.61052        0.220503 
        11.6867         1.60719        0.220503 
        11.7024         1.60785        0.220503 
        11.7182         1.60558        0.220503 
        11.7339         1.60519        0.220503 
        11.7496         1.60151        0.220503 
        11.7653         1.60159        0.220503 
         11.781         1.60075        0.220503 
        11.7967         1.60089        0.220503 
        11.8124         1.59946        0.220503 
        11.8281         1.59856        0.220503 
        11.8438          1.5958        0.220503 
        11.8595         1.59725        0.220503 
        11.8752         1.59557        0.220503 
         11.891         1.59356        0.220503 
        11.9067         1.59326        0.220503 
        11.9224           1.594        0.220503 
        11.9381         1.59221        0.220503 
        11.9538         1.59092        0.220503 
        11.9695         1.59295        0.220503 
        11.9852         1.59236        0.220503 
        12.0009         1.59141        0.220503 
        12.0166         1.59057        0.220503 
        12.0323          1.5914        0.220503 
         12.048          1.5923        0.220503 
        12.0637          1.5913        0.220503 
