# k  (h/Mpc)    Pcb(k)  (Mpc/h)^3    Pcb_linear(k) (Mpc/h)^3   ShotnoiseSubtracted = true
      0.0200456         75.1335         76.2338 
      0.0350414         53.5273          53.135 
      0.0492313         37.3662         37.1425 
      0.0637834         31.3161         31.3171 
      0.0800726         25.4933         25.6873 
       0.096163         18.3458         18.1857 
       0.111083          14.222         14.0468 
       0.126058         12.6686         12.6977 
       0.142273         11.0724         11.1549 
       0.158546         8.73622         8.71378 
        0.17375         7.18271           7.124 
       0.188953         6.50484         6.50155 
       0.204907         5.88009          5.9413 
       0.220756         5.04229          5.0452 
        0.23588         4.30272          4.2948 
         0.2514          3.8906         3.88695 
       0.267535         3.58738         3.59312 
       0.283568         3.19987         3.20253 
       0.299022         2.82696         2.82426 
       0.314451         2.58052         2.56402 
       0.330372         2.37876         2.37685 
       0.346141          2.1819         2.18053 
       0.361624         1.97883         1.97829 
       0.377134         1.80947          1.8113 
       0.392932         1.69657         1.68193 
       0.408854         1.56041         1.56245 
       0.424564         1.45242         1.44357 
       0.440253         1.33905         1.33583 
       0.455999         1.24327          1.2459 
       0.471626         1.16375         1.16714 
        0.48727         1.09595         1.09152 
       0.502856         1.02652           1.021 
       0.518488        0.955427        0.958159 
       0.534347        0.895959        0.901411 
       0.550082        0.850795        0.849139 
       0.565732        0.806756        0.800286 
       0.581496        0.756481        0.755149 
       0.597222        0.715065        0.714208 
       0.612804         0.67727        0.676749 
       0.628434        0.641343        0.641633 
       0.644267        0.610248        0.608466 
       0.660051        0.580006        0.577945 
       0.675724        0.549561        0.549839 
       0.691403        0.523152        0.523598 
       0.707174        0.498752         0.49893 
       0.722871        0.479978        0.475959 
        0.73838        0.453948        0.454689 
       0.754018         0.43346        0.434568 
       0.769845        0.412919        0.415454 
        0.78569        0.397326        0.397484 
       0.801365        0.381329        0.380765 
       0.817031        0.365656        0.365032 
       0.832809        0.349576        0.350102 
       0.848511        0.335872        0.336089 
       0.864097        0.323834        0.322953 
       0.879701        0.312191        0.310519 
       0.895507        0.297513        0.298604 
       0.911279        0.287732        0.287349 
        0.92691        0.278326        0.276778 
       0.942635        0.266171        0.266689 
       0.958396        0.257278         0.25709 
       0.974128        0.248258        0.247988 
       0.989692        0.239663        0.239424 
        1.00528        0.230278        0.231258 
        1.02113        0.224185        0.223351 
        1.03692         0.21667        0.215848 
        1.05264        0.208698         0.20873 
        1.06832        0.202078        0.201948 
        1.08405        0.195162        0.195454 
        1.09979        0.189457        0.189245 
        1.11537        0.182457        0.183372 
        1.13105          0.1767        0.177717 
        1.14679        0.171829        0.172282 
        1.16256        0.167239        0.167067 
        1.17828        0.162228        0.162088 
        1.19395        0.157552        0.157332 
         1.2097        0.152463        0.152745 
        1.22537        0.147675        0.148365 
          1.241        0.143636        0.144174 
        1.25666        0.140115        0.140136 
        1.27241        0.135771        0.136236 
        1.28819        0.131892         0.13248 
        1.30392        0.128791        0.128878 
        1.31957        0.124948        0.125429 
        1.33529        0.122105        0.122095 
        1.35108        0.118225         0.11887 
        1.36674        0.115684        0.115787 
         1.3824        0.112305        0.112818 
        1.39811        0.109185        0.109944 
        1.41389        0.106991        0.107161 
        1.42964        0.104017         0.10448 
        1.44531        0.101389        0.101905 
        1.46101       0.0987218       0.0994128 
        1.47667       0.0965617       0.0970125 
        1.49229       0.0942345       0.0946989 
        1.50793       0.0919686       0.0924592 
        1.52367       0.0897399       0.0902785 
        1.53953       0.0873711       0.0881544 
        1.55526       0.0854113       0.0861165 
        1.57092       0.0838715       0.0841524 
        1.58662       0.0817918       0.0822456 
        1.60235         0.07982        0.080395 
        1.61809       0.0780097       0.0786012 
        1.63369       0.0762783       0.0768788 
        1.64941        0.074545       0.0751963 
        1.66519       0.0730184       0.0735587 
        1.68085       0.0713163       0.0719822 
        1.69652       0.0699112       0.0704521 
        1.71228       0.0681826       0.0689583 
        1.72806       0.0670241       0.0675071 
        1.74368       0.0654744       0.0661129 
        1.75933       0.0641897       0.0647557 
        1.77505       0.0629868       0.0634308 
        1.79081       0.0615264       0.0621411 
         1.8065       0.0603777       0.0608931 
        1.82218       0.0589245       0.0596811 
        1.83797       0.0578304       0.0584941 
        1.85367       0.0566336       0.0573463 
        1.86928       0.0553341       0.0562367 
        1.88497       0.0543771       0.0551507 
        1.90073       0.0531641       0.0540897 
        1.91647       0.0525149       0.0530579 
        1.93218       0.0516689       0.0520556 
        1.94787       0.0503129        0.051081 
        1.96363       0.0493799       0.0501278 
        1.97935        0.048439       0.0492011 
        1.99499       0.0476235       0.0483034 
        2.01064       0.0466576       0.0474271 
         2.0264       0.0459331       0.0465673 
        2.04216       0.0450944       0.0457295 
        2.05781       0.0441363       0.0449178 
        2.07353       0.0434153       0.0441232 
        2.08928       0.0426863       0.0433463 
        2.10499       0.0419636       0.0425905 
        2.12065        0.041187       0.0418551 
        2.13633       0.0404654       0.0411367 
        2.15211       0.0398045       0.0404307 
        2.16785       0.0388542       0.0397434 
        2.18349       0.0383426       0.0390766 
        2.19916       0.0376354       0.0384239 
        2.21489       0.0369857       0.0377841 
        2.23063       0.0364969       0.0371587 
         2.2463       0.0358554       0.0365503 
        2.26194       0.0352681       0.0359573 
        2.27765       0.0347441       0.0353745 
        2.29341       0.0340024       0.0348033 
        2.30914       0.0334943        0.034246 
        2.32486       0.0329094       0.0337014 
        2.34061       0.0323712       0.0331679 
        2.35635       0.0319302       0.0326465 
        2.37203       0.0315763       0.0321383 
        2.38768       0.0311061        0.031642 
        2.40339        0.030518       0.0311546 
        2.41914       0.0300008       0.0306764 
        2.43483       0.0296448       0.0302101 
         2.4505       0.0290706       0.0297543 
        2.46622       0.0286094       0.0293065 
        2.48195       0.0281684        0.028868 
        2.49759       0.0277682       0.0284409 
        2.51328       0.0272601       0.0280214 
        2.52906       0.0269061       0.0276078 
        2.54479       0.0265672       0.0272042 
        2.56049       0.0260801       0.0268096 
        2.57618       0.0257497       0.0264232 
        2.59189       0.0252934       0.0260439 
        2.60758       0.0250613       0.0256728 
        2.62325        0.024542       0.0253094 
        2.63898       0.0243089       0.0249519 
        2.65468       0.0238703       0.0246021 
        2.67044        0.023544       0.0242576 
        2.68618        0.023186       0.0239205 
        2.70184       0.0230081       0.0235913 
        2.71755       0.0226249       0.0232675 
        2.73329       0.0223577       0.0229494 
        2.74897       0.0219787       0.0226383 
        2.76462       0.0216578       0.0223338 
        2.78034       0.0214098       0.0220336 
        2.79607       0.0210967       0.0217387 
        2.81179       0.0207924       0.0214496 
        2.82749       0.0205687       0.0211662 
        2.84321       0.0202417       0.0208876 
        2.85893       0.0199861       0.0206141 
        2.87462       0.0197127       0.0203461 
        2.89033       0.0194562       0.0200826 
        2.90605        0.019157       0.0198237 
        2.92176       0.0189992       0.0195695 
        2.93747       0.0186895       0.0193199 
        2.95318       0.0184805       0.0190746 
        2.96891        0.018199       0.0188336 
        2.98456       0.0179437       0.0185978 
        3.00023       0.0178376       0.0183658 
        3.01596       0.0175193       0.0181371 
        3.03164       0.0173065       0.0179129 
        3.04738       0.0171054       0.0176919 
         3.0631        0.016804       0.0174748 
        3.07883       0.0166892       0.0172613 
        3.09456        0.016471       0.0170515 
        3.11026       0.0162207       0.0168455 
        3.12596       0.0160972        0.016643 
        3.14163       0.0158834       0.0164443 
        3.15734       0.0157236       0.0162485 
        3.17308       0.0155269       0.0160553 
        3.18879       0.0152968       0.0158659 
        3.20447       0.0151406       0.0156799 
         3.2202       0.0149435       0.0154963 
         3.2359        0.014786        0.015316 
        3.25157       0.0145914        0.015139 
        3.26729       0.0144509       0.0149643 
        3.28304       0.0143006        0.014792 
        3.29877       0.0141157       0.0146227 
        3.31446       0.0139271       0.0144565 
        3.33014       0.0137975        0.014293 
        3.34585       0.0136817       0.0141318 
        3.36158       0.0134854       0.0139729 
        3.37727       0.0133137        0.013817 
        3.39294       0.0131864       0.0136636 
        3.40867        0.013067        0.013512 
        3.42439       0.0128964       0.0133629 
        3.44008       0.0127748       0.0132162 
        3.45578        0.012624       0.0130717 
        3.47153       0.0125025       0.0129291 
        3.48724       0.0123583       0.0127889 
        3.50292       0.0122494       0.0126511 
        3.51859       0.0121552       0.0125154 
        3.53431       0.0119908       0.0123813 
        3.55007       0.0118624       0.0122488 
        3.56577       0.0117357       0.0121189 
        3.58146       0.0116203       0.0119909 
        3.59719       0.0115417       0.0118645 
        3.61292        0.011409       0.0117399 
        3.62859       0.0112537       0.0116176 
        3.64429       0.0111783       0.0114969 
        3.66003       0.0110882       0.0113775 
        3.67578       0.0109544       0.0112599 
        3.69146       0.0108742       0.0111444 
        3.70712       0.0107417       0.0110308 
        3.72284       0.0106521       0.0109183 
        3.73853       0.0105342       0.0108076 
        3.75422       0.0104475       0.0106984 
        3.76993       0.0103638       0.0105907 
        3.78564       0.0102701       0.0104845 
        3.80137       0.0101708       0.0103796 
        3.81707       0.0100561       0.0102763 
        3.83279      0.00995838       0.0101744 
        3.84853      0.00989134       0.0100738 
        3.86424      0.00979857      0.00997466 
        3.87992      0.00973029      0.00987706 
        3.89561       0.0096473      0.00978077 
        3.91134      0.00954214      0.00968558 
        3.92704      0.00947447      0.00959178 
        3.94273      0.00940521      0.00949933 
        3.95845      0.00931741      0.00940794 
        3.97418      0.00923926      0.00931774 
        3.98988      0.00912898      0.00922887 
        4.00554      0.00905163       0.0091414 
        4.02125      0.00895544      0.00905483 
        4.03698      0.00882624      0.00896926 
        4.05268      0.00873988      0.00888501 
        4.06839      0.00865598      0.00880178 
         4.0841      0.00851849      0.00871965 
        4.09983      0.00844697      0.00863847 
        4.11555       0.0083368      0.00855837 
        4.13124       0.0082477      0.00847951 
        4.14693      0.00815113      0.00840158 
        4.16266      0.00806957      0.00832447 
        4.17839      0.00798547      0.00824838 
        4.19408      0.00788373      0.00817343 
        4.20977      0.00780021      0.00809938 
        4.22551        0.007737      0.00802608 
        4.24123      0.00766046      0.00795378 
        4.25691      0.00761562      0.00788257 
        4.27259      0.00752022      0.00781222 
        4.28831      0.00746896      0.00774259 
        4.30404      0.00738839      0.00767376 
        4.31974      0.00736327      0.00760592 
        4.33543      0.00729434      0.00753895 
        4.35116      0.00722331      0.00747263 
        4.36688       0.0071797      0.00740715 
        4.38255      0.00715935       0.0073427 
        4.39825      0.00711954      0.00727888 
        4.41398      0.00705577       0.0072157 
         4.4297       0.0070135      0.00715335 
        4.44541       0.0069943      0.00709176 
        4.46111      0.00694568      0.00703094 
        4.47683       0.0069275       0.0069708 
        4.49251      0.00688927       0.0069115 
        4.50819      0.00686562       0.0068529 
         4.5239      0.00684185      0.00679491 
        4.53962      0.00683188      0.00673752 
        4.55535      0.00680188      0.00668078 
        4.57106      0.00681257      0.00662478 
        4.58678      0.00678271      0.00656941 
         4.6025      0.00677689      0.00651467 
        4.61821      0.00677248      0.00646057 
        4.63391      0.00676775      0.00640716 
         4.6496      0.00674956      0.00635438 
        4.66532      0.00676639      0.00630212 
        4.68103      0.00675769      0.00625048 
        4.69673      0.00675462      0.00619947 
        4.71241      0.00681284      0.00614908 
        4.72811      0.00681647      0.00609918 
        4.74384      0.00682472      0.00604977 
        4.75955      0.00683189        0.006001 
        4.77525      0.00686129      0.00595279 
        4.79096      0.00689648      0.00590506 
        4.80669      0.00691799      0.00585783 
         4.8224      0.00695801      0.00581118 
        4.83809      0.00698326       0.0057651 
        4.85379      0.00703953      0.00571949 
         4.8695      0.00705317      0.00567434 
        4.88521      0.00710769       0.0056297 
        4.90093      0.00713341      0.00558554 
        4.91663      0.00721256       0.0055419 
        4.93234      0.00723245      0.00549868 
        4.94807      0.00729433       0.0054559 
        4.96377      0.00735198      0.00541366 
        4.97943       0.0074528      0.00537196 
        4.99514      0.00747392       0.0053306 
        5.01086      0.00754716      0.00528964 
        5.02654      0.00760936      0.00524922 
        5.04227      0.00767763      0.00520912 
          5.058      0.00778224      0.00516941 
        5.07371       0.0078454       0.0051302 
        5.08942      0.00797324       0.0050914 
        5.10513      0.00802247        0.005053 
        5.12084      0.00810794      0.00501498 
        5.13656      0.00820812      0.00497736 
        5.15225      0.00831608       0.0049402 
        5.16796      0.00845137      0.00490336 
        5.18369       0.0085343      0.00486686 
         5.1994      0.00866738      0.00483081 
        5.21509       0.0087468      0.00479516 
        5.23079      0.00886783      0.00475983 
        5.24649      0.00899962      0.00472488 
        5.26217       0.0091312      0.00469032 
        5.27788      0.00926415      0.00465605 
        5.29359      0.00938154      0.00462213 
        5.30933      0.00954001      0.00458849 
        5.32504      0.00966882      0.00455526 
        5.34073       0.0098143      0.00452239 
        5.35646       0.0100077      0.00448978 
        5.37218       0.0102073      0.00445749 
        5.38789       0.0103064      0.00442557 
        5.40357       0.0104695      0.00439401 
        5.41929       0.0106413      0.00436269 
        5.43502       0.0108945      0.00433167 
         5.4507       0.0110424      0.00430103 
        5.46639       0.0111986      0.00427068 
        5.48212       0.0113705      0.00424056 
        5.49786        0.011711       0.0042107 
        5.51353       0.0118888      0.00418128 
        5.52921       0.0120336      0.00415211 
        5.54495       0.0122988      0.00412313 
        5.56066       0.0125652      0.00409447 
        5.57637       0.0128076      0.00406609 
        5.59207       0.0130418        0.004038 
        5.60778       0.0133352      0.00401017 
        5.62346       0.0135654      0.00398264 
        5.63916       0.0137505      0.00395535 
        5.65487       0.0140514       0.0039283 
         5.6706       0.0143119      0.00390148 
        5.68633       0.0146753       0.0038749 
        5.70203       0.0149732      0.00384862 
        5.71773       0.0153114       0.0038226 
        5.73344       0.0154857       0.0037968 
        5.74916       0.0158941      0.00377122 
        5.76486        0.016271      0.00374592 
        5.78054       0.0165663      0.00372088 
        5.79626       0.0169074      0.00369601 
          5.812       0.0173293      0.00367134 
         5.8277       0.0176329      0.00364698 
        5.84339       0.0180572      0.00362283 
        5.85911       0.0185639      0.00359886 
        5.87484       0.0189499      0.00357511 
        5.89053       0.0193134      0.00355163 
        5.90623       0.0198912      0.00352835 
        5.92195        0.020161      0.00350524 
        5.93767       0.0206574      0.00348235 
        5.95336       0.0212624      0.00345971 
        5.96905       0.0217489      0.00343727 
        5.98476       0.0220993      0.00341501 
        6.00048       0.0228238      0.00339294 
        6.01617       0.0231193      0.00337109 
        6.03185       0.0236837      0.00334947 
        6.04756       0.0244615      0.00332798 
        6.06331       0.0249104      0.00330664 
        6.07903       0.0256063      0.00328554 
        6.09473       0.0260525      0.00326463 
        6.11044       0.0269837       0.0032439 
        6.12616       0.0273957      0.00322335 
        6.14186       0.0282137        0.003203 
        6.15755       0.0289615      0.00318283 
        6.17326       0.0294276      0.00316281 
        6.18898       0.0303245      0.00314297 
        6.20467       0.0310194      0.00312333 
        6.22036       0.0320262      0.00310386 
         6.2361       0.0325922       0.0030845 
         6.2518       0.0335432      0.00306535 
        6.26748       0.0341908       0.0030464 
        6.28319        0.035481      0.00302756 
        6.29893       0.0362484      0.00300886 
        6.31463        0.037319      0.00299036 
        6.33033       0.0379867      0.00297202 
        6.34604       0.0389447      0.00295382 
        6.36177        0.039854      0.00293575 
        6.37747       0.0412952      0.00291788 
        6.39316       0.0419401      0.00290016 
        6.40888       0.0438611      0.00288256 
         6.4246       0.0447846      0.00286511 
        6.44031       0.0460238      0.00284781 
        6.45601       0.0469034      0.00283068 
        6.47172       0.0483529      0.00281366 
        6.48744       0.0498191      0.00279679 
        6.50313       0.0510375      0.00278008 
        6.51882       0.0529413      0.00276351 
        6.53452       0.0539828      0.00274707 
        6.55025       0.0556393      0.00273073 
        6.56597       0.0573617      0.00271455 
        6.58166       0.0585539      0.00269852 
        6.59736       0.0607516      0.00268261 
        6.61307       0.0621627      0.00266682 
         6.6288       0.0640566      0.00265115 
         6.6445       0.0661985      0.00263562 
         6.6602       0.0682972      0.00262022 
        6.67592       0.0703751      0.00260494 
        6.69164       0.0720819      0.00258977 
        6.70735       0.0739704      0.00257474 
        6.72304       0.0770411      0.00255984 
        6.73874       0.0792888      0.00254506 
        6.75446       0.0810727      0.00253037 
        6.77016       0.0838265      0.00251583 
        6.78585        0.086217      0.00250139 
        6.80156       0.0905893      0.00248707 
        6.81729       0.0924128      0.00247284 
        6.83301       0.0951696      0.00245872 
         6.8487       0.0989432      0.00244475 
         6.8644        0.100824      0.00243088 
        6.88012        0.105116       0.0024171 
        6.89583        0.108682      0.00240344 
        6.91151        0.112626      0.00238991 
        6.92723        0.116102      0.00237645 
        6.94296        0.120895      0.00236308 
        6.95866        0.122725      0.00234985 
        6.97436        0.128791      0.00233672 
        6.99007        0.133175      0.00232368 
        7.00578        0.136621      0.00231075 
        7.02147        0.142844      0.00229793 
        7.03718        0.147074      0.00228519 
         7.0529        0.151557      0.00227254 
        7.06863        0.158601      0.00225998 
        7.08433        0.164259      0.00224753 
        7.10004        0.169486      0.00223519 
        7.11575         0.17839      0.00222293 
        7.13145        0.182458      0.00221077 
        7.14715        0.190457       0.0021987 
        7.16284        0.198232      0.00218674 
        7.17855        0.205663      0.00217484 
        7.19428        0.212264      0.00216302 
        7.20998        0.222127      0.00215132 
        7.22568        0.233291       0.0021397 
        7.24139        0.239721      0.00212816 
        7.25711        0.253982       0.0021167 
        7.27282        0.261937      0.00210533 
        7.28852         0.27035      0.00209406 
        7.30423          0.2848      0.00208285 
        7.31995        0.293285      0.00207174 
        7.33565        0.308137      0.00206071 
        7.35135         0.31944      0.00204976 
        7.36706        0.337177      0.00203889 
        7.38277        0.347773      0.00202809 
        7.39847        0.371231      0.00201738 
        7.41419        0.379069      0.00200675 
         7.4299        0.399713      0.00199619 
        7.44561        0.408339      0.00198571 
        7.46132        0.436812       0.0019753 
        7.47701        0.450586      0.00196499 
        7.49272        0.473978      0.00195473 
        7.50842        0.501285      0.00194456 
         7.5241        0.529272      0.00193447 
        7.53981        0.547448      0.00192444 
        7.55552        0.579599      0.00191447 
        7.57125        0.617664      0.00190457 
        7.58698        0.637867      0.00189474 
        7.60268        0.673667      0.00188499 
         7.6184        0.711772      0.00187531 
        7.63411        0.740248      0.00186569 
        7.64981        0.780072      0.00185616 
        7.66552        0.818465      0.00184668 
        7.68123        0.859381      0.00183727 
        7.69695        0.919047      0.00182792 
        7.71264        0.963337      0.00181866 
        7.72834         1.03489      0.00180945 
        7.74407         1.07748       0.0018003 
        7.75978         1.09956      0.00179121 
        7.77546         1.18891       0.0017822 
        7.79116         1.24458      0.00177325 
         7.8069         1.31868      0.00176435 
         7.8226         1.34581      0.00175551 
        7.83828         1.48536      0.00174676 
        7.85399         1.55664      0.00173805 
        7.86972         1.61617      0.00172939 
        7.88543         1.70408       0.0017208 
        7.90111         1.79992      0.00171228 
        7.91681         1.94993      0.00170381 
        7.93255         1.94043      0.00169538 
        7.94828         2.05065      0.00168701 
        7.96397         2.09937      0.00167872 
        7.97967         2.28301      0.00167048 
        7.99538         2.44784      0.00166229 
         8.0111         2.46921      0.00165415 
         8.0268         2.41548      0.00164608 
        8.04248         2.54177      0.00163807 
         8.0582         2.50124       0.0016301 
        8.07393         2.46858      0.00162217 
        8.08963         2.22962      0.00161431 
        8.10533         2.13607      0.00160651 
        8.12104           2.058      0.00159875 
        8.13675          1.9926      0.00159104 
        8.15245         1.90817      0.00158339 
        8.16815          1.7715       0.0015758 
        8.18387         1.63755      0.00156824 
        8.19959         1.58152      0.00156073 
         8.2153         1.56505      0.00155328 
        8.23101         1.49626      0.00154587 
        8.24672         1.36721      0.00153852 
        8.26241         1.30681      0.00153122 
         8.2781         1.25393      0.00152397 
        8.29381         1.21201      0.00151676 
        8.30952         1.15203      0.00150959 
        8.32524         1.10073      0.00150247 
        8.34095         1.04189       0.0014954 
        8.35666          1.0158      0.00148838 
        8.37237        0.968102       0.0014814 
        8.38808        0.911751      0.00147446 
        8.40379        0.889421      0.00146757 
         8.4195        0.847965      0.00146073 
         8.4352        0.834183      0.00145393 
        8.45091        0.781683      0.00144718 
        8.46662        0.761455      0.00144047 
        8.48232        0.722897       0.0014338 
        8.49802        0.702798      0.00142718 
        8.51374        0.682424      0.00142059 
        8.52945        0.641743      0.00141404 
        8.54515        0.632212      0.00140755 
        8.56086        0.597421      0.00140109 
        8.57658        0.582993      0.00139467 
        8.59228        0.558013      0.00138829 
        8.60799        0.549761      0.00138195 
        8.62371        0.526374      0.00137565 
        8.63942        0.504874      0.00136939 
        8.65512        0.495288      0.00136318 
        8.67082        0.477204        0.001357 
        8.68653        0.463085      0.00135086 
        8.70224        0.447813      0.00134476 
        8.71795         0.43741      0.00133869 
        8.73365        0.424828      0.00133267 
        8.74936        0.412421      0.00132668 
        8.76506        0.400326      0.00132073 
        8.78076        0.388852      0.00131482 
        8.79646        0.379618      0.00130895 
        8.81218        0.370385       0.0013031 
        8.82791        0.364662      0.00129729 
         8.8436        0.351946      0.00129152 
         8.8593        0.339878      0.00128579 
        8.87503        0.334794      0.00128009 
        8.89076        0.328455      0.00127442 
        8.90644        0.322177       0.0012688 
        8.92214        0.311066      0.00126321 
        8.93786        0.304845      0.00125764 
        8.95357         0.29742      0.00125211 
        8.96928        0.291752      0.00124662 
        8.98498        0.286143      0.00124116 
        9.00069        0.279827      0.00123573 
        9.01639        0.273623      0.00123034 
        9.03208        0.268303      0.00122499 
        9.04778        0.263835      0.00121966 
        9.06351        0.261624      0.00121436 
        9.07923        0.254934      0.00120909 
        9.09493        0.251534      0.00120386 
        9.11062        0.246948      0.00119866 
        9.12635        0.240448      0.00119348 
        9.14207        0.238956      0.00118834 
        9.15777        0.234533      0.00118323 
        9.17346        0.229798      0.00117816 
        9.18917        0.228645      0.00117311 
         9.2049        0.225516      0.00116808 
        9.22061        0.221545      0.00116309 
        9.23631        0.218346      0.00115813 
        9.25201        0.215986       0.0011532 
        9.26773        0.211153       0.0011483 
        9.28343        0.210471      0.00114343 
        9.29913        0.206846      0.00113859 
        9.31484        0.206659      0.00113377 
        9.33057        0.203004      0.00112897 
        9.34627        0.201671      0.00112421 
        9.36197        0.199458      0.00111949 
        9.37768         0.19673      0.00111478 
        9.39338        0.196401       0.0011101 
        9.40909        0.193836      0.00110546 
        9.42479        0.193872      0.00110083 
         9.4405        0.191861      0.00109624 
        9.45621        0.189309      0.00109167 
        9.47193        0.189404      0.00108712 
        9.48763         0.18821      0.00108261 
        9.50334        0.188587      0.00107812 
        9.51906        0.186687      0.00107365 
        9.53476        0.186188      0.00106922 
        9.55045         0.18603      0.00106481 
        9.56616        0.184627      0.00106042 
        9.58188        0.186223      0.00105605 
        9.59759         0.18407      0.00105171 
         9.6133        0.184887      0.00104739 
        9.62901        0.184846       0.0010431 
        9.64471        0.183755      0.00103883 
        9.66041        0.185222      0.00103458 
        9.67612        0.184052      0.00103036 
        9.69184         0.18648      0.00102615 
        9.70754           0.186      0.00102198 
        9.72324         0.18546      0.00101783 
        9.73895        0.187649       0.0010137 
        9.75467        0.186674       0.0010096 
        9.77038        0.190561      0.00100552 
        9.78607        0.188809      0.00100148 
        9.80177        0.190175     0.000997457 
        9.81749        0.193297      0.00099346 
         9.8332         0.19172     0.000989492 
         9.8489        0.198248     0.000985552 
        9.86463          0.1954     0.000981629 
        9.88035        0.199556     0.000977727 
        9.89606         0.20061     0.000973848 
        9.91175        0.200687     0.000969988 
        9.92745        0.207105     0.000966139 
        9.94317        0.204444     0.000962298 
        9.95888        0.211926     0.000958466 
        9.97458        0.211087     0.000954643 
        9.99029        0.213031     0.000950821 
         10.006        0.219182      0.00094846 
        10.0217         0.21643      0.00094846 
        10.0374        0.228067      0.00094846 
        10.0531        0.225124      0.00094846 
        10.0688        0.231062      0.00094846 
        10.0845        0.234724      0.00094846 
        10.1002         0.23317      0.00094846 
        10.1159        0.246889      0.00094846 
        10.1317        0.241455      0.00094846 
        10.1474        0.253055      0.00094846 
        10.1631        0.254402      0.00094846 
        10.1788        0.257169      0.00094846 
        10.1945        0.268331      0.00094846 
        10.2102        0.262344      0.00094846 
        10.2259        0.282202      0.00094846 
        10.2416        0.277332      0.00094846 
        10.2573        0.286158      0.00094846 
         10.273        0.296797      0.00094846 
        10.2887         0.28929      0.00094846 
        10.3044        0.317503      0.00094846 
        10.3201        0.304039      0.00094846 
        10.3359        0.323468      0.00094846 
        10.3516        0.326627      0.00094846 
        10.3673        0.327117      0.00094846 
         10.383        0.350676      0.00094846 
        10.3987        0.337011      0.00094846 
        10.4144        0.370921      0.00094846 
        10.4301        0.361468      0.00094846 
        10.4458         0.37554      0.00094846 
        10.4615         0.39218      0.00094846 
        10.4772        0.374957      0.00094846 
        10.4929        0.430989      0.00094846 
        10.5086        0.404443      0.00094846 
        10.5244        0.433659      0.00094846 
        10.5401        0.441009      0.00094846 
        10.5558        0.434034      0.00094846 
        10.5715        0.486416      0.00094846 
        10.5872        0.455045      0.00094846 
        10.6029         0.50887      0.00094846 
        10.6186        0.494935      0.00094846 
        10.6343        0.508232      0.00094846 
          10.65        0.544291      0.00094846 
        10.6657        0.511561      0.00094846 
        10.6814         0.59714      0.00094846 
        10.6971        0.554391      0.00094846 
        10.7129        0.604108      0.00094846 
        10.7286        0.610634      0.00094846 
        10.7443        0.586614      0.00094846 
          10.76        0.689923      0.00094846 
        10.7757        0.624943      0.00094846 
        10.7914        0.714411      0.00094846 
        10.8071        0.684975      0.00094846 
        10.8228        0.711433      0.00094846 
        10.8385         0.77503      0.00094846 
        10.8542         0.68834      0.00094846 
        10.8699        0.867486      0.00094846 
        10.8856        0.762862      0.00094846 
        10.9014        0.846157      0.00094846 
        10.9171        0.858271      0.00094846 
        10.9328        0.781082      0.00094846 
        10.9485         1.00331      0.00094846 
        10.9642        0.847533      0.00094846 
        10.9799         1.01453      0.00094846 
        10.9956        0.939361      0.00094846 
        11.0113        0.951091      0.00094846 
         11.027         1.08722      0.00094846 
        11.0427        0.917743      0.00094846 
        11.0584         1.18845      0.00094846 
        11.0741         1.01723      0.00094846 
        11.0898         1.15387      0.00094846 
        11.1055         1.14683      0.00094846 
        11.1212         1.00121      0.00094846 
         11.137          1.3755      0.00094846 
        11.1527           1.075      0.00094846 
        11.1684         1.35045      0.00094846 
        11.1841          1.2063      0.00094846 
        11.1998         1.17075      0.00094846 
        11.2155         1.42217      0.00094846 
        11.2312         1.14302      0.00094846 
        11.2469         1.50008      0.00094846 
        11.2626         1.22549      0.00094846 
        11.2783         1.39166      0.00094846 
         11.294          1.3727      0.00094846 
        11.3097         1.17354      0.00094846 
        11.3254         1.62271      0.00094846 
        11.3412          1.2384      0.00094846 
        11.3569         1.48845      0.00094846 
        11.3726         1.33901      0.00094846 
        11.3883         1.22747      0.00094846 
         11.404         1.57233      0.00094846 
        11.4197         1.20267      0.00094846 
        11.4354         1.50978      0.00094846 
        11.4511         1.24382      0.00094846 
        11.4668         1.31111      0.00094846 
        11.4825         1.36691      0.00094846 
        11.4982         1.12351      0.00094846 
         11.514         1.43508      0.00094846 
        11.5297         1.15801      0.00094846 
        11.5454         1.29841      0.00094846 
        11.5611         1.21958      0.00094846 
        11.5768         1.04217      0.00094846 
        11.5925         1.34213      0.00094846 
        11.6082         1.05093      0.00094846 
        11.6239         1.21939      0.00094846 
        11.6396          1.0813      0.00094846 
        11.6553         1.04101      0.00094846 
         11.671         1.15531      0.00094846 
        11.6867        0.964389      0.00094846 
        11.7024         1.11236      0.00094846 
        11.7182          0.9656      0.00094846 
        11.7339        0.990913      0.00094846 
        11.7496         1.00365      0.00094846 
        11.7653        0.873686      0.00094846 
         11.781         1.02514      0.00094846 
        11.7967         0.88021      0.00094846 
        11.8124        0.925634      0.00094846 
        11.8281        0.880748      0.00094846 
        11.8438        0.813871      0.00094846 
        11.8595        0.916683      0.00094846 
        11.8752        0.792835      0.00094846 
         11.891        0.849126      0.00094846 
        11.9067        0.788657      0.00094846 
        11.9224        0.770755      0.00094846 
        11.9381        0.800662      0.00094846 
        11.9538        0.717972      0.00094846 
        11.9695        0.775859      0.00094846 
        11.9852        0.708776      0.00094846 
        12.0009        0.709385      0.00094846 
        12.0166        0.717579      0.00094846 
        12.0323        0.646756      0.00094846 
         12.048        0.716852      0.00094846 
        12.0637        0.643808      0.00094846 
