# k  (h/Mpc)    Pcb(k)  (Mpc/h)^3    Pcb_linear(k) (Mpc/h)^3   ShotnoiseSubtracted = true
      0.0200456         9631.46         9815.26 
      0.0350414         6570.91          6739.3 
      0.0492313         4624.88         4638.86 
      0.0637834         3966.24         3872.66 
      0.0800726         3224.83         3182.89 
       0.096163         2210.11         2248.44 
       0.111083         1692.24         1713.03 
       0.126058         1566.34         1535.83 
       0.142273         1396.47         1359.26 
       0.158546         1149.12         1064.84 
        0.17375         898.323         859.819 
       0.188953         861.018          777.55 
       0.204907         822.357         714.595 
       0.220756         697.669          610.37 
        0.23588         605.746         515.914 
         0.2514         526.889         462.463 
       0.267535         511.532         428.043 
       0.283568         465.996         383.657 
       0.299022         430.802         337.498 
       0.314451         398.909         304.238 
       0.330372         368.954         281.489 
       0.346141         333.007         259.084 
       0.361624         320.065         235.088 
       0.377134         297.887         214.378 
       0.392932         277.788         198.511 
       0.408854         266.396         184.547 
       0.424564         254.565         170.614 
       0.440253          243.23         157.587 
       0.455999         228.475         146.646 
       0.471626          212.29         137.287 
        0.48727         205.678         128.421 
       0.502856         198.129         120.037 
       0.518488         194.502         112.467 
       0.534347         184.406         105.705 
       0.550082         171.766          99.536 
       0.565732         167.352         93.7746 
       0.581496         159.633         88.3961 
       0.597222         154.902         83.5306 
       0.612804         148.602         79.1008 
       0.628434         144.538          74.962 
       0.644267         139.516         71.0425 
       0.660051         137.539         67.4247 
       0.675724         133.592         64.1044 
       0.691403         129.503         61.0111 
       0.707174         124.133         58.1046 
       0.722871         122.735         55.3993 
        0.73838         120.272         52.8955 
       0.754018         115.289         50.5279 
       0.769845          112.77         48.2799 
        0.78569         110.243         46.1673 
       0.801365         107.105         44.2028 
       0.817031         103.282         42.3549 
       0.832809         102.087         40.6021 
       0.848511         98.7412         38.9577 
       0.864097           96.43         37.4171 
       0.879701         94.8883         35.9595 
       0.895507         92.7135         34.5635 
       0.911279         91.2516         33.2456 
        0.92691         89.4823         32.0083 
       0.942635         86.9615          30.828 
       0.958396          86.624         29.7055 
       0.974128         84.2163         28.6418 
       0.989692         82.2646         27.6413 
        1.00528         80.4411         26.6878 
        1.02113         79.5429         25.7649 
        1.03692         76.8342         24.8895 
        1.05264         76.8065         24.0594 
        1.06832          74.523         23.2689 
        1.08405         73.5777         22.5121 
        1.09979         73.1191          21.789 
        1.11537         70.4927         21.1052 
        1.13105         70.7945          20.447 
        1.14679         69.3921         19.8147 
        1.16256         68.2574         19.2081 
        1.17828         66.6545         18.6293 
        1.19395         65.9128         18.0765 
         1.2097         64.2754         17.5436 
        1.22537         64.4923          17.035 
          1.241         62.8279         16.5483 
        1.25666         61.5897         16.0796 
        1.27241         60.9057         15.6271 
        1.28819         59.7631         15.1915 
        1.30392         59.0333         14.7739 
        1.31957          58.421         14.3741 
        1.33529         57.2652         13.9877 
        1.35108         57.0121         13.6142 
        1.36674          56.265         13.2572 
         1.3824         54.8726         12.9134 
        1.39811         54.5351         12.5808 
        1.41389         53.7351         12.2588 
        1.42964         53.0142         11.9487 
        1.44531         52.1044          11.651 
        1.46101         51.2906         11.3629 
        1.47667         51.1724         11.0855 
        1.49229         50.4046         10.8182 
        1.50793         49.7732         10.5595 
        1.52367         48.8955         10.3077 
        1.53953         48.5279         10.0625 
        1.55526         47.8434         9.82733 
        1.57092         47.4828         9.60072 
        1.58662         46.7737         9.38079 
        1.60235          46.268          9.1674 
        1.61809         45.5373          8.9606 
        1.63369         44.8502         8.76209 
        1.64941         44.3669         8.56823 
        1.66519         43.6729         8.37959 
        1.68085         43.4127         8.19804 
        1.69652         42.7245         8.02186 
        1.71228         42.4723         7.84992 
        1.72806         42.0261         7.68292 
        1.74368         41.3708         7.52251 
        1.75933         40.8996         7.36641 
        1.77505         40.5673         7.21404 
        1.79081         39.9896         7.06576 
         1.8065         39.6201         6.92232 
        1.82218         39.1651         6.78304 
        1.83797         38.5958         6.64666 
        1.85367         38.0882         6.51482 
        1.86928         37.7353         6.38739 
        1.88497         37.5372         6.26271 
        1.90073         37.0267         6.14092 
        1.91647         36.5818         6.02251 
        1.93218         36.2587          5.9075 
        1.94787         35.8261          5.7957 
        1.96363          35.514         5.68637 
        1.97935         34.9689         5.58012 
        1.99499         34.6896         5.47721 
        2.01064         34.3829         5.37676 
         2.0264         33.8391         5.27823 
        2.04216         33.4963         5.18224 
        2.05781         33.0369         5.08927 
        2.07353         32.7997         4.99827 
        2.08928         32.7102         4.90931 
        2.10499         32.2054         4.82278 
        2.12065          31.762         4.73861 
        2.13633         31.6353          4.6564 
        2.15211          31.151         4.57562 
        2.16785         30.7062           4.497 
        2.18349         30.5538         4.42074 
        2.19916         30.2936         4.34611 
        2.21489          29.841         4.27297 
        2.23063         29.5724         4.20147 
         2.2463         29.2533         4.13195 
        2.26194         29.0441         4.06419 
        2.27765         28.7654         3.99761 
        2.29341         28.4678         3.93237 
        2.30914         28.2436         3.86873 
        2.32486         27.8163         3.80654 
        2.34061         27.6454         3.74563 
        2.35635         27.3772         3.68612 
        2.37203         27.1719         3.62812 
        2.38768         26.7676          3.5715 
        2.40339         26.6964          3.5159 
        2.41914         26.3656         3.46135 
        2.43483         26.0296         3.40817 
         2.4505         25.8139         3.35621 
        2.46622         25.5757         3.30516 
        2.48195         25.3252         3.25517 
        2.49759         25.1086          3.2065 
        2.51328         24.7877          3.1587 
        2.52906            24.7         3.11158 
        2.54479         24.3258         3.06561 
        2.56049         24.0581         3.02067 
        2.57618         23.8003         2.97667 
        2.59189         23.7225         2.93349 
        2.60758          23.495         2.89124 
        2.62325         23.1652         2.84988 
        2.63898         23.1061         2.80919 
        2.65468         22.7713         2.76939 
        2.67044         22.6028          2.7302 
        2.68618         22.3037         2.69186 
        2.70184         22.1588         2.65442 
        2.71755         22.0252          2.6176 
        2.73329         21.7572         2.58144 
        2.74897         21.5019         2.54607 
        2.76462         21.4007         2.51146 
        2.78034         21.2306         2.47735 
        2.79607         21.0173         2.44384 
        2.81179         20.7835         2.41099 
        2.82749         20.6255          2.3788 
        2.84321         20.4584         2.34715 
        2.85893         20.1657          2.3161 
        2.87462         20.0326         2.28567 
        2.89033         19.9365         2.25576 
        2.90605          19.757         2.22636 
        2.92176         19.4801         2.19751 
        2.93747         19.3868         2.16919 
        2.95318         19.1373         2.14136 
        2.96891          19.011         2.11402 
        2.98456         18.8288         2.08728 
        3.00023         18.6061         2.06096 
        3.01596         18.5398         2.03502 
        3.03164         18.3486          2.0096 
        3.04738         18.1556         1.98455 
         3.0631         18.0083         1.95994 
        3.07883         17.8538         1.93574 
        3.09456         17.6577         1.91197 
        3.11026         17.5452         1.88863 
        3.12596         17.3765         1.86568 
        3.14163         17.2576         1.84318 
        3.15734         17.0626         1.82099 
        3.17308         16.9094         1.79912 
        3.18879         16.7738         1.77767 
        3.20447         16.6196         1.75661 
         3.2202         16.4605         1.73582 
         3.2359           16.32         1.71541 
        3.25157          16.222         1.69538 
        3.26729         16.1095         1.67561 
        3.28304         15.9151         1.65612 
        3.29877         15.7047         1.63697 
        3.31446         15.6341         1.61816 
        3.33014         15.5021         1.59967 
        3.34585         15.3137         1.58144 
        3.36158         15.2281         1.56347 
        3.37727         15.0671         1.54584 
        3.39294         14.8987          1.5285 
        3.40867         14.7992         1.51137 
        3.42439         14.6781         1.49451 
        3.44008         14.5678         1.47794 
        3.45578          14.426         1.46161 
        3.47153         14.3476         1.44549 
        3.48724         14.1856         1.42965 
        3.50292         14.0703         1.41408 
        3.51859         13.9772         1.39876 
        3.53431         13.8659         1.38361 
        3.55007         13.7319         1.36866 
        3.56577         13.6259         1.35399 
        3.58146         13.5174         1.33954 
        3.59719         13.3668         1.32526 
        3.61292         13.2748         1.31121 
        3.62859         13.1434         1.29741 
        3.64429         13.0375         1.28378 
        3.66003         12.9602         1.27032 
        3.67578         12.8755         1.25705 
        3.69146         12.7334         1.24402 
        3.70712         12.6156          1.2312 
        3.72284         12.5384         1.21851 
        3.73853         12.4036         1.20603 
        3.75422         12.2919         1.19372 
        3.76993         12.2233         1.18157 
        3.78564         12.0719          1.1696 
        3.80137         12.0153         1.15778 
        3.81707          11.923         1.14614 
        3.83279         11.7751         1.13466 
        3.84853         11.7306         1.12331 
        3.86424         11.5486         1.11215 
        3.87992         11.5108         1.10115 
        3.89561         11.4137          1.0903 
        3.91134         11.3287         1.07958 
        3.92704         11.2205         1.06902 
        3.94273         11.1295         1.05861 
        3.95845         11.0454         1.04832 
        3.97418         10.9941         1.03816 
        3.98988         10.8519         1.02816 
        4.00554         10.8028         1.01831 
        4.02125         10.6615         1.00857 
        4.03698         10.6094        0.998937 
        4.05268         10.5203        0.989455 
        4.06839          10.435         0.98009 
         4.0841          10.309         0.97085 
        4.09983         10.2726        0.961717 
        4.11555         10.1754        0.952707 
        4.13124         10.0778        0.943837 
        4.14693         10.0291        0.935073 
        4.16266         9.93747        0.926402 
        4.17839         9.85125        0.917846 
        4.19408         9.77464        0.909419 
        4.20977         9.68734        0.901095 
        4.22551         9.63292        0.892855 
        4.24123         9.55458        0.884728 
        4.25691         9.49666        0.876725 
        4.27259         9.37877        0.868819 
        4.28831         9.32238        0.860996 
        4.30404         9.24467        0.853262 
        4.31974         9.19648        0.845641 
        4.33543         9.10505        0.838117 
        4.35116         9.02567        0.830668 
        4.36688         8.95537        0.823313 
        4.38255         8.89329        0.816075 
        4.39825          8.8371        0.808909 
        4.41398         8.75166        0.801816 
         4.4297         8.69045        0.794815 
        4.44541         8.61824        0.787901 
        4.46111          8.5712        0.781074 
        4.47683         8.50136        0.774324 
        4.49251         8.43491        0.767668 
        4.50819         8.34152        0.761092 
         4.5239         8.30402        0.754585 
        4.53962         8.26219        0.748146 
        4.55535          8.1619         0.74178 
        4.57106         8.10062        0.735498 
        4.58678          8.0338        0.729287 
         4.6025         7.96636        0.723147 
        4.61821         7.92143         0.71708 
        4.63391          7.8696         0.71109 
         4.6496         7.80978        0.705172 
        4.66532         7.74141        0.699313 
        4.68103         7.67573        0.693523 
        4.69673         7.62758        0.687805 
        4.71241         7.56544        0.682157 
        4.72811         7.50031        0.676564 
        4.74384         7.46892        0.671027 
        4.75955          7.3973        0.665561 
        4.77525         7.34874        0.660159 
        4.79096         7.30492        0.654812 
        4.80669         7.23423        0.649521 
         4.8224         7.17887        0.644295 
        4.83809           7.123        0.639132 
        4.85379         7.05882        0.634024 
         4.8695         7.02416        0.628967 
        4.88521         6.98719        0.623968 
        4.90093         6.91004        0.619023 
        4.91663         6.85577        0.614137 
        4.93234         6.82064        0.609298 
        4.94807         6.76551        0.604509 
        4.96377         6.72133        0.599781 
        4.97943         6.67623        0.595113 
        4.99514         6.61758        0.590484 
        5.01086           6.561          0.5859 
        5.02654         6.53214        0.581378 
        5.04227         6.47868         0.57689 
          5.058         6.44669        0.572447 
        5.07371         6.39685        0.568061 
        5.08942         6.33643         0.56372 
        5.10513         6.30795        0.559425 
        5.12084         6.24271        0.555172 
        5.13656         6.20128        0.550965 
        5.15225         6.16269        0.546809 
        5.16796         6.13199        0.542689 
        5.18369         6.07588        0.538608 
         5.1994         6.02682        0.534577 
        5.21509         5.99061        0.530592 
        5.23079         5.93954        0.526642 
        5.24649         5.92469        0.522736 
        5.26217         5.87421        0.518873 
        5.27788         5.81855        0.515043 
        5.29359         5.79143        0.511252 
        5.30933         5.75085        0.507494 
        5.32504         5.71706         0.50378 
        5.34073         5.66749        0.500107 
        5.35646         5.62138        0.496464 
        5.37218         5.59499        0.492857 
        5.38789         5.56185        0.489292 
        5.40357         5.50693        0.485767 
        5.41929          5.4853        0.482268 
        5.43502         5.44154        0.478804 
         5.4507         5.40732        0.475383 
        5.46639         5.36069        0.471994 
        5.48212         5.31979        0.468631 
        5.49786          5.3041        0.465297 
        5.51353            5.25        0.462013 
        5.52921         5.22513        0.458757 
        5.54495         5.18299        0.455522 
        5.56066         5.14915        0.452323 
        5.57637         5.11634        0.449156 
        5.59207         5.08422        0.446021 
        5.60778         5.03905        0.442916 
        5.62346         5.01858        0.439844 
        5.63916         4.97955        0.436799 
        5.65487         4.94236        0.433782 
         5.6706         4.92302        0.430789 
        5.68633         4.87403        0.427824 
        5.70203         4.85088        0.424894 
        5.71773         4.82969        0.421991 
        5.73344          4.7845        0.419114 
        5.74916         4.75746        0.416262 
        5.76486         4.72529         0.41344 
        5.78054         4.69446        0.410649 
        5.79626         4.65698        0.407876 
          5.812         4.63455        0.405126 
         5.8277           4.595        0.402409 
        5.84339         4.57506        0.399718 
        5.85911         4.55095        0.397046 
        5.87484         4.52005        0.394399 
        5.89053         4.48564        0.391782 
        5.90623         4.45616        0.389188 
        5.92195         4.43001        0.386613 
        5.93767          4.3976        0.384062 
        5.95336          4.3742        0.381539 
        5.96905         4.34877         0.37904 
        5.98476         4.31476         0.37656 
        6.00048          4.2913        0.374101 
        6.01617         4.26341        0.371668 
        6.03185         4.23393         0.36926 
        6.04756         4.21159        0.366867 
        6.06331         4.18023         0.36449 
        6.07903         4.15799         0.36214 
        6.09473         4.12824        0.359813 
        6.11044         4.10373        0.357504 
        6.12616         4.08312        0.355216 
        6.14186         4.05834         0.35295 
        6.15755         4.03056        0.350705 
        6.17326         4.00991        0.348477 
        6.18898         3.98265        0.346268 
        6.20467         3.95844        0.344082 
        6.22036          3.9419        0.341916 
         6.2361         3.90715        0.339762 
         6.2518         3.89065         0.33763 
        6.26748         3.86148        0.335522 
        6.28319         3.84365        0.333426 
        6.29893         3.81603        0.331346 
        6.31463         3.79762        0.329287 
        6.33033         3.76901        0.327247 
        6.34604          3.7468        0.325223 
        6.36177         3.72289        0.323214 
        6.37747         3.70488        0.321226 
        6.39316         3.67883        0.319255 
        6.40888         3.66192        0.317298 
         6.4246         3.64179        0.315357 
        6.44031         3.61581        0.313434 
        6.45601         3.59396        0.311529 
        6.47172         3.57417        0.309637 
        6.48744         3.54789        0.307761 
        6.50313         3.53479        0.305904 
        6.51882         3.50546        0.304063 
        6.53452         3.48501        0.302235 
        6.55025         3.47074        0.300419 
        6.56597         3.44318        0.298621 
        6.58166          3.4327        0.296839 
        6.59736         3.41305        0.295072 
        6.61307         3.39118        0.293317 
         6.6288         3.36821        0.291576 
         6.6445         3.35544        0.289851 
         6.6602         3.33021         0.28814 
        6.67592         3.31213        0.286442 
        6.69164         3.29426        0.284758 
        6.70735          3.2742        0.283088 
        6.72304         3.25915        0.281433 
        6.73874         3.23265        0.279791 
        6.75446         3.21805         0.27816 
        6.77016         3.19888        0.276545 
        6.78585         3.18238        0.274942 
        6.80156         3.16645        0.273352 
        6.81729         3.15579        0.271772 
        6.83301         3.13398        0.270205 
         6.8487         3.11732        0.268654 
         6.8644         3.09874        0.267114 
        6.88012         3.08186        0.265584 
        6.89583         3.06691        0.264068 
        6.91151         3.04628        0.262566 
        6.92723         3.03033        0.261072 
        6.94296          3.0142         0.25959 
        6.95866          2.9939        0.258121 
        6.97436         2.98468        0.256664 
        6.99007         2.96578        0.255217 
        7.00578         2.94762        0.253782 
        7.02147         2.93386         0.25236 
        7.03718         2.92307        0.250947 
         7.0529         2.90611        0.249544 
        7.06863          2.8895         0.24815 
        7.08433         2.86883         0.24677 
        7.10004         2.85531        0.245401 
        7.11575         2.84191        0.244041 
        7.13145         2.83042        0.242692 
        7.14715         2.81465        0.241354 
        7.16284         2.80053        0.240028 
        7.17855          2.7823        0.238709 
        7.19428         2.77105        0.237398 
        7.20998         2.75073          0.2361 
        7.22568         2.73875        0.234812 
        7.24139         2.72127        0.233533 
        7.25711         2.71078        0.232263 
        7.27282         2.69603        0.231003 
        7.28852         2.68364        0.229754 
        7.30423         2.66746        0.228512 
        7.31995         2.65334         0.22728 
        7.33565         2.64224        0.226057 
        7.35135          2.6289        0.224844 
        7.36706         2.61734         0.22364 
        7.38277         2.59996        0.222444 
        7.39847         2.59114        0.221257 
        7.41419         2.57517        0.220079 
         7.4299         2.56181        0.218909 
        7.44561          2.5505        0.217748 
        7.46132         2.53597        0.216596 
        7.47701         2.52473        0.215453 
        7.49272         2.51182        0.214317 
        7.50842         2.49932         0.21319 
         7.5241         2.49106        0.212073 
        7.53981         2.47413        0.210962 
        7.55552         2.46223        0.209859 
        7.57125         2.44753        0.208762 
        7.58698         2.43756        0.207673 
        7.60268         2.42433        0.206595 
         7.6184         2.41308        0.205523 
        7.63411         2.40421        0.204458 
        7.64981         2.39123        0.203402 
        7.66552         2.37798        0.202354 
        7.68123         2.36894        0.201312 
        7.69695         2.35885        0.200278 
        7.71264         2.34631        0.199252 
        7.72834         2.33716        0.198233 
        7.74407         2.32584         0.19722 
        7.75978         2.31198        0.196214 
        7.77546         2.29983        0.195218 
        7.79116         2.28814        0.194228 
         7.8069         2.27995        0.193242 
         7.8226         2.27084        0.192265 
        7.83828         2.25876        0.191296 
        7.85399         2.24659        0.190333 
        7.86972         2.23982        0.189375 
        7.88543         2.22677        0.188425 
        7.90111          2.2165        0.187483 
        7.91681         2.20782        0.186546 
        7.93255         2.19684        0.185614 
        7.94828          2.1851        0.184688 
        7.96397         2.17549        0.183771 
        7.97967         2.16525         0.18286 
        7.99538         2.15377        0.181954 
         8.0111         2.14749        0.181055 
         8.0268         2.13743        0.180162 
        8.04248         2.12886        0.179277 
         8.0582         2.11631        0.178395 
        8.07393         2.10686        0.177519 
        8.08963         2.09977         0.17665 
        8.10533         2.08849        0.175788 
        8.12104         2.08096         0.17493 
        8.13675         2.07112        0.174079 
        8.15245         2.06377        0.173233 
        8.16815         2.05385        0.172394 
        8.18387         2.04576        0.171558 
        8.19959         2.03619        0.170729 
         8.2153         2.02713        0.169905 
        8.23101         2.01336        0.169087 
        8.24672         2.00838        0.168274 
        8.26241         1.99903        0.167468 
         8.2781         1.99223        0.166667 
        8.29381         1.98533        0.165871 
        8.30952         1.97333        0.165079 
        8.32524         1.96618        0.164293 
        8.34095         1.95636        0.163512 
        8.35666         1.95024        0.162736 
        8.37237          1.9386        0.161965 
        8.38808         1.93113        0.161199 
        8.40379         1.92395        0.160439 
         8.4195          1.9137        0.159683 
         8.4352         1.90445        0.158932 
        8.45091         1.89779        0.158187 
        8.46662          1.8917        0.157445 
        8.48232         1.88388        0.156709 
        8.49802         1.87615        0.155978 
        8.51374          1.8697        0.155251 
        8.52945         1.86085        0.154529 
        8.54515          1.8515        0.153811 
        8.56086         1.84644        0.153098 
        8.57658         1.84006         0.15239 
        8.59228         1.82887        0.151686 
        8.60799         1.82211        0.150986 
        8.62371         1.81731        0.150291 
        8.63942         1.81117        0.149601 
        8.65512         1.80392        0.148915 
        8.67082         1.79447        0.148233 
        8.68653         1.79196        0.147556 
        8.70224         1.78395        0.146882 
        8.71795         1.77428        0.146213 
        8.73365         1.76845        0.145549 
        8.74936         1.76202        0.144888 
        8.76506         1.75361        0.144232 
        8.78076         1.74815         0.14358 
        8.79646         1.74204        0.142932 
        8.81218         1.73454        0.142287 
        8.82791          1.7273        0.141646 
         8.8436          1.7211         0.14101 
         8.8593         1.71302        0.140379 
        8.87503         1.70929        0.139749 
        8.89076         1.70082        0.139124 
        8.90644         1.69637        0.138504 
        8.92214         1.68782        0.137888 
        8.93786         1.68346        0.137274 
        8.95357          1.6776        0.136665 
        8.96928         1.67114        0.136059 
        8.98498         1.66283        0.135457 
        9.00069         1.65915        0.134859 
        9.01639           1.653        0.134265 
        9.03208         1.64613        0.133674 
        9.04778         1.63956        0.133087 
        9.06351         1.63461        0.132503 
        9.07923          1.6286        0.131922 
        9.09493         1.62191        0.131346 
        9.11062          1.6189        0.130773 
        9.12635         1.61042        0.130202 
        9.14207         1.60495        0.129636 
        9.15777           1.598        0.129073 
        9.17346         1.59316        0.128514 
        9.18917         1.58666        0.127957 
         9.2049         1.58266        0.127404 
        9.22061         1.57707        0.126854 
        9.23631         1.57185        0.126308 
        9.25201         1.56675        0.125765 
        9.26773         1.55968        0.125225 
        9.28343          1.5575        0.124688 
        9.29913         1.55049        0.124155 
        9.31484         1.54524        0.123624 
        9.33057         1.53789        0.123096 
        9.34627         1.53633        0.122572 
        9.36197         1.53121        0.122051 
        9.37768         1.52463        0.121533 
        9.39338         1.52005        0.121018 
        9.40909         1.51583        0.120506 
        9.42479         1.51038        0.119997 
         9.4405         1.50658        0.119491 
        9.45621         1.50212        0.118988 
        9.47193         1.49631        0.118488 
        9.48763         1.49099        0.117991 
        9.50334         1.48596        0.117496 
        9.51906         1.48246        0.117005 
        9.53476         1.47624        0.116517 
        9.55045         1.47076        0.116031 
        9.56616         1.46866        0.115548 
        9.58188         1.46244        0.115067 
        9.59759         1.45623         0.11459 
         9.6133         1.45304        0.114115 
        9.62901         1.44875        0.113642 
        9.64471         1.44347        0.113172 
        9.66041         1.44012        0.112705 
        9.67612         1.43775         0.11224 
        9.69184         1.43123        0.111777 
        9.70754         1.42787        0.111318 
        9.72324         1.42433        0.110862 
        9.73895         1.42018        0.110408 
        9.75467         1.41517        0.109956 
        9.77038         1.41066        0.109508 
        9.78607         1.40782        0.109063 
        9.80177         1.40412        0.108621 
        9.81749         1.39929        0.108181 
         9.8332         1.39605        0.107745 
         9.8489         1.39072        0.107311 
        9.86463          1.3881         0.10688 
        9.88035          1.3827        0.106451 
        9.89606         1.37934        0.106024 
        9.91175          1.3757          0.1056 
        9.92745         1.37107        0.105177 
        9.94317         1.36735        0.104754 
        9.95888         1.36511        0.104333 
        9.97458         1.36018        0.103913 
        9.99029         1.35642        0.103492 
         10.006         1.35257        0.103233 
        10.0217         1.35044        0.103233 
        10.0374         1.34582        0.103233 
        10.0531          1.3421        0.103233 
        10.0688         1.33991        0.103233 
        10.0845         1.33461        0.103233 
        10.1002         1.33278        0.103233 
        10.1159         1.32775        0.103233 
        10.1317         1.32528        0.103233 
        10.1474         1.32225        0.103233 
        10.1631         1.31907        0.103233 
        10.1788          1.3157        0.103233 
        10.1945         1.31149        0.103233 
        10.2102          1.3086        0.103233 
        10.2259         1.30537        0.103233 
        10.2416         1.30208        0.103233 
        10.2573         1.29932        0.103233 
         10.273         1.29596        0.103233 
        10.2887         1.29332        0.103233 
        10.3044         1.28965        0.103233 
        10.3201         1.28737        0.103233 
        10.3359         1.28437        0.103233 
        10.3516         1.28125        0.103233 
        10.3673         1.27981        0.103233 
         10.383          1.2759        0.103233 
        10.3987         1.27314        0.103233 
        10.4144         1.27204        0.103233 
        10.4301         1.26858        0.103233 
        10.4458         1.26548        0.103233 
        10.4615         1.26242        0.103233 
        10.4772         1.26002        0.103233 
        10.4929         1.25644        0.103233 
        10.5086         1.25377        0.103233 
        10.5244         1.25204        0.103233 
        10.5401         1.24914        0.103233 
        10.5558         1.24614        0.103233 
        10.5715          1.2436        0.103233 
        10.5872         1.24212        0.103233 
        10.6029         1.23931        0.103233 
        10.6186         1.23756        0.103233 
        10.6343         1.23531        0.103233 
          10.65         1.23207        0.103233 
        10.6657         1.22961        0.103233 
        10.6814         1.22723        0.103233 
        10.6971         1.22514        0.103233 
        10.7129         1.22564        0.103233 
        10.7286         1.22155        0.103233 
        10.7443         1.22088        0.103233 
          10.76         1.21751        0.103233 
        10.7757         1.21593        0.103233 
        10.7914         1.21269        0.103233 
        10.8071          1.2111        0.103233 
        10.8228         1.20957        0.103233 
        10.8385         1.20724        0.103233 
        10.8542         1.20545        0.103233 
        10.8699          1.2039        0.103233 
        10.8856         1.20254        0.103233 
        10.9014          1.1999        0.103233 
        10.9171         1.19885        0.103233 
        10.9328         1.19611        0.103233 
        10.9485         1.19622        0.103233 
        10.9642          1.1921        0.103233 
        10.9799          1.1913        0.103233 
        10.9956         1.18964        0.103233 
        11.0113         1.18825        0.103233 
         11.027         1.18732        0.103233 
        11.0427         1.18466        0.103233 
        11.0584         1.18431        0.103233 
        11.0741         1.18165        0.103233 
        11.0898         1.18076        0.103233 
        11.1055         1.17953        0.103233 
        11.1212         1.17804        0.103233 
         11.137          1.1772        0.103233 
        11.1527         1.17586        0.103233 
        11.1684         1.17491        0.103233 
        11.1841         1.17281        0.103233 
        11.1998         1.17165        0.103233 
        11.2155         1.17053        0.103233 
        11.2312         1.16991        0.103233 
        11.2469         1.16761        0.103233 
        11.2626         1.16639        0.103233 
        11.2783         1.16692        0.103233 
         11.294         1.16619        0.103233 
        11.3097         1.16429        0.103233 
        11.3254          1.1618        0.103233 
        11.3412         1.16217        0.103233 
        11.3569         1.16149        0.103233 
        11.3726         1.15967        0.103233 
        11.3883          1.1588        0.103233 
         11.404         1.15931        0.103233 
        11.4197         1.15765        0.103233 
        11.4354         1.15739        0.103233 
        11.4511         1.15777        0.103233 
        11.4668         1.15636        0.103233 
        11.4825         1.15566        0.103233 
        11.4982         1.15457        0.103233 
         11.514         1.15448        0.103233 
        11.5297         1.15402        0.103233 
        11.5454         1.15252        0.103233 
        11.5611         1.15233        0.103233 
        11.5768         1.15112        0.103233 
        11.5925         1.15167        0.103233 
        11.6082         1.15207        0.103233 
        11.6239         1.15101        0.103233 
        11.6396         1.15114        0.103233 
        11.6553         1.15117        0.103233 
         11.671         1.15038        0.103233 
        11.6867          1.1494        0.103233 
        11.7024         1.15126        0.103233 
        11.7182         1.14979        0.103233 
        11.7339         1.15023        0.103233 
        11.7496         1.15088        0.103233 
        11.7653         1.15103        0.103233 
         11.781         1.15033        0.103233 
        11.7967         1.15028        0.103233 
        11.8124         1.15149        0.103233 
        11.8281         1.15108        0.103233 
        11.8438         1.15173        0.103233 
        11.8595         1.15129        0.103233 
        11.8752         1.15164        0.103233 
         11.891         1.15172        0.103233 
        11.9067         1.15316        0.103233 
        11.9224         1.15264        0.103233 
        11.9381         1.15326        0.103233 
        11.9538         1.15359        0.103233 
        11.9695         1.15435        0.103233 
        11.9852         1.15536        0.103233 
        12.0009         1.15602        0.103233 
        12.0166         1.15717        0.103233 
        12.0323         1.15679        0.103233 
         12.048         1.15629        0.103233 
        12.0637         1.15766        0.103233 
