# k  (h/Mpc)    Pcb(k)  (Mpc/h)^3    Pcb_linear(k) (Mpc/h)^3   ShotnoiseSubtracted = true
      0.0200456         5277.16         5368.15 
      0.0350414         3625.99         3685.84 
      0.0492313         2540.84         2537.08 
      0.0637834         2161.47         2118.03 
      0.0800726         1760.19         1740.78 
       0.096163         1215.61         1229.71 
       0.111083         927.184         936.888 
       0.126058         852.888         839.971 
       0.142273         759.407         743.402 
       0.158546         611.584         582.382 
        0.17375         480.975         470.251 
       0.188953         453.044         425.256 
       0.204907         431.978         390.825 
       0.220756         363.529         333.822 
        0.23588         312.503         282.163 
         0.2514         274.046         252.929 
       0.267535         260.776         234.105 
       0.283568         237.128         209.829 
       0.299022         216.038         184.584 
       0.314451         194.853         166.393 
       0.330372         181.483         153.951 
       0.346141         164.275         141.698 
       0.361624          155.09         128.574 
       0.377134         145.306         117.247 
       0.392932         131.076         108.569 
       0.408854         126.234         100.932 
       0.424564         120.705         93.3117 
       0.440253         112.512         86.1874 
       0.455999         105.692         80.2035 
       0.471626         98.0987         75.0848 
        0.48727         94.7401         70.2358 
       0.502856         90.1024         65.6504 
       0.518488         86.7714         61.5103 
       0.534347         83.3713         57.8118 
       0.550082          76.713         54.4381 
       0.565732         72.9645          51.287 
       0.581496         70.6138         48.3455 
       0.597222          68.271         45.6844 
       0.612804         64.4802         43.2617 
       0.628434         62.8186         40.9981 
       0.644267         60.8838         38.8544 
       0.660051         58.7248         36.8758 
       0.675724         56.0916         35.0599 
       0.691403         54.4089         33.3681 
       0.707174         52.7027         31.7785 
       0.722871         50.9906         30.2989 
        0.73838         49.6171         28.9295 
       0.754018         47.2244         27.6346 
       0.769845         46.1844         26.4052 
        0.78569         44.8951         25.2498 
       0.801365         43.2789         24.1753 
       0.817031         42.2759         23.1647 
       0.832809         41.5452          22.206 
       0.848511         39.2621         21.3067 
       0.864097         38.5717         20.4641 
       0.879701         37.8394         19.6669 
       0.895507         37.2451         18.9034 
       0.911279         36.0493         18.1826 
        0.92691         35.2244         17.5059 
       0.942635         33.8841         16.8604 
       0.958396         33.6157         16.2465 
       0.974128          32.613         15.6647 
       0.989692          32.179         15.1175 
        1.00528         31.4287          14.596 
        1.02113         30.3656         14.0913 
        1.03692         29.7471         13.6125 
        1.05264         29.3763         13.1585 
        1.06832         28.5563         12.7262 
        1.08405         28.0371         12.3123 
        1.09979         27.5049         11.9168 
        1.11537         26.8017         11.5428 
        1.13105         26.6208         11.1828 
        1.14679         26.2206          10.837 
        1.16256         25.3444         10.5053 
        1.17828         25.0859         10.1887 
        1.19395         24.5063         9.88636 
         1.2097         24.2983          9.5949 
        1.22537         23.8301         9.31674 
          1.241         23.3396         9.05057 
        1.25666         22.7509         8.79425 
        1.27241         22.4517         8.54677 
        1.28819         21.9202          8.3085 
        1.30392         21.7544         8.08012 
        1.31957         21.5437         7.86144 
        1.33529         21.2693         7.65014 
        1.35108         20.7601         7.44586 
        1.36674         20.4513         7.25058 
         1.3824         20.0193         7.06256 
        1.39811         19.8153         6.88067 
        1.41389         19.6189         6.70455 
        1.42964         19.2506         6.53496 
        1.44531         19.1671         6.37213 
        1.46101         18.6174         6.21456 
        1.47667         18.4129         6.06285 
        1.49229         18.2227         5.91667 
        1.50793         17.9829         5.77519 
        1.52367         17.7602         5.63747 
        1.53953         17.5486         5.50337 
        1.55526         17.2299         5.37475 
        1.57092         16.9584         5.25081 
        1.58662         16.8176         5.13053 
        1.60235         16.5768         5.01382 
        1.61809         16.3834         4.90072 
        1.63369         16.1667         4.79215 
        1.64941         15.8715         4.68612 
        1.66519         15.8012         4.58295 
        1.68085         15.5532         4.48366 
        1.69652          15.347          4.3873 
        1.71228         15.1934         4.29326 
        1.72806         15.0459         4.20193 
        1.74368         14.8117          4.1142 
        1.75933         14.6639         4.02882 
        1.77505         14.4883         3.94549 
        1.79081         14.2682         3.86439 
         1.8065         14.2082         3.78595 
        1.82218         13.9455         3.70977 
        1.83797         13.7678         3.63518 
        1.85367         13.6371         3.56308 
        1.86928           13.56         3.49338 
        1.88497         13.3237         3.42519 
        1.90073         13.3122         3.35858 
        1.91647         13.1059         3.29382 
        1.93218         12.9881         3.23092 
        1.94787         12.8512         3.16977 
        1.96363         12.7473         3.10998 
        1.97935         12.5734         3.05187 
        1.99499         12.3899         2.99558 
        2.01064         12.2952         2.94065 
         2.0264          12.173         2.88676 
        2.04216         12.0393         2.83426 
        2.05781           11.85         2.78341 
        2.07353         11.7872         2.73364 
        2.08928         11.6625         2.68499 
        2.10499         11.5788         2.63766 
        2.12065         11.3983         2.59163 
        2.13633         11.3832         2.54667 
        2.15211         11.1961         2.50249 
        2.16785         11.1662         2.45949 
        2.18349         11.0827         2.41779 
        2.19916         10.9276         2.37697 
        2.21489         10.8302         2.33696 
        2.23063         10.7026         2.29786 
         2.2463         10.5905         2.25984 
        2.26194         10.5024         2.22278 
        2.27765         10.4615         2.18637 
        2.29341         10.3281         2.15068 
        2.30914         10.1733         2.11588 
        2.32486         10.1437         2.08187 
        2.34061         10.0514         2.04856 
        2.35635         9.94525         2.01601 
        2.37203         9.89971         1.98429 
        2.38768         9.71901         1.95332 
        2.40339         9.65344         1.92291 
        2.41914          9.5575         1.89308 
        2.43483         9.53242         1.86399 
         2.4505          9.4399         1.83557 
        2.46622         9.33305         1.80765 
        2.48195         9.28502         1.78031 
        2.49759         9.18589         1.75369 
        2.51328         9.08638         1.72755 
        2.52906         9.03766         1.70178 
        2.54479         8.94121         1.67664 
        2.56049         8.90478         1.65206 
        2.57618         8.82665         1.62799 
        2.59189         8.70155         1.60438 
        2.60758         8.69295         1.58127 
        2.62325         8.61529         1.55865 
        2.63898         8.47826          1.5364 
        2.65468         8.40106         1.51463 
        2.67044         8.36797          1.4932 
        2.68618          8.2839         1.47223 
        2.70184         8.23707         1.45175 
        2.71755         8.15548         1.43162 
        2.73329         8.06299         1.41183 
        2.74897         8.02894         1.39249 
        2.76462         7.99732         1.37356 
        2.78034         7.87387         1.35491 
        2.79607         7.83866         1.33658 
        2.81179         7.78043         1.31862 
        2.82749         7.73929         1.30101 
        2.84321         7.67948          1.2837 
        2.85893         7.61678         1.26672 
        2.87462         7.54144         1.25007 
        2.89033         7.46815         1.23372 
        2.90605         7.40814         1.21764 
        2.92176         7.36317         1.20186 
        2.93747         7.30731         1.18637 
        2.95318         7.28541         1.17115 
        2.96891          7.1978          1.1562 
        2.98456         7.12152         1.14157 
        3.00023         7.07162         1.12718 
        3.01596         7.04176         1.11299 
        3.03164         6.99883         1.09909 
        3.04738         6.96008         1.08539 
         3.0631         6.87077         1.07193 
        3.07883         6.82388         1.05869 
        3.09456         6.77513         1.04569 
        3.11026         6.72706         1.03292 
        3.12596         6.68864         1.02038 
        3.14163         6.61746         1.00807 
        3.15734         6.57728        0.995933 
        3.17308         6.52593        0.983971 
        3.18879         6.46674        0.972241 
        3.20447          6.4454         0.96072 
         3.2202         6.36469        0.949352 
         3.2359         6.35118        0.938189 
        3.25157         6.29342        0.927234 
        3.26729         6.26782        0.916422 
        3.28304         6.19569        0.905762 
        3.29877          6.1497        0.895287 
        3.31446         6.11255        0.885003 
        3.33014         6.07063         0.87489 
        3.34585         6.04721         0.86492 
        3.36158         5.98231        0.855093 
        3.37727         5.95684         0.84545 
        3.39294         5.92409        0.835966 
        3.40867         5.85333        0.826594 
        3.42439         5.83406        0.817373 
        3.44008         5.77997        0.808311 
        3.45578         5.73965         0.79938 
        3.47153         5.70343        0.790566 
        3.48724         5.66653        0.781902 
        3.50292          5.6328        0.773388 
        3.51859         5.58759        0.765007 
        3.53431         5.53702        0.756724 
        3.55007         5.51881        0.748545 
        3.56577         5.48052         0.74052 
        3.58146         5.45039        0.732617 
        3.59719         5.39512        0.724811 
        3.61292         5.37968        0.717124 
        3.62859         5.33023        0.709577 
        3.64429         5.29802        0.702125 
        3.66003           5.247        0.694759 
        3.67578          5.2243        0.687501 
        3.69146         5.16219        0.680376 
        3.70712         5.15812        0.673365 
        3.72284         5.11107        0.666428 
        3.73853         5.07786        0.659601 
        3.75422         5.04618        0.652868 
        3.76993         5.02533        0.646224 
        3.78564         4.97181        0.639676 
        3.80137         4.95484        0.633209 
        3.81707         4.91763        0.626845 
        3.83279         4.87989        0.620564 
        3.84853         4.83643         0.61436 
        3.86424         4.80253        0.608253 
        3.87992         4.78062        0.602239 
        3.89561         4.76048        0.596307 
        3.91134         4.70841        0.590443 
        3.92704         4.67802        0.584666 
        3.94273          4.6535        0.578972 
        3.95845         4.63197        0.573343 
        3.97418         4.60116         0.56779 
        3.98988         4.57109        0.562317 
        4.00554         4.54029        0.556933 
        4.02125          4.5117        0.551604 
        4.03698         4.47261        0.546337 
        4.05268         4.44546        0.541151 
        4.06839         4.42078        0.536029 
         4.0841         4.38348        0.530976 
        4.09983         4.34695        0.525981 
        4.11555         4.30808        0.521053 
        4.13124         4.29225        0.516202 
        4.14693         4.25984        0.511409 
        4.16266          4.2287        0.506666 
        4.17839           4.207        0.501987 
        4.19408          4.1626        0.497378 
        4.20977         4.14555        0.492825 
        4.22551         4.10678        0.488319 
        4.24123         4.09529        0.483874 
        4.25691          4.0719        0.479497 
        4.27259         4.05306        0.475173 
        4.28831         4.01895        0.470894 
        4.30404         3.98622        0.466665 
        4.31974         3.95833        0.462496 
        4.33543         3.92431        0.458382 
        4.35116         3.90194        0.454308 
        4.36688         3.87524        0.450285 
        4.38255         3.85456        0.446326 
        4.39825         3.83735        0.442407 
        4.41398         3.82019        0.438528 
         4.4297         3.78748        0.434699 
        4.44541         3.76517        0.430917 
        4.46111         3.74441        0.427184 
        4.47683         3.70088        0.423492 
        4.49251         3.69231        0.419851 
        4.50819         3.66674        0.416255 
         4.5239         3.64434        0.412696 
        4.53962         3.63572        0.409175 
        4.55535          3.6034        0.405693 
        4.57106         3.58062        0.402257 
        4.58678         3.55342         0.39886 
         4.6025         3.53823        0.395502 
        4.61821         3.51857        0.392184 
        4.63391         3.49451        0.388908 
         4.6496         3.47729        0.385672 
        4.66532         3.44848        0.382467 
        4.68103         3.41741          0.3793 
        4.69673         3.40569        0.376173 
        4.71241         3.37296        0.373084 
        4.72811         3.36317        0.370025 
        4.74384         3.34734        0.366997 
        4.75955         3.32383        0.364008 
        4.77525         3.30192        0.361053 
        4.79096         3.27813        0.358128 
        4.80669         3.26234        0.355235 
         4.8224         3.24681        0.352377 
        4.83809         3.22333        0.349553 
        4.85379         3.20609        0.346759 
         4.8695          3.1887        0.343994 
        4.88521         3.16212         0.34126 
        4.90093         3.15568        0.338555 
        4.91663         3.13114        0.335883 
        4.93234         3.11052        0.333236 
        4.94807         3.10292        0.330617 
        4.96377         3.06862        0.328031 
        4.97943         3.05421        0.325478 
        4.99514          3.0332        0.322946 
        5.01086         3.02094         0.32044 
        5.02654         2.99952        0.317966 
        5.04227         2.99006        0.315512 
          5.058          2.9793        0.313082 
        5.07371         2.95051        0.310683 
        5.08942         2.93834        0.308309 
        5.10513         2.92285         0.30596 
        5.12084         2.90273        0.303634 
        5.13656         2.89203        0.301333 
        5.15225         2.86831         0.29906 
        5.16796         2.85417        0.296806 
        5.18369         2.83637        0.294575 
         5.1994         2.82164         0.29237 
        5.21509         2.80635         0.29019 
        5.23079         2.79042         0.28803 
        5.24649         2.77442        0.285894 
        5.26217         2.76045        0.283781 
        5.27788         2.74097        0.281687 
        5.29359         2.72589        0.279613 
        5.30933         2.71045        0.277558 
        5.32504         2.69297        0.275526 
        5.34073         2.67846        0.273518 
        5.35646         2.66511        0.271525 
        5.37218         2.64459        0.269553 
        5.38789         2.64004        0.267603 
        5.40357         2.62459        0.265675 
        5.41929         2.60697        0.263761 
        5.43502         2.59548        0.261867 
         5.4507         2.57807        0.259995 
        5.46639         2.56353        0.258142 
        5.48212         2.55136        0.256303 
        5.49786          2.5379         0.25448 
        5.51353         2.51982        0.252683 
        5.52921         2.51447        0.250902 
        5.54495         2.49629        0.249134 
        5.56066         2.48373        0.247384 
        5.57637         2.46851        0.245651 
        5.59207         2.45766        0.243937 
        5.60778         2.44664        0.242239 
        5.62346           2.428        0.240559 
        5.63916         2.41681        0.238893 
        5.65487         2.40606        0.237243 
         5.6706          2.3918        0.235607 
        5.68633          2.3812        0.233985 
        5.70203         2.36353        0.232382 
        5.71773         2.35288        0.230795 
        5.73344         2.33738        0.229221 
        5.74916         2.32989        0.227661 
        5.76486         2.31901        0.226118 
        5.78054         2.30519        0.224591 
        5.79626         2.30219        0.223075 
          5.812         2.28117        0.221571 
         5.8277         2.26982        0.220085 
        5.84339         2.25627        0.218613 
        5.85911         2.24894        0.217152 
        5.87484         2.23793        0.215704 
        5.89053         2.22517        0.214273 
        5.90623          2.2131        0.212854 
        5.92195           2.205        0.211445 
        5.93767         2.19056        0.210051 
        5.95336          2.1768        0.208671 
        5.96905         2.16957        0.207304 
        5.98476         2.15585        0.205947 
        6.00048         2.14522        0.204603 
        6.01617         2.13912        0.203272 
        6.03185         2.12557        0.201955 
        6.04756         2.11307        0.200646 
        6.06331         2.10249        0.199346 
        6.07903         2.09248        0.198061 
        6.09473         2.08579        0.196788 
        6.11044         2.07149        0.195525 
        6.12616         2.06153        0.194274 
        6.14186         2.05741        0.193035 
        6.15755         2.04489        0.191807 
        6.17326         2.03534        0.190589 
        6.18898         2.02471         0.18938 
        6.20467         2.01505        0.188185 
        6.22036         2.00282           0.187 
         6.2361         1.99287        0.185822 
         6.2518         1.98688        0.184656 
        6.26748         1.97343        0.183503 
        6.28319         1.96457        0.182357 
        6.29893         1.95856        0.181219 
        6.31463         1.94987        0.180093 
        6.33033         1.93684        0.178977 
        6.34604         1.93135         0.17787 
        6.36177         1.92072        0.176771 
        6.37747         1.91489        0.175684 
        6.39316         1.90159        0.174607 
        6.40888         1.89607        0.173536 
         6.4246         1.88742        0.172475 
        6.44031         1.87929        0.171423 
        6.45601         1.86661        0.170381 
        6.47172         1.86004        0.169346 
        6.48744         1.85391         0.16832 
        6.50313         1.84435        0.167304 
        6.51882         1.83796        0.166297 
        6.53452         1.82592        0.165298 
        6.55025         1.81872        0.164305 
        6.56597         1.81206        0.163321 
        6.58166          1.8026        0.162347 
        6.59736         1.79404         0.16138 
        6.61307         1.78395         0.16042 
         6.6288          1.7753        0.159468 
         6.6445         1.76984        0.158525 
         6.6602         1.76432        0.157589 
        6.67592         1.75574         0.15666 
        6.69164         1.74823        0.155739 
        6.70735         1.73799        0.154826 
        6.72304         1.73361        0.153921 
        6.73874         1.72609        0.153023 
        6.75446         1.71474        0.152131 
        6.77016         1.70986        0.151247 
        6.78585          1.7038        0.150371 
        6.80156         1.69556        0.149501 
        6.81729         1.68759        0.148637 
        6.83301         1.68164         0.14778 
         6.8487         1.67357        0.146932 
         6.8644         1.66621        0.146089 
        6.88012         1.66041        0.145253 
        6.89583         1.65511        0.144424 
        6.91151         1.64597        0.143602 
        6.92723         1.63824        0.142785 
        6.94296         1.63316        0.141974 
        6.95866         1.62149        0.141171 
        6.97436         1.61775        0.140374 
        6.99007         1.61163        0.139583 
        7.00578         1.60573        0.138798 
        7.02147         1.59723         0.13802 
        7.03718         1.59096        0.137247 
         7.0529         1.58385         0.13648 
        7.06863         1.58109        0.135718 
        7.08433         1.57447        0.134963 
        7.10004         1.56417        0.134214 
        7.11575         1.55739        0.133471 
        7.13145         1.55249        0.132733 
        7.14715         1.54364        0.132001 
        7.16284          1.5401        0.131276 
        7.17855         1.53622        0.130554 
        7.19428         1.52733        0.129837 
        7.20998         1.52292        0.129128 
        7.22568         1.51375        0.128423 
        7.24139          1.5097        0.127724 
        7.25711         1.50576        0.127029 
        7.27282         1.49588         0.12634 
        7.28852         1.49157        0.125656 
        7.30423         1.48649        0.124977 
        7.31995         1.48106        0.124303 
        7.33565         1.47394        0.123635 
        7.35135         1.46784        0.122971 
        7.36706         1.46401        0.122313 
        7.38277         1.45817        0.121659 
        7.39847           1.455         0.12101 
        7.41419         1.44862        0.120365 
         7.4299         1.44028        0.119725 
        7.44561         1.43678         0.11909 
        7.46132          1.4315         0.11846 
        7.47701          1.4236        0.117835 
        7.49272         1.41848        0.117214 
        7.50842         1.41333        0.116598 
         7.5241         1.41083        0.115987 
        7.53981         1.40464        0.115379 
        7.55552         1.40064        0.114776 
        7.57125         1.39581        0.114176 
        7.58698         1.38765         0.11358 
        7.60268         1.38463         0.11299 
         7.6184          1.3789        0.112404 
        7.63411         1.37314        0.111822 
        7.64981         1.37014        0.111244 
        7.66552         1.36377        0.110671 
        7.68123         1.36053        0.110101 
        7.69695         1.35387        0.109535 
        7.71264         1.34867        0.108975 
        7.72834          1.3479        0.108417 
        7.74407         1.33991        0.107863 
        7.75978          1.3372        0.107313 
        7.77546         1.33212        0.106768 
        7.79116         1.32762        0.106227 
         7.8069         1.32209        0.105688 
         7.8226         1.32002        0.105153 
        7.83828         1.31344        0.104624 
        7.85399         1.30951        0.104097 
        7.86972         1.30547        0.103573 
        7.88543         1.30225        0.103053 
        7.90111         1.29548        0.102538 
        7.91681         1.29101        0.102025 
        7.93255         1.28759        0.101516 
        7.94828          1.2824        0.101009 
        7.96397         1.27954        0.100508 
        7.97967         1.27391        0.100009 
        7.99538         1.27063       0.0995142 
         8.0111          1.2657       0.0990222 
         8.0268          1.2617        0.098534 
        8.04248         1.25873       0.0980497 
         8.0582         1.25303       0.0975676 
        8.07393         1.25274       0.0970884 
        8.08963         1.24596       0.0966133 
        8.10533          1.2424       0.0961416 
        8.12104         1.23918       0.0956726 
        8.13675         1.23625       0.0952068 
        8.15245         1.23253       0.0947444 
        8.16815         1.22695       0.0942852 
        8.18387         1.22497       0.0938284 
        8.19959         1.22131       0.0933746 
         8.2153         1.21354       0.0929242 
        8.23101         1.21203       0.0924768 
        8.24672         1.20836       0.0920323 
        8.26241         1.20675       0.0915915 
         8.2781         1.20196       0.0911535 
        8.29381         1.19787       0.0907177 
        8.30952         1.19519       0.0902849 
        8.32524         1.18968       0.0898547 
        8.34095         1.18613       0.0894275 
        8.35666          1.1828       0.0890032 
        8.37237         1.17995       0.0885816 
        8.38808         1.17562       0.0881628 
        8.40379         1.17292       0.0877468 
         8.4195         1.16892       0.0873335 
         8.4352         1.16743        0.086923 
        8.45091         1.16248       0.0865151 
        8.46662         1.15899       0.0861097 
        8.48232         1.15538       0.0857072 
        8.49802         1.15151       0.0853073 
        8.51374         1.14952       0.0849095 
        8.52945         1.14746       0.0845145 
        8.54515          1.1435       0.0841223 
        8.56086         1.14121       0.0837322 
        8.57658         1.13768       0.0833446 
        8.59228         1.13341       0.0829598 
        8.60799         1.13013       0.0825771 
        8.62371         1.12785       0.0821969 
        8.63942         1.12523       0.0818193 
        8.65512         1.12153       0.0814441 
        8.67082         1.11913       0.0810714 
        8.68653         1.11586       0.0807008 
        8.70224         1.11276       0.0803325 
        8.71795         1.11029       0.0799667 
        8.73365         1.10751       0.0796032 
        8.74936         1.10531       0.0792419 
        8.76506         1.10216       0.0788831 
        8.78076         1.09785       0.0785265 
        8.79646           1.097       0.0781721 
        8.81218         1.09344       0.0778195 
        8.82791          1.0907       0.0774688 
         8.8436         1.08699       0.0771211 
         8.8593         1.08378       0.0767756 
        8.87503         1.07989       0.0764313 
        8.89076         1.07898       0.0760894 
        8.90644         1.07708       0.0757504 
        8.92214         1.07284       0.0754133 
        8.93786         1.07241       0.0750777 
        8.95357         1.06991       0.0747444 
        8.96928         1.06542       0.0744132 
        8.98498         1.06431       0.0740841 
        9.00069         1.06037        0.073757 
        9.01639           1.058       0.0734318 
        9.03208         1.05641        0.073109 
        9.04778         1.05337       0.0727878 
        9.06351         1.05204       0.0724682 
        9.07923         1.04889       0.0721506 
        9.09493          1.0454       0.0718353 
        9.11062         1.04317        0.071522 
        9.12635         1.04131       0.0712101 
        9.14207         1.03942       0.0709001 
        9.15777         1.03674       0.0705923 
        9.17346         1.03474       0.0702865 
        9.18917         1.03207       0.0699822 
         9.2049         1.02944       0.0696794 
        9.22061         1.02769       0.0693787 
        9.23631         1.02421         0.06908 
        9.25201         1.02409       0.0687831 
        9.26773         1.02112       0.0684876 
        9.28343          1.0193       0.0681941 
        9.29913          1.0168       0.0679024 
        9.31484         1.01469       0.0676123 
        9.33057         1.01294       0.0673235 
        9.34627         1.01036       0.0670368 
        9.36197         1.00712        0.066752 
        9.37768          1.0056       0.0664685 
        9.39338         1.00355        0.066187 
        9.40909         1.00174        0.065907 
        9.42479        0.998926       0.0656287 
         9.4405        0.997408        0.065352 
        9.45621        0.994088       0.0650767 
        9.47193        0.994174       0.0648032 
        9.48763        0.991693       0.0645313 
        9.50334        0.989407        0.064261 
        9.51906        0.987253       0.0639921 
        9.53476        0.986356       0.0637251 
        9.55045        0.983891       0.0634596 
        9.56616         0.98166       0.0631954 
        9.58188         0.97958       0.0629325 
        9.59759        0.979356       0.0626712 
         9.6133        0.976824       0.0624114 
        9.62901        0.975783       0.0621529 
        9.64471        0.973504        0.061896 
        9.66041        0.971201       0.0616405 
        9.67612        0.968758       0.0613861 
        9.69184        0.967658       0.0611331 
        9.70754        0.966302       0.0608819 
        9.72324        0.966014       0.0606322 
        9.73895        0.963126       0.0603839 
        9.75467        0.961917        0.060137 
        9.77038         0.96036       0.0598918 
        9.78607        0.957284       0.0596485 
        9.80177         0.95614       0.0594067 
        9.81749        0.955276       0.0591662 
         9.8332         0.95363       0.0589276 
         9.8489        0.952589       0.0586906 
        9.86463        0.950846       0.0584546 
        9.88035        0.948033       0.0582199 
        9.89606        0.946835       0.0579866 
        9.91175        0.946184       0.0577545 
        9.92745         0.94398        0.057523 
        9.94317        0.941758        0.057292 
        9.95888        0.941572       0.0570616 
        9.97458        0.939726       0.0568317 
        9.99029        0.938111       0.0566019 
         10.006        0.937108       0.0564599 
        10.0217        0.936001       0.0564599 
        10.0374        0.934541       0.0564599 
        10.0531        0.932539       0.0564599 
        10.0688        0.931774       0.0564599 
        10.0845          0.9304       0.0564599 
        10.1002        0.929044       0.0564599 
        10.1159        0.927697       0.0564599 
        10.1317        0.925809       0.0564599 
        10.1474        0.925391       0.0564599 
        10.1631        0.922576       0.0564599 
        10.1788        0.922121       0.0564599 
        10.1945        0.921133       0.0564599 
        10.2102        0.920241       0.0564599 
        10.2259        0.918984       0.0564599 
        10.2416        0.917935       0.0564599 
        10.2573        0.916897       0.0564599 
         10.273        0.916267       0.0564599 
        10.2887        0.914924       0.0564599 
        10.3044        0.912296       0.0564599 
        10.3201        0.912051       0.0564599 
        10.3359        0.911658       0.0564599 
        10.3516         0.91077       0.0564599 
        10.3673         0.90953       0.0564599 
         10.383        0.908738       0.0564599 
        10.3987        0.907732       0.0564599 
        10.4144        0.906064       0.0564599 
        10.4301        0.904892       0.0564599 
        10.4458        0.903804       0.0564599 
        10.4615        0.901841       0.0564599 
        10.4772        0.902181       0.0564599 
        10.4929        0.901459       0.0564599 
        10.5086        0.900512       0.0564599 
        10.5244        0.901452       0.0564599 
        10.5401        0.898457       0.0564599 
        10.5558        0.898895       0.0564599 
        10.5715        0.898178       0.0564599 
        10.5872        0.897182       0.0564599 
        10.6029        0.896083       0.0564599 
        10.6186        0.895036       0.0564599 
        10.6343        0.895444       0.0564599 
          10.65        0.893883       0.0564599 
        10.6657        0.893544       0.0564599 
        10.6814         0.89235       0.0564599 
        10.6971        0.891415       0.0564599 
        10.7129        0.890871       0.0564599 
        10.7286        0.891697       0.0564599 
        10.7443        0.890261       0.0564599 
          10.76        0.889977       0.0564599 
        10.7757        0.888888       0.0564599 
        10.7914         0.88751       0.0564599 
        10.8071        0.887114       0.0564599 
        10.8228        0.886564       0.0564599 
        10.8385        0.886558       0.0564599 
        10.8542        0.886151       0.0564599 
        10.8699        0.886518       0.0564599 
        10.8856        0.885733       0.0564599 
        10.9014        0.885105       0.0564599 
        10.9171         0.88475       0.0564599 
        10.9328        0.884736       0.0564599 
        10.9485        0.883401       0.0564599 
        10.9642        0.882819       0.0564599 
        10.9799        0.882665       0.0564599 
        10.9956        0.882571       0.0564599 
        11.0113          0.8825       0.0564599 
         11.027        0.881974       0.0564599 
        11.0427         0.88236       0.0564599 
        11.0584         0.88094       0.0564599 
        11.0741        0.880934       0.0564599 
        11.0898         0.88131       0.0564599 
        11.1055        0.880681       0.0564599 
        11.1212        0.880584       0.0564599 
         11.137        0.880906       0.0564599 
        11.1527        0.880611       0.0564599 
        11.1684         0.88071       0.0564599 
        11.1841        0.880347       0.0564599 
        11.1998        0.880206       0.0564599 
        11.2155        0.879639       0.0564599 
        11.2312        0.881178       0.0564599 
        11.2469        0.880232       0.0564599 
        11.2626        0.879517       0.0564599 
        11.2783        0.880907       0.0564599 
         11.294         0.88023       0.0564599 
        11.3097        0.879779       0.0564599 
        11.3254        0.880431       0.0564599 
        11.3412        0.880508       0.0564599 
        11.3569        0.881066       0.0564599 
        11.3726        0.881111       0.0564599 
        11.3883        0.881656       0.0564599 
         11.404        0.880869       0.0564599 
        11.4197        0.880395       0.0564599 
        11.4354        0.881361       0.0564599 
        11.4511          0.8812       0.0564599 
        11.4668        0.882177       0.0564599 
        11.4825        0.882032       0.0564599 
        11.4982        0.882026       0.0564599 
         11.514        0.882222       0.0564599 
        11.5297        0.882727       0.0564599 
        11.5454        0.883025       0.0564599 
        11.5611        0.884347       0.0564599 
        11.5768        0.884977       0.0564599 
        11.5925        0.884701       0.0564599 
        11.6082        0.885481       0.0564599 
        11.6239        0.886171       0.0564599 
        11.6396        0.885671       0.0564599 
        11.6553        0.886493       0.0564599 
         11.671        0.886875       0.0564599 
        11.6867        0.888066       0.0564599 
        11.7024        0.889174       0.0564599 
        11.7182        0.889725       0.0564599 
        11.7339        0.889773       0.0564599 
        11.7496        0.891001       0.0564599 
        11.7653        0.890957       0.0564599 
         11.781          0.8913       0.0564599 
        11.7967         0.89254       0.0564599 
        11.8124        0.893426       0.0564599 
        11.8281        0.894688       0.0564599 
        11.8438        0.895687       0.0564599 
        11.8595        0.895803       0.0564599 
        11.8752        0.897028       0.0564599 
         11.891        0.898619       0.0564599 
        11.9067        0.898877       0.0564599 
        11.9224        0.899235       0.0564599 
        11.9381         0.90113       0.0564599 
        11.9538        0.901465       0.0564599 
        11.9695        0.902969       0.0564599 
        11.9852        0.904365       0.0564599 
        12.0009        0.905417       0.0564599 
        12.0166        0.906679       0.0564599 
        12.0323        0.907894       0.0564599 
         12.048        0.908489       0.0564599 
        12.0637        0.909683       0.0564599 
