# k  (h/Mpc)    Pcb(k)  (Mpc/h)^3    Pcb_linear(k) (Mpc/h)^3   ShotnoiseSubtracted = true
      0.0200456         198.099         201.007 
      0.0350414          138.23         138.014 
      0.0492313         95.5932         94.9993 
      0.0637834         79.8596         79.3082 
      0.0800726         65.0914         65.1823 
       0.096163         46.1317         46.0458 
       0.111083          35.192         35.0812 
       0.126058          31.505         31.4522 
       0.142273         27.7884         27.8362 
       0.158546         21.9124         21.8069 
        0.17375          17.636         17.6082 
       0.188953         15.9547         15.9234 
       0.204907         14.7642         14.6342 
       0.220756         12.5475         12.4998 
        0.23588         10.6412         10.5654 
         0.2514         9.49312         9.47077 
       0.267535         8.76781         8.76589 
       0.283568          7.8711         7.85691 
       0.299022         6.95758         6.91162 
       0.314451         6.21256         6.23049 
       0.330372          5.7656         5.76461 
       0.346141         5.30396         5.30578 
       0.361624         4.83076         4.81436 
       0.377134         4.42512         4.39025 
       0.392932         4.02328          4.0653 
       0.408854         3.79746         3.77933 
       0.424564         3.49113           3.494 
       0.440253         3.23149         3.22723 
       0.455999         3.02131         3.00317 
       0.471626         2.83343          2.8115 
        0.48727         2.63474         2.62993 
       0.502856         2.45548         2.45824 
       0.518488         2.32602         2.30321 
       0.534347         2.19926         2.16472 
       0.550082         2.03893          2.0384 
       0.565732         1.89876         1.92041 
       0.581496         1.81864         1.81026 
       0.597222         1.72294         1.71062 
       0.612804         1.62257         1.61991 
       0.628434          1.5504         1.53515 
       0.644267         1.46174         1.45488 
       0.660051         1.38206         1.38079 
       0.675724         1.31848         1.31279 
       0.691403            1.26         1.24945 
       0.707174         1.19402         1.18992 
       0.722871         1.13335         1.13452 
        0.73838          1.0902         1.08325 
       0.754018         1.04704         1.03476 
       0.769845        0.996632        0.988724 
        0.78569        0.952227         0.94546 
       0.801365        0.908603        0.905228 
       0.817031        0.873204        0.867386 
       0.832809        0.836297        0.831491 
       0.848511        0.799379        0.797815 
       0.864097        0.764277        0.766265 
       0.879701        0.733956        0.736415 
       0.895507         0.71088        0.707826 
       0.911279         0.68474        0.680836 
        0.92691        0.656845        0.655498 
       0.942635        0.632894        0.631327 
       0.958396        0.607491         0.60834 
       0.974128        0.585752        0.586555 
       0.989692        0.567136        0.566066 
        1.00528        0.547948        0.546539 
        1.02113        0.524208        0.527639 
        1.03692        0.509727        0.509713 
        1.05264        0.492308        0.492712 
        1.06832        0.476819        0.476523 
        1.08405        0.457637        0.461026 
        1.09979        0.443119        0.446217 
        1.11537         0.43263        0.432214 
        1.13105        0.418309        0.418734 
        1.14679        0.407344        0.405784 
        1.16256        0.390264        0.393363 
        1.17828        0.378766        0.381508 
        1.19395        0.366714        0.370188 
         1.2097        0.354714        0.359275 
        1.22537        0.347618        0.348859 
          1.241        0.336485        0.338893 
        1.25666        0.329033        0.329295 
        1.27241        0.317181        0.320028 
        1.28819        0.308074        0.311106 
        1.30392        0.299866        0.302555 
        1.31957        0.292121        0.294366 
        1.33529        0.283183        0.286454 
        1.35108        0.275277        0.278805 
        1.36674        0.265968        0.271493 
         1.3824        0.262377        0.264453 
        1.39811        0.253832        0.257642 
        1.41389        0.247591        0.251047 
        1.42964         0.24228        0.244697 
        1.44531        0.233892          0.2386 
        1.46101        0.229065          0.2327 
        1.47667         0.22169        0.227019 
        1.49229        0.217733        0.221546 
        1.50793        0.211233        0.216248 
        1.52367        0.206813        0.211091 
        1.53953        0.201979         0.20607 
        1.55526        0.197142        0.201254 
        1.57092           0.191        0.196613 
        1.58662        0.187729        0.192109 
        1.60235        0.183987        0.187739 
        1.61809         0.17763        0.183504 
        1.63369        0.175564        0.179439 
        1.64941        0.171188        0.175469 
        1.66519        0.166634        0.171606 
        1.68085         0.16245        0.167888 
        1.69652        0.158795         0.16428 
        1.71228        0.156206        0.160758 
        1.72806        0.151511        0.157339 
        1.74368         0.14934        0.154054 
        1.75933        0.145778        0.150857 
        1.77505        0.142376        0.147736 
        1.79081        0.139968          0.1447 
         1.8065        0.135823        0.141762 
        1.82218        0.133733         0.13891 
        1.83797        0.130571        0.136117 
        1.85367        0.128117        0.133417 
        1.86928        0.125717        0.130807 
        1.88497        0.123281        0.128254 
        1.90073        0.120292         0.12576 
        1.91647        0.117844        0.123335 
        1.93218        0.115364         0.12098 
        1.94787        0.113003         0.11869 
        1.96363        0.110973        0.116451 
        1.97935        0.108297        0.114275 
        1.99499        0.106599        0.112168 
        2.01064         0.10478        0.110111 
         2.0264        0.102482        0.108093 
        2.04216        0.100808        0.106127 
        2.05781       0.0987325        0.104223 
        2.07353       0.0962333        0.102359 
        2.08928       0.0947311        0.100538 
        2.10499       0.0927198       0.0987656 
        2.12065       0.0915998        0.097042 
        2.13633       0.0893974       0.0953583 
        2.15211       0.0884103       0.0937041 
        2.16785        0.086393       0.0920941 
        2.18349       0.0842616       0.0905324 
        2.19916       0.0836536        0.089004 
        2.21489       0.0820051       0.0875061 
        2.23063        0.080552       0.0860419 
         2.2463       0.0787965       0.0846182 
        2.26194       0.0773781       0.0832305 
        2.27765       0.0760291       0.0818671 
        2.29341       0.0750329       0.0805309 
        2.30914       0.0733835       0.0792276 
        2.32486       0.0721216       0.0779542 
        2.34061       0.0710116       0.0767068 
        2.35635        0.069637       0.0754881 
        2.37203        0.068525       0.0743003 
        2.38768       0.0673126       0.0731408 
        2.40339       0.0661873        0.072002 
        2.41914       0.0653162       0.0708851 
        2.43483       0.0639282        0.069796 
         2.4505       0.0627584       0.0687318 
        2.46622        0.061835       0.0676863 
        2.48195       0.0606324       0.0666627 
        2.49759       0.0600501       0.0656659 
        2.51328       0.0591509        0.064687 
        2.52906       0.0580493       0.0637221 
        2.54479       0.0570618       0.0627807 
        2.56049       0.0561804       0.0618602 
        2.57618       0.0553324       0.0609592 
        2.59189       0.0544608       0.0600749 
        2.60758       0.0538115       0.0592097 
        2.62325       0.0527918       0.0583627 
        2.63898       0.0519828       0.0575295 
        2.65468       0.0509307       0.0567144 
        2.67044       0.0505379       0.0559118 
        2.68618       0.0496367       0.0551267 
        2.70184       0.0488228       0.0543599 
        2.71755        0.047863       0.0536059 
        2.73329       0.0473834       0.0528652 
        2.74897       0.0467826        0.052141 
        2.76462       0.0458754       0.0514321 
        2.78034       0.0453527       0.0507335 
        2.79607       0.0446128       0.0500474 
        2.81179       0.0440635       0.0493747 
        2.82749       0.0432929       0.0487153 
        2.84321       0.0427034       0.0480673 
        2.85893       0.0420871       0.0474314 
        2.87462       0.0416775       0.0468082 
        2.89033       0.0409675       0.0461957 
        2.90605       0.0402228       0.0455937 
        2.92176        0.039868       0.0450028 
        2.93747       0.0392518       0.0444228 
        2.95318       0.0385781        0.043853 
        2.96891        0.038199        0.043293 
        2.98456       0.0377594       0.0427453 
        3.00023       0.0370533       0.0422064 
        3.01596       0.0365718       0.0416752 
        3.03164       0.0362387       0.0411547 
        3.04738       0.0356573       0.0406416 
         3.0631       0.0350391       0.0401376 
        3.07883         0.03463       0.0396421 
        3.09456       0.0343208       0.0391551 
        3.11026       0.0337851       0.0386772 
        3.12596       0.0334441       0.0382073 
        3.14163       0.0329827       0.0377464 
        3.15734       0.0325569        0.037292 
        3.17308       0.0321364       0.0368442 
        3.18879        0.031646       0.0364049 
        3.20447       0.0313933       0.0359735 
         3.2202       0.0309933       0.0355479 
         3.2359       0.0306461       0.0351299 
        3.25157       0.0301583       0.0347197 
        3.26729       0.0298275       0.0343148 
        3.28304        0.029471       0.0339157 
        3.29877       0.0291464       0.0335235 
        3.31446       0.0287679       0.0331383 
        3.33014        0.028459       0.0327597 
        3.34585       0.0281256       0.0323864 
        3.36158       0.0276879       0.0320184 
        3.37727       0.0274676       0.0316573 
        3.39294       0.0272191       0.0313022 
        3.40867       0.0268554       0.0309513 
        3.42439       0.0265409        0.030606 
        3.44008       0.0262612       0.0302667 
        3.45578        0.026068       0.0299323 
        3.47153       0.0256858       0.0296022 
        3.48724       0.0255748       0.0292778 
        3.50292       0.0251191        0.028959 
        3.51859       0.0248127       0.0286452 
        3.53431       0.0246787        0.028335 
        3.55007       0.0243885       0.0280288 
        3.56577       0.0241967       0.0277283 
        3.58146       0.0238248       0.0274323 
        3.59719       0.0236945       0.0271401 
        3.61292       0.0233342       0.0268522 
        3.62859       0.0231435       0.0265696 
        3.64429        0.022993       0.0262906 
        3.66003       0.0226869       0.0260148 
        3.67578       0.0225233        0.025743 
        3.69146       0.0223264       0.0254762 
        3.70712       0.0221446       0.0252137 
        3.72284       0.0218687        0.024954 
        3.73853       0.0216383       0.0246983 
        3.75422       0.0215966       0.0244462 
        3.76993       0.0212468       0.0241974 
        3.78564       0.0211367       0.0239523 
        3.80137       0.0209179       0.0237101 
        3.81707        0.020654       0.0234718 
        3.83279       0.0205347       0.0232366 
        3.84853        0.020366       0.0230043 
        3.86424       0.0201611       0.0227757 
        3.87992       0.0200159       0.0225505 
        3.89561       0.0198607       0.0223283 
        3.91134       0.0196842       0.0221088 
        3.92704       0.0194497       0.0218924 
        3.94273       0.0192992       0.0216792 
        3.95845       0.0191202       0.0214685 
        3.97418       0.0190035       0.0212605 
        3.98988       0.0187785       0.0210556 
        4.00554       0.0185952        0.020854 
        4.02125       0.0183336       0.0206544 
        4.03698        0.018126       0.0204572 
        4.05268       0.0178584        0.020263 
        4.06839       0.0175906       0.0200713 
         4.0841       0.0173308        0.019882 
        4.09983       0.0170572        0.019695 
        4.11555        0.016885       0.0195105 
        4.13124       0.0166372       0.0193288 
        4.14693       0.0163527       0.0191494 
        4.16266       0.0161391       0.0189718 
        4.17839       0.0159605       0.0187966 
        4.19408       0.0157842        0.018624 
        4.20977       0.0155729       0.0184535 
        4.22551       0.0153307       0.0182848 
        4.24123       0.0151713       0.0181183 
        4.25691       0.0150158       0.0179545 
        4.27259       0.0148441       0.0177925 
        4.28831       0.0147254       0.0176323 
        4.30404       0.0145571       0.0174739 
        4.31974       0.0143794       0.0173179 
        4.33543       0.0142578       0.0171638 
        4.35116       0.0141251       0.0170113 
        4.36688       0.0140116       0.0168606 
        4.38255       0.0138853       0.0167124 
        4.39825       0.0138191       0.0165657 
        4.41398       0.0137423       0.0164204 
         4.4297       0.0136301        0.016277 
        4.44541       0.0135394       0.0161354 
        4.46111       0.0134229       0.0159956 
        4.47683       0.0134151       0.0158574 
        4.49251       0.0132829       0.0157211 
        4.50819       0.0132474       0.0155864 
         4.5239       0.0131941       0.0154531 
        4.53962       0.0131531       0.0153213 
        4.55535        0.013111       0.0151909 
        4.57106       0.0131372       0.0150623 
        4.58678       0.0130588       0.0149351 
         4.6025        0.013055       0.0148093 
        4.61821       0.0130613       0.0146851 
        4.63391       0.0130241       0.0145624 
         4.6496       0.0130321       0.0144412 
        4.66532       0.0130246       0.0143212 
        4.68103       0.0130567       0.0142027 
        4.69673       0.0130515       0.0140856 
        4.71241       0.0131191       0.0139699 
        4.72811       0.0131147       0.0138554 
        4.74384       0.0131458        0.013742 
        4.75955       0.0132206         0.01363 
        4.77525         0.01326       0.0135194 
        4.79096       0.0133503       0.0134099 
        4.80669       0.0133481       0.0133015 
         4.8224       0.0134708       0.0131945 
        4.83809       0.0135032       0.0130888 
        4.85379       0.0136395       0.0129842 
         4.8695       0.0136857       0.0128806 
        4.88521       0.0137775       0.0127782 
        4.90093       0.0138924        0.012677 
        4.91663       0.0140619       0.0125769 
        4.93234       0.0141233       0.0124778 
        4.94807       0.0142129       0.0123797 
        4.96377       0.0143763       0.0122829 
        4.97943       0.0145329       0.0121873 
        4.99514       0.0146485       0.0120925 
        5.01086       0.0147636       0.0119987 
        5.02654       0.0149806        0.011906 
        5.04227       0.0151278       0.0118141 
          5.058       0.0152889       0.0117231 
        5.07371       0.0154385       0.0116333 
        5.08942       0.0157657       0.0115444 
        5.10513       0.0159128       0.0114565 
        5.12084       0.0160088       0.0113694 
        5.13656       0.0163566       0.0112832 
        5.15225       0.0165248       0.0111981 
        5.16796        0.016838       0.0111137 
        5.18369       0.0169508       0.0110302 
         5.1994       0.0172384       0.0109476 
        5.21509       0.0174853        0.010866 
        5.23079        0.017701       0.0107851 
        5.24649       0.0180063       0.0107051 
        5.26217       0.0183117        0.010626 
        5.27788        0.018587       0.0105476 
        5.29359       0.0188854       0.0104699 
        5.30933       0.0191725        0.010393 
        5.32504       0.0194635       0.0103169 
        5.34073       0.0199436       0.0102417 
        5.35646       0.0201938       0.0101671 
        5.37218       0.0205733       0.0100932 
        5.38789       0.0210127       0.0100202 
        5.40357        0.021334      0.00994801 
        5.41929       0.0216066      0.00987637 
        5.43502       0.0221242      0.00980543 
         5.4507       0.0224677      0.00973536 
        5.46639       0.0229649      0.00966597 
        5.48212       0.0231988       0.0095971 
        5.49786       0.0237204      0.00952882 
        5.51353       0.0243709      0.00946156 
        5.52921       0.0248198      0.00939487 
        5.54495       0.0253509      0.00932864 
        5.56066       0.0258602      0.00926313 
        5.57637       0.0263218      0.00919825 
        5.59207       0.0267903      0.00913406 
        5.60778       0.0274251      0.00907047 
        5.62346       0.0279968      0.00900757 
        5.63916       0.0285179      0.00894521 
        5.65487       0.0291645      0.00888341 
         5.6706       0.0296148      0.00882214 
        5.68633       0.0304493      0.00876141 
        5.70203       0.0311351       0.0087014 
        5.71773       0.0317782      0.00864195 
        5.73344       0.0324165      0.00858304 
        5.74916       0.0333021      0.00852462 
        5.76486       0.0339314      0.00846683 
        5.78054        0.034624      0.00840967 
        5.79626       0.0354727      0.00835288 
          5.812       0.0362335      0.00829657 
         5.8277       0.0372492      0.00824094 
        5.84339       0.0377174      0.00818582 
        5.85911       0.0388623       0.0081311 
        5.87484       0.0397875       0.0080769 
        5.89053       0.0406956      0.00802331 
        5.90623        0.041619      0.00797018 
        5.92195       0.0427342      0.00791744 
        5.93767       0.0437521      0.00786521 
        5.95336       0.0447064      0.00781354 
        5.96905       0.0457807      0.00776236 
        5.98476       0.0465152      0.00771157 
        6.00048       0.0478324      0.00766122 
        6.01617       0.0488986      0.00761139 
        6.03185        0.050132      0.00756206 
        6.04756       0.0515595      0.00751306 
        6.06331         0.05296       0.0074644 
        6.07903       0.0540872      0.00741626 
        6.09473       0.0554649       0.0073686 
        6.11044       0.0571629      0.00732132 
        6.12616       0.0585616      0.00727447 
        6.14186       0.0598795      0.00722807 
        6.15755        0.061349      0.00718208 
        6.17326       0.0624391      0.00713647 
        6.18898        0.064486      0.00709123 
        6.20467       0.0663167      0.00704646 
        6.22036       0.0680482      0.00700209 
         6.2361       0.0693606      0.00695798 
         6.2518       0.0720011      0.00691433 
        6.26748        0.072851      0.00687115 
        6.28319       0.0754844      0.00682822 
        6.29893       0.0775452      0.00678563 
        6.31463       0.0793255      0.00674347 
        6.33033       0.0813786      0.00670169 
        6.34604       0.0834379      0.00666023 
        6.36177       0.0858297      0.00661909 
        6.37747       0.0878169      0.00657838 
        6.39316       0.0907065      0.00653803 
        6.40888       0.0930022      0.00649795 
         6.4246       0.0961541       0.0064582 
        6.44031       0.0983268      0.00641881 
        6.45601        0.100968       0.0063798 
        6.47172         0.10401      0.00634106 
        6.48744        0.106963      0.00630264 
        6.50313        0.110284      0.00626461 
        6.51882        0.112435       0.0062269 
        6.53452        0.115398      0.00618947 
        6.55025        0.119904      0.00615228 
        6.56597        0.122415      0.00611545 
        6.58166         0.12622      0.00607897 
        6.59736        0.130316      0.00604278 
        6.61307        0.132859      0.00600684 
         6.6288        0.135062      0.00597118 
         6.6445        0.140055      0.00593585 
         6.6602        0.144639      0.00590082 
        6.67592        0.150641      0.00586604 
        6.69164        0.154124      0.00583155 
        6.70735        0.158813      0.00579735 
        6.72304        0.163407      0.00576346 
        6.73874        0.168032      0.00572984 
        6.75446        0.172171      0.00569644 
        6.77016        0.176583      0.00566336 
        6.78585        0.184214      0.00563055 
        6.80156        0.188464      0.00559798 
        6.81729        0.193038      0.00556562 
        6.83301        0.198467      0.00553352 
         6.8487        0.207043      0.00550176 
         6.8644        0.212038      0.00547022 
        6.88012        0.218216       0.0054389 
        6.89583        0.226463      0.00540785 
        6.91151        0.231888      0.00537709 
        6.92723        0.237818       0.0053465 
        6.94296        0.248091      0.00531613 
        6.95866         0.25341      0.00528606 
        6.97436         0.26013      0.00525622 
        6.99007        0.269025       0.0052266 
        7.00578        0.276454      0.00519721 
        7.02147        0.288352      0.00516808 
        7.03718        0.293902      0.00513914 
         7.0529        0.305533       0.0051104 
        7.06863        0.312765      0.00508187 
        7.08433        0.323012       0.0050536 
        7.10004        0.331817      0.00502556 
        7.11575        0.345586      0.00499772 
        7.13145        0.354164       0.0049701 
        7.14715        0.362413       0.0049427 
        7.16284        0.373404      0.00491553 
        7.17855        0.385632      0.00488852 
        7.19428         0.40085      0.00486168 
        7.20998        0.410171       0.0048351 
        7.22568        0.422991      0.00480872 
        7.24139        0.435997      0.00478253 
        7.25711        0.450145      0.00475652 
        7.27282        0.463387      0.00473071 
        7.28852        0.475482      0.00470512 
        7.30423        0.487096      0.00467969 
        7.31995        0.508368      0.00465446 
        7.33565        0.519631      0.00462943 
        7.35135        0.534164      0.00460458 
        7.36706        0.550942      0.00457992 
        7.38277         0.56137      0.00455543 
        7.39847        0.576609      0.00453113 
        7.41419        0.591593      0.00450699 
         7.4299        0.613852      0.00448304 
        7.44561        0.635431      0.00445926 
        7.46132        0.645776      0.00443566 
        7.47701        0.668785      0.00441226 
        7.49272        0.682368        0.004389 
        7.50842        0.698823      0.00436592 
         7.5241        0.720264      0.00434304 
        7.53981        0.735759      0.00432029 
        7.55552        0.760351      0.00429769 
        7.57125        0.772546      0.00427524 
        7.58698         0.79495      0.00425294 
        7.60268        0.821429      0.00423085 
         7.6184        0.831034      0.00420889 
        7.63411        0.853273       0.0041871 
        7.64981        0.869718      0.00416547 
        7.66552        0.893589        0.004144 
        7.68123        0.898334      0.00412267 
        7.69695        0.925091      0.00410148 
        7.71264        0.942417      0.00408048 
        7.72834        0.951833      0.00405962 
        7.74407        0.982269      0.00403887 
        7.75978         1.00214      0.00401827 
        7.77546         1.00289      0.00399787 
        7.79116         0.99838      0.00397759 
         7.8069          1.0266       0.0039574 
         7.8226         1.04373      0.00393739 
        7.83828         1.06106      0.00391756 
        7.85399         1.06005      0.00389783 
        7.86972         1.08485      0.00387821 
        7.88543         1.06488      0.00385875 
        7.90111         1.09867      0.00383946 
        7.91681         1.09171      0.00382027 
        7.93255          1.0833      0.00380118 
        7.94828         1.08678      0.00378223 
        7.96397         1.10979      0.00376344 
        7.97967         1.10567      0.00374479 
        7.99538         1.09809      0.00372624 
         8.0111         1.11818      0.00370782 
         8.0268         1.09953      0.00368954 
        8.04248         1.09127      0.00367141 
         8.0582         1.10271      0.00365336 
        8.07393         1.09328      0.00363541 
        8.08963         1.08829      0.00361762 
        8.10533         1.08619      0.00359996 
        8.12104         1.05891       0.0035824 
        8.13675         1.04162      0.00356495 
        8.15245         1.02435      0.00354764 
        8.16815         1.02229      0.00353045 
        8.18387         1.02026      0.00351334 
        8.19959         1.00345      0.00349635 
         8.2153         0.98887      0.00347949 
        8.23101        0.961424      0.00346273 
        8.24672        0.955233      0.00344609 
        8.26241        0.944645      0.00342958 
         8.2781        0.917697      0.00341318 
        8.29381        0.906769      0.00339687 
        8.30952        0.902173      0.00338066 
        8.32524        0.888683      0.00336455 
        8.34095        0.877628      0.00334855 
        8.35666        0.855049      0.00333267 
        8.37237         0.84804      0.00331688 
        8.38808        0.829729       0.0033012 
        8.40379        0.816554      0.00328562 
         8.4195        0.808543      0.00327015 
         8.4352         0.77946      0.00325477 
        8.45091        0.770871       0.0032395 
        8.46662         0.76656      0.00322432 
        8.48232        0.753395      0.00320925 
        8.49802        0.732502      0.00319428 
        8.51374        0.723996      0.00317938 
        8.52945        0.716644      0.00316459 
        8.54515         0.70329       0.0031499 
        8.56086        0.684959       0.0031353 
        8.57658        0.673095      0.00312078 
        8.59228        0.668935      0.00310638 
        8.60799        0.656152      0.00309205 
        8.62371         0.64329      0.00307781 
        8.63942        0.630247      0.00306367 
        8.65512        0.619303      0.00304962 
        8.67082        0.607981      0.00303567 
        8.68653        0.602786      0.00302179 
        8.70224         0.59015        0.003008 
        8.71795        0.585375       0.0029943 
        8.73365        0.571444      0.00298069 
        8.74936        0.565451      0.00296716 
        8.76506        0.556028      0.00295373 
        8.78076        0.546191      0.00294037 
        8.79646        0.539186       0.0029271 
        8.81218        0.531711       0.0029139 
        8.82791        0.526965      0.00290077 
         8.8436        0.520022      0.00288775 
         8.8593        0.512943      0.00287481 
        8.87503        0.505157      0.00286192 
        8.89076        0.498061      0.00284912 
        8.90644        0.492501      0.00283642 
        8.92214        0.484589       0.0028238 
        8.93786        0.476574      0.00281124 
        8.95357        0.470715      0.00279875 
        8.96928        0.461687      0.00278635 
        8.98498        0.461906      0.00277403 
        9.00069        0.454808      0.00276178 
        9.01639        0.449723       0.0027496 
        9.03208        0.446587      0.00273752 
        9.04778        0.443488      0.00272549 
        9.06351         0.43482      0.00271352 
        9.07923        0.430585      0.00270163 
        9.09493        0.430431      0.00268982 
        9.11062         0.42257       0.0026781 
        9.12635         0.41929      0.00266642 
        9.14207        0.415213      0.00265481 
        9.15777         0.41155      0.00264328 
        9.17346         0.40874      0.00263183 
        9.18917        0.405688      0.00262044 
         9.2049        0.403171       0.0026091 
        9.22061        0.401449      0.00259784 
        9.23631        0.397422      0.00258665 
        9.25201        0.394064      0.00257554 
        9.26773         0.38935      0.00256447 
        9.28343        0.389401      0.00255348 
        9.29913        0.384948      0.00254256 
        9.31484        0.387174       0.0025317 
        9.33057         0.38118      0.00252088 
        9.34627        0.382054      0.00251015 
        9.36197        0.379575      0.00249949 
        9.37768         0.37592      0.00248887 
        9.39338        0.377894      0.00247833 
        9.40909        0.373223      0.00246784 
        9.42479        0.373839      0.00245742 
         9.4405        0.373667      0.00244706 
        9.45621        0.369929      0.00243676 
        9.47193        0.372639      0.00242651 
        9.48763        0.369875      0.00241633 
        9.50334        0.372165      0.00240621 
        9.51906        0.369462      0.00239614 
        9.53476        0.371647      0.00238614 
        9.55045        0.371473       0.0023762 
        9.56616        0.368137      0.00236631 
        9.58188        0.374707      0.00235646 
        9.59759        0.370111      0.00234668 
         9.6133        0.369958      0.00233695 
        9.62901        0.373831      0.00232727 
        9.64471        0.368911      0.00231765 
        9.66041         0.37684      0.00230809 
        9.67612        0.372354      0.00229856 
        9.69184        0.378752      0.00228909 
        9.70754        0.378443      0.00227968 
        9.72324        0.376553      0.00227033 
        9.73895        0.383089      0.00226103 
        9.75467        0.377717      0.00225179 
        9.77038        0.387398      0.00224261 
        9.78607        0.385457       0.0022335 
        9.80177        0.386999      0.00222444 
        9.81749        0.391529      0.00221544 
         9.8332        0.387766       0.0022065 
         9.8489        0.399722      0.00219763 
        9.86463        0.392569       0.0021888 
        9.88035        0.402606      0.00218001 
        9.89606        0.403772      0.00217127 
        9.91175         0.40211      0.00216258 
        9.92745        0.413262      0.00215391 
        9.94317        0.406051      0.00214526 
        9.95888        0.419342      0.00213664 
        9.97458        0.417843      0.00212803 
        9.99029        0.419747      0.00211942 
         10.006        0.427276      0.00211411 
        10.0217        0.422922      0.00211411 
        10.0374        0.440492      0.00211411 
        10.0531        0.434612      0.00211411 
        10.0688        0.441058      0.00211411 
        10.0845        0.446431      0.00211411 
        10.1002        0.443803      0.00211411 
        10.1159        0.462743      0.00211411 
        10.1317        0.452994      0.00211411 
        10.1474        0.468111      0.00211411 
        10.1631         0.46595      0.00211411 
        10.1788         0.46789      0.00211411 
        10.1945        0.486175      0.00211411 
        10.2102        0.471025      0.00211411 
        10.2259        0.500967      0.00211411 
        10.2416        0.490477      0.00211411 
        10.2573        0.498676      0.00211411 
         10.273        0.509216      0.00211411 
        10.2887        0.497763      0.00211411 
        10.3044        0.526737      0.00211411 
        10.3201        0.513116      0.00211411 
        10.3359        0.533206      0.00211411 
        10.3516        0.533017      0.00211411 
        10.3673        0.532345      0.00211411 
         10.383        0.553406      0.00211411 
        10.3987        0.538143      0.00211411 
        10.4144        0.567511      0.00211411 
        10.4301        0.558194      0.00211411 
        10.4458        0.569057      0.00211411 
        10.4615        0.582556      0.00211411 
        10.4772        0.562618      0.00211411 
        10.4929        0.609955      0.00211411 
        10.5086        0.586067      0.00211411 
        10.5244        0.608576      0.00211411 
        10.5401        0.608938      0.00211411 
        10.5558        0.602867      0.00211411 
        10.5715        0.636338      0.00211411 
        10.5872        0.609994      0.00211411 
        10.6029        0.645403      0.00211411 
        10.6186        0.636076      0.00211411 
        10.6343        0.639268      0.00211411 
          10.65        0.662905      0.00211411 
        10.6657        0.637298      0.00211411 
        10.6814        0.685491      0.00211411 
        10.6971        0.660508      0.00211411 
        10.7129        0.679181      0.00211411 
        10.7286         0.68962      0.00211411 
        10.7443        0.663601      0.00211411 
          10.76         0.71601      0.00211411 
        10.7757        0.681259      0.00211411 
        10.7914        0.716054      0.00211411 
        10.8071        0.706685      0.00211411 
        10.8228        0.702966      0.00211411 
        10.8385         0.74125      0.00211411 
        10.8542        0.701041      0.00211411 
        10.8699        0.755723      0.00211411 
        10.8856        0.724944      0.00211411 
        10.9014        0.739543      0.00211411 
        10.9171        0.757168      0.00211411 
        10.9328        0.718226      0.00211411 
        10.9485        0.787109      0.00211411 
        10.9642        0.743021      0.00211411 
        10.9799        0.770361      0.00211411 
        10.9956        0.768592      0.00211411 
        11.0113        0.749909      0.00211411 
         11.027        0.793638      0.00211411 
        11.0427        0.751096      0.00211411 
        11.0584        0.802193      0.00211411 
        11.0741        0.775982      0.00211411 
        11.0898        0.776143      0.00211411 
        11.1055        0.805541      0.00211411 
        11.1212         0.75516      0.00211411 
         11.137        0.826574      0.00211411 
        11.1527        0.779456      0.00211411 
        11.1684        0.799914      0.00211411 
        11.1841        0.800571      0.00211411 
        11.1998        0.775384      0.00211411 
        11.2155        0.826421      0.00211411 
        11.2312        0.777897      0.00211411 
        11.2469        0.821305      0.00211411 
        11.2626        0.802994      0.00211411 
        11.2783        0.792742      0.00211411 
         11.294        0.818705      0.00211411 
        11.3097        0.773901      0.00211411 
        11.3254        0.829798      0.00211411 
        11.3412        0.791083      0.00211411 
        11.3569        0.805094      0.00211411 
        11.3726          0.8088      0.00211411 
        11.3883        0.774103      0.00211411 
         11.404        0.833047      0.00211411 
        11.4197        0.782676      0.00211411 
        11.4354        0.811794      0.00211411 
        11.4511        0.794425      0.00211411 
        11.4668        0.780101      0.00211411 
        11.4825        0.812778      0.00211411 
        11.4982        0.769326      0.00211411 
         11.514        0.813692      0.00211411 
        11.5297         0.78083      0.00211411 
        11.5454        0.783559      0.00211411 
        11.5611          0.8015      0.00211411 
        11.5768        0.757462      0.00211411 
        11.5925        0.811625      0.00211411 
        11.6082        0.767194      0.00211411 
        11.6239        0.783516      0.00211411 
        11.6396        0.778776      0.00211411 
        11.6553        0.755371      0.00211411 
         11.671        0.788948      0.00211411 
        11.6867        0.753134      0.00211411 
        11.7024         0.77545      0.00211411 
        11.7182        0.760494      0.00211411 
        11.7339        0.753125      0.00211411 
        11.7496        0.767822      0.00211411 
        11.7653        0.734856      0.00211411 
         11.781        0.767606      0.00211411 
        11.7967        0.743728      0.00211411 
        11.8124        0.747365      0.00211411 
        11.8281        0.747574      0.00211411 
        11.8438        0.724672      0.00211411 
        11.8595        0.755001      0.00211411 
        11.8752        0.722091      0.00211411 
         11.891        0.740579      0.00211411 
        11.9067         0.72991      0.00211411 
        11.9224        0.720636      0.00211411 
        11.9381        0.736252      0.00211411 
        11.9538        0.708793      0.00211411 
        11.9695        0.730104      0.00211411 
        11.9852        0.710506      0.00211411 
        12.0009        0.709619      0.00211411 
        12.0166        0.715412      0.00211411 
        12.0323        0.690713      0.00211411 
         12.048        0.717112      0.00211411 
        12.0637        0.692199      0.00211411 
