# k  (h/Mpc)    Pcb(k)  (Mpc/h)^3    Pcb_linear(k) (Mpc/h)^3   ShotnoiseSubtracted = true
      0.0200456         1396.93         1414.37 
      0.0350414         934.986         938.714 
      0.0492313         635.653          632.25 
      0.0637834         513.863         506.762 
      0.0800726         405.958         402.895 
       0.096163         282.946          283.93 
       0.111083         213.647          214.38 
       0.126058         187.971         186.362 
       0.142273         163.308         161.608 
       0.158546         129.006         126.699 
        0.17375         102.207         101.761 
       0.188953         91.8929         90.1157 
       0.204907         85.0311         81.4607 
       0.220756         71.3633         69.4527 
        0.23588         60.4893         58.5597 
         0.2514         53.0096         51.7997 
       0.267535         48.7093         47.2932 
       0.283568         43.6299         42.1935 
       0.299022         38.8317         37.0131 
       0.314451         34.1167         33.1009 
       0.330372         31.5549         30.3075 
       0.346141         28.7739         27.7324 
       0.361624         26.3018         25.0789 
       0.377134         24.2541         22.7467 
       0.392932         21.4695         20.9057 
       0.408854         20.5304         19.3161 
       0.424564          18.953         17.7846 
       0.440253         17.3868          16.356 
       0.455999         16.2344         15.1345 
       0.471626         15.2116         14.0925 
        0.48727         14.2015         13.1273 
       0.502856         13.1805         12.2208 
       0.518488         12.5073         11.4002 
       0.534347         11.9017         10.6648 
       0.550082         10.8283          10.001 
       0.565732         9.97364         9.38625 
       0.581496         9.71372         8.81396 
       0.597222         9.26985         8.29544 
       0.612804         8.61114         7.82611 
       0.628434         8.26501         7.38963 
       0.644267         7.87292         6.97888 
       0.660051         7.39264         6.60003 
       0.675724         6.99541         6.25317 
       0.691403         6.73845         5.93164 
       0.707174         6.37482         5.63062 
       0.722871          6.0884         5.35135 
        0.73838         5.81358          5.0937 
       0.754018         5.61736         4.85083 
       0.769845         5.31212         4.62093 
        0.78569         5.11519         4.40553 
       0.801365         4.87588         4.20582 
       0.817031         4.69349         4.01851 
       0.832809         4.52653         3.84134 
       0.848511         4.25963         3.67558 
       0.864097         4.10126         3.52071 
       0.879701         3.95642         3.37459 
       0.895507         3.76216         3.23502 
       0.911279         3.70153         3.10361 
        0.92691         3.55237         2.98055 
       0.942635         3.38631         2.86347 
       0.958396         3.26047          2.7524 
       0.974128         3.16134          2.6474 
       0.989692         3.08628         2.54889 
        1.00528         2.94379         2.45523 
        1.02113         2.83027         2.36478 
        1.03692         2.76536          2.2792 
        1.05264         2.66613         2.19823 
        1.06832         2.59382         2.12129 
        1.08405         2.46715         2.04781 
        1.09979         2.41376         1.97774 
        1.11537         2.34213         1.91163 
        1.13105         2.27385         1.84813 
        1.14679         2.20948         1.78725 
        1.16256         2.12738         1.72897 
        1.17828         2.07624         1.67347 
        1.19395         2.01581         1.62058 
         1.2097         1.93085          1.5697 
        1.22537         1.88017         1.52122 
          1.241         1.83771         1.47493 
        1.25666         1.81809         1.43044 
        1.27241         1.72795         1.38757 
        1.28819         1.69242         1.34637 
        1.30392         1.65534         1.30695 
        1.31957         1.61369         1.26928 
        1.33529         1.56055         1.23294 
        1.35108         1.52331         1.19788 
        1.36674         1.47722         1.16442 
         1.3824         1.43288         1.13226 
        1.39811         1.39949          1.1012 
        1.41389         1.37447         1.07118 
        1.42964         1.34032         1.04233 
        1.44531         1.30627         1.01467 
        1.46101          1.2738        0.987947 
        1.47667          1.2313        0.962262 
        1.49229         1.21893        0.937552 
        1.50793         1.18291        0.913677 
        1.52367         1.16061        0.890475 
        1.53953         1.12199        0.867917 
        1.55526         1.10025        0.846316 
        1.57092         1.07515        0.825533 
        1.58662         1.05373        0.805395 
        1.60235         1.02651        0.785885 
        1.61809         1.00273        0.767007 
        1.63369        0.991625        0.748912 
        1.64941        0.961478        0.731267 
        1.66519        0.944042        0.714124 
        1.68085        0.915993        0.697648 
        1.69652          0.8996        0.681683 
        1.71228        0.884962        0.666123 
        1.72806        0.859461        0.651034 
        1.74368        0.846326         0.63656 
        1.75933        0.825348        0.622494 
        1.77505        0.811779        0.608784 
        1.79081        0.795041         0.59546 
         1.8065        0.775076        0.582588 
        1.82218        0.764524        0.570106 
        1.83797        0.751638        0.557901 
        1.85367        0.739356        0.546119 
        1.86928        0.724596        0.534744 
        1.88497        0.705087         0.52363 
        1.90073        0.687922        0.512788 
        1.91647        0.682169         0.50226 
        1.93218        0.669358        0.492048 
        1.94787        0.653598        0.482133 
        1.96363        0.639718        0.472449 
        1.97935        0.628892         0.46305 
        1.99499        0.616856        0.453957 
        2.01064         0.60481        0.445094 
         2.0264         0.59801         0.43641 
        2.04216        0.585508         0.42796 
        2.05781        0.572792        0.419785 
        2.07353        0.564896        0.411793 
        2.08928        0.552766         0.40399 
        2.10499        0.544068        0.396409 
        2.12065        0.538188        0.389044 
        2.13633        0.527859        0.381857 
        2.15211        0.517484        0.374805 
        2.16785        0.505477        0.367949 
        2.18349        0.500084        0.361306 
        2.19916        0.490829        0.354812 
        2.21489         0.48149        0.348455 
        2.23063        0.473111        0.342248 
         2.2463        0.468775        0.336219 
        2.26194        0.456055        0.330349 
        2.27765        0.449229        0.324588 
        2.29341          0.4447        0.318948 
        2.30914        0.438887        0.313453 
        2.32486        0.431853        0.308089 
        2.34061        0.423873        0.302841 
        2.35635        0.414265        0.297719 
        2.37203        0.409874        0.292732 
        2.38768        0.403737        0.287869 
        2.40339        0.398012        0.283098 
        2.41914        0.393008        0.278423 
        2.43483        0.385345        0.273869 
         2.4505        0.378827        0.269423 
        2.46622         0.37311        0.265061 
        2.48195        0.369496        0.260794 
        2.49759         0.36314        0.256643 
        2.51328        0.356037         0.25257 
        2.52906        0.351052         0.24856 
        2.54479        0.346744        0.244651 
        2.56049        0.341104        0.240832 
        2.57618        0.337135        0.237098 
        2.59189        0.331587        0.233437 
        2.60758        0.327679        0.229858 
        2.62325        0.322718        0.226358 
        2.63898        0.318526        0.222918 
        2.65468        0.313721        0.219556 
        2.67044        0.308739        0.216249 
        2.68618         0.30392        0.213017 
        2.70184        0.299724        0.209863 
        2.71755        0.295514        0.206764 
        2.73329        0.292828        0.203723 
        2.74897        0.288532        0.200753 
        2.76462        0.284117        0.197848 
        2.78034        0.280852        0.194987 
        2.79607        0.276685         0.19218 
        2.81179        0.272896        0.189431 
        2.82749         0.26962        0.186738 
        2.84321        0.266499        0.184094 
        2.85893        0.262686        0.181502 
        2.87462        0.259204        0.178963 
        2.89033        0.255399        0.176471 
        2.90605        0.252593        0.174023 
        2.92176        0.249222        0.171623 
        2.93747        0.245887        0.169269 
        2.95318        0.243186        0.166958 
        2.96891        0.240343        0.164688 
        2.98456        0.237533        0.162471 
        3.00023        0.234555        0.160291 
        3.01596        0.231346        0.158143 
        3.03164        0.229522        0.156041 
        3.04738        0.225196        0.153971 
         3.0631        0.223334        0.151938 
        3.07883        0.219937        0.149942 
        3.09456        0.217568        0.147982 
        3.11026        0.215056        0.146059 
        3.12596        0.212255        0.144171 
        3.14163        0.210078        0.142319 
        3.15734        0.208377        0.140496 
        3.17308        0.205517          0.1387 
        3.18879        0.203143        0.136941 
        3.20447        0.201037        0.135214 
         3.2202        0.198809        0.133511 
         3.2359        0.196558         0.13184 
        3.25157          0.1942        0.130202 
        3.26729        0.192566        0.128586 
        3.28304        0.190394        0.126994 
        3.29877        0.188233        0.125431 
        3.31446        0.186589        0.123897 
        3.33014         0.18471        0.122391 
        3.34585        0.183552        0.120906 
        3.36158        0.181039        0.119444 
        3.37727        0.179484        0.118011 
        3.39294        0.177385        0.116602 
        3.40867        0.175363        0.115211 
        3.42439        0.174077        0.113843 
        3.44008        0.172105          0.1125 
        3.45578        0.170994        0.111177 
        3.47153         0.16919        0.109873 
        3.48724        0.168021        0.108591 
        3.50292        0.166521        0.107333 
        3.51859        0.164208        0.106095 
        3.53431        0.162902        0.104872 
        3.55007        0.161853        0.103666 
        3.56577        0.159987        0.102483 
        3.58146        0.158249        0.101319 
        3.59719        0.157313        0.100171 
        3.61292        0.155973       0.0990401 
        3.62859         0.15389        0.097931 
        3.64429        0.152898       0.0968366 
        3.66003        0.151742       0.0957554 
        3.67578        0.150279        0.094691 
        3.69146        0.149365       0.0936466 
        3.70712        0.148044       0.0926197 
        3.72284         0.14691       0.0916043 
        3.73853        0.145988       0.0906057 
        3.75422        0.144364       0.0896216 
        3.76993        0.143288        0.088651 
        3.78564        0.141873       0.0876951 
        3.80137         0.14064       0.0867516 
        3.81707        0.140115       0.0858239 
        3.83279        0.138816       0.0849088 
        3.84853        0.137437       0.0840055 
        3.86424        0.136201        0.083117 
        3.87992        0.135459       0.0822425 
        3.89561        0.134029       0.0813804 
        3.91134        0.133472       0.0805289 
        3.92704        0.131842       0.0796903 
        3.94273         0.13097       0.0788645 
        3.95845        0.129553       0.0780487 
        3.97418        0.128553       0.0772442 
        3.98988        0.127506       0.0764521 
        4.00554        0.126114       0.0756731 
        4.02125        0.125029       0.0749026 
        4.03698        0.123946       0.0741416 
        4.05268        0.122693       0.0733927 
        4.06839        0.121063       0.0726536 
         4.0841        0.119441       0.0719248 
        4.09983        0.117903       0.0712048 
        4.11555        0.116593       0.0704949 
        4.13124        0.115175       0.0697966 
        4.14693        0.114308        0.069107 
        4.16266         0.11297       0.0684251 
        4.17839        0.111823       0.0677527 
        4.19408        0.110762       0.0670908 
        4.20977        0.109634       0.0664374 
        4.22551        0.108887        0.065791 
        4.24123        0.107434       0.0651538 
        4.25691        0.106553       0.0645267 
        4.27259        0.105601       0.0639076 
        4.28831        0.104938       0.0632952 
        4.30404        0.103598       0.0626903 
        4.31974        0.103346       0.0620945 
        4.33543        0.102203       0.0615067 
        4.35116        0.101449       0.0609251 
        4.36688        0.100525       0.0603511 
        4.38255        0.099761       0.0597866 
        4.39825       0.0994558        0.059228 
        4.41398       0.0985037       0.0586754 
         4.4297       0.0979458       0.0581303 
        4.44541       0.0974267       0.0575922 
        4.46111       0.0971589       0.0570613 
        4.47683       0.0964709       0.0565366 
        4.49251       0.0958302       0.0560195 
        4.50819       0.0953605        0.055509 
         4.5239       0.0952492       0.0550041 
        4.53962       0.0945706       0.0545047 
        4.55535       0.0942765       0.0540112 
        4.57106       0.0938096       0.0535245 
        4.58678       0.0936314       0.0530437 
         4.6025       0.0931235       0.0525685 
        4.61821       0.0931478       0.0520993 
        4.63391       0.0927583       0.0516363 
         4.6496       0.0926015        0.051179 
        4.66532       0.0923185       0.0507266 
        4.68103       0.0925237       0.0502798 
        4.69673       0.0921158       0.0498387 
        4.71241       0.0919991       0.0494033 
        4.72811       0.0918601       0.0489724 
        4.74384       0.0920289       0.0485459 
        4.75955       0.0921548       0.0481252 
        4.77525       0.0921499       0.0477097 
        4.79096       0.0920444       0.0472985 
        4.80669       0.0920006       0.0468919 
         4.8224       0.0922486       0.0464905 
        4.83809       0.0922672       0.0460942 
        4.85379       0.0927473       0.0457022 
         4.8695       0.0926059       0.0453144 
        4.88521       0.0928313       0.0449312 
        4.90093       0.0932906       0.0445524 
        4.91663       0.0936614       0.0441782 
        4.93234       0.0938158       0.0438079 
        4.94807       0.0943258       0.0434416 
        4.96377       0.0945551       0.0430801 
        4.97943       0.0953333       0.0427234 
        4.99514       0.0954779       0.0423698 
        5.01086       0.0962777         0.04202 
        5.02654       0.0965865       0.0416749 
        5.04227       0.0969719       0.0413326 
          5.058       0.0979299        0.040994 
        5.07371       0.0984322       0.0406598 
        5.08942       0.0993715       0.0403293 
        5.10513       0.0996827       0.0400024 
        5.12084        0.100327       0.0396788 
        5.13656        0.101305        0.039359 
        5.15225         0.10246       0.0390431 
        5.16796        0.103204       0.0387302 
        5.18369        0.103261       0.0384203 
         5.1994        0.104534       0.0381144 
        5.21509        0.105524       0.0378121 
        5.23079         0.10694       0.0375127 
        5.24649        0.107715       0.0372167 
        5.26217         0.10857       0.0369241 
        5.27788        0.109669       0.0366342 
        5.29359        0.110864       0.0363473 
        5.30933         0.11245       0.0360631 
        5.32504        0.113045       0.0357823 
        5.34073        0.114513       0.0355048 
        5.35646        0.115927       0.0352297 
        5.37218        0.116735       0.0349574 
        5.38789        0.118503       0.0346884 
        5.40357        0.119926       0.0344225 
        5.41929        0.121128       0.0341588 
        5.43502        0.122284       0.0338977 
         5.4507        0.124125       0.0336401 
        5.46639        0.125922        0.033385 
        5.48212        0.127278       0.0331319 
        5.49786        0.129177       0.0328812 
        5.51353        0.131451       0.0326343 
        5.52921        0.132379       0.0323896 
        5.54495        0.134311       0.0321467 
        5.56066        0.137185       0.0319065 
        5.57637        0.138087       0.0316688 
        5.59207         0.14092       0.0314337 
        5.60778         0.14246       0.0312009 
        5.62346        0.145162       0.0309707 
        5.63916        0.146629       0.0307427 
        5.65487        0.148444       0.0305167 
         5.6706        0.150707       0.0302928 
        5.68633         0.15416        0.030071 
        5.70203        0.155727       0.0298519 
        5.71773        0.158083        0.029635 
        5.73344        0.159815         0.02942 
        5.74916        0.162674        0.029207 
        5.76486        0.164501       0.0289964 
        5.78054         0.16889       0.0287882 
        5.79626         0.16936       0.0285814 
          5.812         0.17251       0.0283764 
         5.8277         0.17549        0.028174 
        5.84339        0.179187       0.0279736 
        5.85911        0.181318       0.0277747 
        5.87484        0.182579       0.0275777 
        5.89053        0.186907       0.0273831 
        5.90623        0.189217       0.0271902 
        5.92195        0.192413       0.0269988 
        5.93767        0.195252       0.0268093 
        5.95336         0.19814        0.026622 
        5.96905        0.202158       0.0264365 
        5.98476        0.205176       0.0262525 
        6.00048        0.208204       0.0260702 
        6.01617        0.210567       0.0258898 
        6.03185        0.213747       0.0257113 
        6.04756        0.217073       0.0255341 
        6.06331         0.22036       0.0253582 
        6.07903        0.223792       0.0251843 
        6.09473        0.227666       0.0250121 
        6.11044         0.23078       0.0248414 
        6.12616        0.234261       0.0246723 
        6.14186        0.238208       0.0245049 
        6.15755        0.241244       0.0243391 
        6.17326         0.24529       0.0241746 
        6.18898        0.249374       0.0240116 
        6.20467        0.254072       0.0238504 
        6.22036        0.254717       0.0236906 
         6.2361        0.258459       0.0235319 
         6.2518         0.26298       0.0233749 
        6.26748        0.266192       0.0232196 
        6.28319        0.270874       0.0230653 
        6.29893        0.273303       0.0229123 
        6.31463        0.278894       0.0227608 
        6.33033        0.282195       0.0226108 
        6.34604        0.285161       0.0224621 
        6.36177        0.289766       0.0223145 
        6.37747        0.293141       0.0221685 
        6.39316        0.295725       0.0220239 
        6.40888        0.302486       0.0218802 
         6.4246        0.303767       0.0217379 
        6.44031        0.308542       0.0215969 
        6.45601        0.313306       0.0214572 
        6.47172        0.314712       0.0213187 
        6.48744        0.321231       0.0211813 
        6.50313        0.321657       0.0210453 
        6.51882        0.328097       0.0209106 
        6.53452        0.330538       0.0207769 
        6.55025        0.333673       0.0206441 
        6.56597        0.338243       0.0205127 
        6.58166        0.341971       0.0203825 
        6.59736        0.346772       0.0202534 
        6.61307        0.352695       0.0201253 
         6.6288        0.353036       0.0199983 
         6.6445         0.35823       0.0198724 
         6.6602        0.358635       0.0197477 
        6.67592        0.365324       0.0196239 
        6.69164        0.368705       0.0195012 
        6.70735        0.370157       0.0193795 
        6.72304        0.376848        0.019259 
        6.73874         0.37848       0.0191395 
        6.75446        0.380669       0.0190209 
        6.77016        0.385999       0.0189034 
        6.78585        0.388808       0.0187869 
        6.80156        0.393735       0.0186713 
        6.81729        0.393414       0.0185565 
        6.83301        0.398512       0.0184427 
         6.8487        0.402265       0.0183301 
         6.8644        0.404679       0.0182183 
        6.88012        0.406495       0.0181074 
        6.89583        0.411944       0.0179975 
        6.91151        0.414301       0.0178886 
        6.92723         0.41744       0.0177803 
        6.94296        0.422588       0.0176729 
        6.95866        0.422692       0.0175666 
        6.97436        0.425375       0.0174611 
        6.99007        0.429249       0.0173565 
        7.00578        0.432041       0.0172527 
        7.02147        0.434452       0.0171498 
        7.03718        0.438103       0.0170477 
         7.0529        0.438368       0.0169463 
        7.06863        0.442966       0.0168457 
        7.08433        0.447346        0.016746 
        7.10004        0.446431       0.0166472 
        7.11575        0.449949       0.0165491 
        7.13145        0.450989       0.0164518 
        7.14715        0.451327       0.0163553 
        7.16284         0.45664       0.0162597 
        7.17855        0.458182       0.0161647 
        7.19428        0.460053       0.0160703 
        7.20998         0.46203       0.0159769 
        7.22568        0.467161       0.0158842 
        7.24139        0.467118       0.0157921 
        7.25711         0.46984       0.0157008 
        7.27282        0.469904       0.0156102 
        7.28852        0.472938       0.0155204 
        7.30423        0.472165       0.0154312 
        7.31995        0.477461       0.0153427 
        7.33565        0.476473        0.015255 
        7.35135        0.480471       0.0151679 
        7.36706        0.480227       0.0150815 
        7.38277        0.484819       0.0149957 
        7.39847        0.486185       0.0149106 
        7.41419        0.487289       0.0148262 
         7.4299        0.487812       0.0147423 
        7.44561        0.486667       0.0146592 
        7.46132        0.491245       0.0145767 
        7.47701        0.490708       0.0144949 
        7.49272        0.492566       0.0144136 
        7.50842        0.493373        0.014333 
         7.5241        0.493895       0.0142531 
        7.53981        0.495059       0.0141737 
        7.55552        0.496941       0.0140949 
        7.57125        0.498536       0.0140166 
        7.58698        0.499188       0.0139388 
        7.60268        0.497525       0.0138618 
         7.6184        0.500349       0.0137853 
        7.63411        0.501515       0.0137094 
        7.64981        0.501316       0.0136341 
        7.66552        0.502257       0.0135594 
        7.68123         0.50332       0.0134851 
        7.69695        0.503628       0.0134114 
        7.71264        0.506789       0.0133384 
        7.72834         0.50259       0.0132659 
        7.74407        0.505307       0.0131937 
        7.75978        0.506966       0.0131222 
        7.77546        0.507116       0.0130513 
        7.79116        0.506218       0.0129809 
         7.8069        0.505299       0.0129109 
         7.8226        0.507611       0.0128415 
        7.83828        0.508325       0.0127727 
        7.85399        0.508274       0.0127043 
        7.86972        0.510189       0.0126362 
        7.88543        0.508577       0.0125688 
        7.90111        0.508651        0.012502 
        7.91681        0.506963       0.0124355 
        7.93255        0.507009       0.0123695 
        7.94828        0.509789       0.0123039 
        7.96397        0.508534       0.0122389 
        7.97967        0.510856       0.0121744 
        7.99538        0.508866       0.0121103 
         8.0111        0.507807       0.0120466 
         8.0268        0.509211       0.0119834 
        8.04248        0.510216       0.0119208 
         8.0582        0.510394       0.0118585 
        8.07393        0.510709       0.0117965 
        8.08963        0.513601       0.0117351 
        8.10533        0.514055       0.0116742 
        8.12104        0.511629       0.0116136 
        8.13675        0.515012       0.0115535 
        8.15245        0.514336       0.0114938 
        8.16815        0.515979       0.0114346 
        8.18387        0.517206       0.0113757 
        8.19959        0.516267       0.0113172 
         8.2153        0.516481       0.0112591 
        8.23101        0.518012       0.0112015 
        8.24672        0.518126       0.0111442 
        8.26241        0.519023       0.0110874 
         8.2781        0.517192        0.011031 
        8.29381        0.519506        0.010975 
        8.30952        0.519832       0.0109193 
        8.32524        0.521007        0.010864 
        8.34095         0.52087        0.010809 
        8.35666        0.520168       0.0107545 
        8.37237        0.521893       0.0107003 
        8.38808        0.521866       0.0106465 
        8.40379        0.525284       0.0105931 
         8.4195        0.523687         0.01054 
         8.4352        0.523842       0.0104874 
        8.45091        0.523886        0.010435 
        8.46662        0.523524        0.010383 
        8.48232        0.526515       0.0103314 
        8.49802        0.527063       0.0102802 
        8.51374        0.525436       0.0102292 
        8.52945        0.526757       0.0101786 
        8.54515        0.527741       0.0101283 
        8.56086        0.528953       0.0100784 
        8.57658        0.527786       0.0100288 
        8.59228        0.529072      0.00997955 
        8.60799        0.527978      0.00993059 
        8.62371        0.529481      0.00988197 
        8.63942        0.529053      0.00983369 
        8.65512        0.529856      0.00978574 
        8.67082        0.531706      0.00973812 
        8.68653         0.53131      0.00969078 
        8.70224        0.532068      0.00964376 
        8.71795        0.533231      0.00959706 
        8.73365        0.532287      0.00955066 
        8.74936        0.534818      0.00950457 
        8.76506        0.533246      0.00945881 
        8.78076        0.536008      0.00941333 
        8.79646        0.536846      0.00936815 
        8.81218         0.53562      0.00932323 
        8.82791        0.537262      0.00927855 
         8.8436        0.536923      0.00923426 
         8.8593        0.538003      0.00919027 
        8.87503        0.538096      0.00914645 
        8.89076        0.538572      0.00910293 
        8.90644        0.540953      0.00905981 
        8.92214        0.538466      0.00901694 
        8.93786        0.543416      0.00897427 
        8.95357        0.541664       0.0089319 
        8.96928        0.541832      0.00888982 
        8.98498        0.542697      0.00884802 
        9.00069        0.542742      0.00880647 
        9.01639        0.543695      0.00876518 
        9.03208        0.543259      0.00872421 
        9.04778        0.546364      0.00868346 
        9.06351          0.5453      0.00864291 
        9.07923         0.54618      0.00860263 
        9.09493        0.548139      0.00856265 
        9.11062        0.546928      0.00852295 
        9.12635        0.550298      0.00848342 
        9.14207        0.548985      0.00844415 
        9.15777        0.549008      0.00840517 
        9.17346         0.55138      0.00836646 
        9.18917        0.550159      0.00832794 
         9.2049        0.551745      0.00828962 
        9.22061        0.551056      0.00825158 
        9.23631        0.552554       0.0082138 
        9.25201        0.553401      0.00817627 
        9.26773        0.553325      0.00813892 
        9.28343        0.556446      0.00810183 
        9.29913        0.555439      0.00806498 
        9.31484        0.557512      0.00802835 
        9.33057        0.556999      0.00799188 
        9.34627        0.559346      0.00795569 
        9.36197        0.559406      0.00791976 
        9.37768        0.558132      0.00788399 
        9.39338        0.563381      0.00784848 
        9.40909        0.559993      0.00781318 
        9.42479         0.56329       0.0077781 
         9.4405         0.56332      0.00774322 
        9.45621        0.563101      0.00770855 
        9.47193        0.565696      0.00767409 
        9.48763        0.562819      0.00763986 
        9.50334         0.56623      0.00760583 
        9.51906        0.566955        0.007572 
        9.53476        0.568468      0.00753839 
        9.55045         0.56928        0.007505 
        9.56616        0.567256      0.00747178 
        9.58188        0.570286      0.00743873 
        9.59759        0.570337      0.00740589 
         9.6133        0.571019      0.00737324 
        9.62901        0.571527      0.00734077 
        9.64471        0.571021       0.0073085 
        9.66041        0.574384      0.00727642 
        9.67612        0.572759       0.0072445 
        9.69184        0.573358      0.00721275 
        9.70754        0.575194      0.00718123 
        9.72324        0.574762      0.00714991 
        9.73895         0.57713      0.00711878 
        9.75467        0.575495      0.00708783 
        9.77038        0.578916       0.0070571 
        9.78607        0.578582      0.00702662 
        9.80177        0.578891      0.00699633 
        9.81749        0.580783      0.00696623 
         9.8332        0.578138      0.00693636 
         9.8489        0.583541       0.0069067 
        9.86463        0.581167      0.00687719 
        9.88035        0.582806      0.00684784 
        9.89606        0.582348      0.00681867 
        9.91175         0.58368      0.00678965 
        9.92745         0.58556      0.00676072 
        9.94317        0.583917      0.00673186 
        9.95888        0.589341      0.00670307 
        9.97458        0.587451      0.00667434 
        9.99029        0.586391      0.00664562 
         10.006         0.58874      0.00662789 
        10.0217        0.587961      0.00662789 
        10.0374        0.591545      0.00662789 
        10.0531        0.588725      0.00662789 
        10.0688        0.591069      0.00662789 
        10.0845        0.592925      0.00662789 
        10.1002        0.591198      0.00662789 
        10.1159         0.59239      0.00662789 
        10.1317        0.592887      0.00662789 
        10.1474        0.593984      0.00662789 
        10.1631        0.595186      0.00662789 
        10.1788        0.594364      0.00662789 
        10.1945        0.595985      0.00662789 
        10.2102        0.595368      0.00662789 
        10.2259        0.599338      0.00662789 
        10.2416         0.59648      0.00662789 
        10.2573        0.598354      0.00662789 
         10.273        0.599385      0.00662789 
        10.2887        0.598071      0.00662789 
        10.3044        0.602061      0.00662789 
        10.3201        0.598863      0.00662789 
        10.3359        0.602066      0.00662789 
        10.3516         0.60246      0.00662789 
        10.3673        0.603496      0.00662789 
         10.383        0.604447      0.00662789 
        10.3987        0.602018      0.00662789 
        10.4144        0.604333      0.00662789 
        10.4301        0.604862      0.00662789 
        10.4458        0.605819      0.00662789 
        10.4615        0.605788      0.00662789 
        10.4772        0.605589      0.00662789 
        10.4929        0.609182      0.00662789 
        10.5086        0.608886      0.00662789 
        10.5244        0.608128      0.00662789 
        10.5401        0.610502      0.00662789 
        10.5558        0.609851      0.00662789 
        10.5715         0.61184      0.00662789 
        10.5872        0.609886      0.00662789 
        10.6029        0.611723      0.00662789 
        10.6186        0.613518      0.00662789 
        10.6343        0.612806      0.00662789 
          10.65        0.615176      0.00662789 
        10.6657        0.613052      0.00662789 
        10.6814        0.617401      0.00662789 
        10.6971        0.615025      0.00662789 
        10.7129        0.616023      0.00662789 
        10.7286         0.61736      0.00662789 
        10.7443        0.616561      0.00662789 
          10.76        0.618888      0.00662789 
        10.7757        0.618131      0.00662789 
        10.7914        0.620067      0.00662789 
        10.8071        0.619744      0.00662789 
        10.8228        0.620663      0.00662789 
        10.8385        0.621687      0.00662789 
        10.8542        0.620281      0.00662789 
        10.8699        0.623883      0.00662789 
        10.8856        0.623464      0.00662789 
        10.9014        0.623549      0.00662789 
        10.9171        0.625633      0.00662789 
        10.9328        0.623803      0.00662789 
        10.9485        0.626881      0.00662789 
        10.9642        0.625798      0.00662789 
        10.9799        0.626925      0.00662789 
        10.9956        0.628848      0.00662789 
        11.0113         0.62766      0.00662789 
         11.027        0.630363      0.00662789 
        11.0427        0.628588      0.00662789 
        11.0584        0.630696      0.00662789 
        11.0741        0.631292      0.00662789 
        11.0898        0.631422      0.00662789 
        11.1055        0.633157      0.00662789 
        11.1212        0.632023      0.00662789 
         11.137        0.634382      0.00662789 
        11.1527        0.634716      0.00662789 
        11.1684        0.634668      0.00662789 
        11.1841        0.635777      0.00662789 
        11.1998        0.636062      0.00662789 
        11.2155        0.638822      0.00662789 
        11.2312        0.637149      0.00662789 
        11.2469        0.638729      0.00662789 
        11.2626         0.63946      0.00662789 
        11.2783        0.639741      0.00662789 
         11.294        0.640438      0.00662789 
        11.3097        0.639422      0.00662789 
        11.3254        0.642193      0.00662789 
        11.3412        0.642987      0.00662789 
        11.3569        0.643739      0.00662789 
        11.3726        0.644687      0.00662789 
        11.3883        0.643973      0.00662789 
         11.404        0.646826      0.00662789 
        11.4197        0.645511      0.00662789 
        11.4354        0.647526      0.00662789 
        11.4511        0.648114      0.00662789 
        11.4668        0.648292      0.00662789 
        11.4825        0.649998      0.00662789 
        11.4982        0.650209      0.00662789 
         11.514        0.652736      0.00662789 
        11.5297         0.65173      0.00662789 
        11.5454        0.653688      0.00662789 
        11.5611        0.654522      0.00662789 
        11.5768        0.653883      0.00662789 
        11.5925        0.657196      0.00662789 
        11.6082        0.656639      0.00662789 
        11.6239        0.658191      0.00662789 
        11.6396         0.65867      0.00662789 
        11.6553        0.658341      0.00662789 
         11.671         0.66169      0.00662789 
        11.6867        0.660489      0.00662789 
        11.7024        0.662732      0.00662789 
        11.7182         0.66419      0.00662789 
        11.7339        0.664738      0.00662789 
        11.7496        0.664427      0.00662789 
        11.7653        0.665666      0.00662789 
         11.781        0.666782      0.00662789 
        11.7967        0.668179      0.00662789 
        11.8124        0.669723      0.00662789 
        11.8281        0.670486      0.00662789 
        11.8438        0.669927      0.00662789 
        11.8595        0.672385      0.00662789 
        11.8752        0.672493      0.00662789 
         11.891        0.674021      0.00662789 
        11.9067        0.676302      0.00662789 
        11.9224        0.676313      0.00662789 
        11.9381        0.678137      0.00662789 
        11.9538        0.678581      0.00662789 
        11.9695        0.680923      0.00662789 
        11.9852        0.680894      0.00662789 
        12.0009        0.682343      0.00662789 
        12.0166        0.683977      0.00662789 
        12.0323        0.683865      0.00662789 
         12.048        0.686626      0.00662789 
        12.0637        0.685453      0.00662789 
