# k  (h/Mpc)    Pcb(k)  (Mpc/h)^3    Pcb_linear(k) (Mpc/h)^3   ShotnoiseSubtracted = true
      0.0200456            4390         4450.13 
      0.0350414         2916.41         2953.54 
      0.0492313            1996         1989.29 
      0.0637834         1629.32         1594.46 
      0.0800726         1287.37         1267.66 
       0.096163         886.527         893.346 
       0.111083         670.408         674.518 
       0.126058         597.688         586.364 
       0.142273         522.503         508.479 
       0.158546         417.991         398.643 
        0.17375         327.392         320.177 
       0.188953          301.17         283.537 
       0.204907         282.512         256.305 
       0.220756         236.559         218.524 
        0.23588         201.848          184.25 
         0.2514         175.579         162.981 
       0.267535         164.254         148.802 
       0.283568         148.152         132.756 
       0.299022         133.902         116.457 
       0.314451         118.929         104.148 
       0.330372         110.114         95.3585 
       0.346141         99.3722         87.2561 
       0.361624         92.7143         78.9072 
       0.377134         86.3378         71.5695 
       0.392932         76.7364          65.777 
       0.408854         73.6597         60.7756 
       0.424564         69.7111         55.9568 
       0.440253         64.3338          51.462 
       0.455999         60.0417         47.6187 
       0.471626         55.7976         44.3402 
        0.48727         53.2755         41.3034 
       0.502856         50.2216          38.451 
       0.518488         47.8927         35.8692 
       0.534347         45.9225         33.5554 
       0.550082         41.8466         31.4669 
       0.565732         39.2774         29.5326 
       0.581496         38.1064         27.7319 
       0.597222         36.7119         26.1005 
       0.612804          34.332         24.6238 
       0.628434         33.1353         23.2505 
       0.644267         32.1028         21.9581 
       0.660051         30.5722         20.7661 
       0.675724         28.9593         19.6748 
       0.691403         28.0024         18.6631 
       0.707174         26.9855          17.716 
       0.722871         25.9463         16.8373 
        0.73838         24.9559         16.0266 
       0.754018         23.8427         15.2625 
       0.769845         23.1338         14.5391 
        0.78569         22.3655         13.8614 
       0.801365         21.4686          13.233 
       0.817031         20.8977         12.6437 
       0.832809         20.4307         12.0862 
       0.848511         19.1795         11.5647 
       0.864097         18.8292         11.0774 
       0.879701         18.2985         10.6177 
       0.895507         17.7867         10.1786 
       0.911279         17.1843         9.76508 
        0.92691         16.7591          9.3779 
       0.942635         16.0353         9.00951 
       0.958396         15.7441         8.66005 
       0.974128         15.2358         8.32969 
       0.989692         15.0225         8.01974 
        1.00528         14.6467         7.72504 
        1.02113         14.0176         7.44046 
        1.03692         13.6638          7.1712 
        1.05264         13.4646         6.91643 
        1.06832         13.0173         6.67435 
        1.08405         12.6737         6.44315 
        1.09979         12.3889          6.2227 
        1.11537         12.1439         6.01468 
        1.13105         11.9008         5.81488 
        1.14679         11.6917         5.62333 
        1.16256          11.219         5.43998 
        1.17828         11.1655         5.26536 
        1.19395         10.7664         5.09894 
         1.2097         10.6484         4.93883 
        1.22537         10.3593         4.78633 
          1.241         10.1526         4.64068 
        1.25666         9.90052          4.5007 
        1.27241         9.66062          4.3658 
        1.28819         9.46765         4.23617 
        1.30392         9.36371         4.11214 
        1.31957         9.19483         3.99361 
        1.33529         9.00792         3.87928 
        1.35108         8.79319         3.76896 
        1.36674         8.69777         3.66368 
         1.3824         8.45568          3.5625 
        1.39811         8.32663         3.46478 
        1.41389         8.18646         3.37033 
        1.42964         8.05251         3.27954 
        1.44531         7.94614         3.19251 
        1.46101         7.71512         3.10844 
        1.47667         7.63368         3.02763 
        1.49229         7.51844         2.94988 
        1.50793         7.38317         2.87476 
        1.52367         7.24771         2.80176 
        1.53953         7.13148         2.73078 
        1.55526         7.02651         2.66282 
        1.57092         6.89164         2.59743 
        1.58662         6.82869         2.53407 
        1.60235         6.69615         2.47268 
        1.61809          6.5954         2.41328 
        1.63369         6.49542         2.35635 
        1.64941         6.36999         2.30083 
        1.66519         6.32116         2.24689 
        1.68085           6.201         2.19505 
        1.69652         6.10488         2.14482 
        1.71228         6.01263         2.09587 
        1.72806         5.95377         2.04839 
        1.74368         5.83734         2.00285 
        1.75933         5.77781         1.95859 
        1.77505         5.69965         1.91546 
        1.79081          5.5937         1.87353 
         1.8065         5.55317         1.83304 
        1.82218         5.44236         1.79376 
        1.83797         5.39638         1.75536 
        1.85367         5.30524         1.71829 
        1.86928         5.28447          1.6825 
        1.88497         5.15447         1.64753 
        1.90073         5.12567         1.61342 
        1.91647         5.05677         1.58029 
        1.93218         5.00679         1.54816 
        1.94787         4.92278         1.51696 
        1.96363         4.86789          1.4865 
        1.97935         4.77549         1.45692 
        1.99499         4.71902         1.42832 
        2.01064         4.68174         1.40043 
         2.0264         4.63303          1.3731 
        2.04216         4.56873         1.34652 
        2.05781         4.49913          1.3208 
        2.07353         4.47596         1.29565 
        2.08928         4.41213          1.2711 
        2.10499         4.37865         1.24725 
        2.12065         4.30383         1.22407 
        2.13633         4.27904         1.20146 
        2.15211         4.21485         1.17927 
        2.16785         4.17052          1.1577 
        2.18349         4.12236          1.1368 
        2.19916         4.07041         1.11637 
        2.21489         4.02775         1.09637 
        2.23063          3.9846         1.07684 
         2.2463         3.94137         1.05787 
        2.26194         3.88827          1.0394 
        2.27765         3.86895         1.02127 
        2.29341         3.82429         1.00353 
        2.30914         3.76902        0.986237 
        2.32486         3.72574        0.969361 
        2.34061         3.69819        0.952849 
        2.35635         3.66678        0.936733 
        2.37203         3.63808        0.921042 
        2.38768         3.58073         0.90574 
        2.40339         3.55417        0.890728 
        2.41914         3.50529        0.876019 
        2.43483         3.49222        0.861691 
         2.4505         3.45295        0.847704 
        2.46622         3.41644        0.833978 
        2.48195         3.36907        0.820552 
        2.49759         3.35469        0.807491 
        2.51328         3.32002        0.794678 
        2.52906         3.29553        0.782059 
        2.54479         3.25052         0.76976 
        2.56049         3.23085        0.757746 
        2.57618          3.1952        0.745997 
        2.59189         3.15997        0.734478 
        2.60758          3.1485        0.723218 
        2.62325         3.10682        0.712205 
        2.63898         3.06959        0.701382 
        2.65468         3.04397        0.690805 
        2.67044         3.02074        0.680398 
        2.68618          3.0043        0.670228 
        2.70184          2.9651        0.660305 
        2.71755         2.94384        0.650556 
        2.73329         2.92226        0.640988 
        2.74897         2.90907        0.631641 
        2.76462         2.87597          0.6225 
        2.78034         2.83154        0.613501 
        2.79607          2.8156        0.604669 
        2.81179         2.79953        0.596019 
        2.82749         2.76176        0.587546 
        2.84321         2.75675        0.579228 
        2.85893         2.73143        0.571071 
        2.87462         2.70113        0.563084 
        2.89033          2.6881        0.555242 
        2.90605          2.6601         0.54754 
        2.92176          2.6299        0.539988 
        2.93747          2.6144         0.53258 
        2.95318         2.59163        0.525309 
        2.96891         2.58035        0.518169 
        2.98456         2.55704        0.511192 
        3.00023         2.52886        0.504333 
        3.01596         2.51062        0.497576 
        3.03164         2.50472        0.490962 
        3.04738         2.47747        0.484448 
         3.0631         2.45067        0.478053 
        3.07883         2.43602        0.471772 
        3.09456         2.42402        0.465604 
        3.11026         2.40078        0.459555 
        3.12596          2.3798        0.453613 
        3.14163         2.36101        0.447789 
        3.15734         2.34349        0.442053 
        3.17308         2.32869        0.436402 
        3.18879         2.31166        0.430865 
        3.20447         2.29973        0.425431 
         3.2202         2.26959        0.420073 
         3.2359         2.26374        0.414817 
        3.25157         2.24715        0.409661 
        3.26729         2.23381        0.404577 
        3.28304         2.21602        0.399569 
        3.29877         2.19966        0.394651 
        3.31446         2.18287        0.389826 
        3.33014         2.17176        0.385086 
        3.34585         2.15562        0.380416 
        3.36158         2.13704        0.375816 
        3.37727          2.1178        0.371305 
        3.39294         2.11274        0.366873 
        3.40867         2.09274        0.362496 
        3.42439         2.07944        0.358192 
        3.44008         2.06381        0.353966 
        3.45578         2.04898        0.349804 
        3.47153         2.03696        0.345699 
        3.48724         2.01955        0.341667 
        3.50292         2.01368        0.337708 
        3.51859         1.99892        0.333813 
        3.53431         1.98442        0.329967 
        3.55007          1.9707        0.326172 
        3.56577         1.95765         0.32245 
        3.58146         1.94979        0.318788 
        3.59719         1.93969        0.315174 
        3.61292         1.91727        0.311616 
        3.62859         1.90522        0.308127 
        3.64429         1.89109        0.304683 
        3.66003         1.88536        0.301281 
        3.67578         1.87439        0.297932 
        3.69146         1.85782        0.294646 
        3.70712          1.8529        0.291415 
        3.72284         1.83575         0.28822 
        3.73853         1.82463        0.285079 
        3.75422         1.81431        0.281982 
        3.76993         1.79664        0.278928 
        3.78564         1.79171        0.275921 
        3.80137         1.77831        0.272952 
        3.81707          1.7614        0.270033 
        3.83279         1.75531        0.267154 
        3.84853           1.744        0.264312 
        3.86424         1.73479        0.261516 
        3.87992           1.723        0.258765 
        3.89561         1.71488        0.256052 
        3.91134         1.70524        0.253373 
        3.92704         1.69446        0.250735 
        3.94273         1.68039        0.248136 
        3.95845         1.66849         0.24557 
        3.97418         1.65905        0.243039 
        3.98988         1.64792        0.240546 
        4.00554         1.63423        0.238095 
        4.02125         1.62513        0.235671 
        4.03698         1.61952        0.233276 
        4.05268         1.60497         0.23092 
        4.06839         1.59804        0.228595 
         4.0841         1.58901        0.226301 
        4.09983         1.57231        0.224036 
        4.11555         1.56624        0.221803 
        4.13124         1.55357        0.219605 
        4.14693         1.54293        0.217436 
        4.16266         1.53397         0.21529 
        4.17839         1.52694        0.213175 
        4.19408         1.51182        0.211092 
        4.20977         1.49964        0.209036 
        4.22551         1.49626        0.207002 
        4.24123         1.48631        0.204997 
        4.25691         1.47482        0.203024 
        4.27259         1.46909        0.201076 
        4.28831         1.46136         0.19915 
        4.30404         1.45093        0.197247 
        4.31974         1.44138        0.195372 
        4.33543         1.43235        0.193523 
        4.35116         1.42174        0.191692 
        4.36688         1.41874        0.189887 
        4.38255         1.41058         0.18811 
        4.39825         1.40079        0.186353 
        4.41398         1.39076        0.184614 
         4.4297         1.38118        0.182899 
        4.44541         1.37299        0.181206 
        4.46111         1.36712        0.179536 
        4.47683         1.35818        0.177885 
        4.49251         1.35551        0.176258 
        4.50819         1.34847        0.174652 
         4.5239         1.33842        0.173063 
        4.53962         1.33373        0.171492 
        4.55535         1.32541        0.169939 
        4.57106          1.3181        0.168408 
        4.58678         1.31191        0.166895 
         4.6025         1.30454          0.1654 
        4.61821         1.29528        0.163923 
        4.63391         1.29174        0.162467 
         4.6496         1.28375        0.161028 
        4.66532         1.27798        0.159604 
        4.68103         1.27475        0.158198 
        4.69673         1.26713        0.156811 
        4.71241         1.25965        0.155441 
        4.72811         1.25319        0.154085 
        4.74384          1.2492        0.152743 
        4.75955         1.24464        0.151419 
        4.77525          1.2375        0.150112 
        4.79096         1.23237        0.148818 
        4.80669         1.22588        0.147539 
         4.8224         1.22154        0.146276 
        4.83809         1.21392        0.145029 
        4.85379         1.21145        0.143796 
         4.8695         1.20467        0.142576 
        4.88521         1.19975         0.14137 
        4.90093         1.19516        0.140178 
        4.91663         1.18973        0.139001 
        4.93234          1.1829        0.137836 
        4.94807         1.18166        0.136683 
        4.96377         1.17548        0.135546 
        4.97943          1.1695        0.134423 
        4.99514          1.1641        0.133311 
        5.01086         1.15807         0.13221 
        5.02654         1.15501        0.131124 
        5.04227         1.15222        0.130047 
          5.058          1.1483        0.128982 
        5.07371         1.14195        0.127931 
        5.08942         1.13846        0.126891 
        5.10513         1.13502        0.125862 
        5.12084         1.12796        0.124844 
        5.13656         1.12325        0.123838 
        5.15225         1.12128        0.122844 
        5.16796         1.11835        0.121859 
        5.18369         1.11296        0.120884 
         5.1994         1.11055        0.119922 
        5.21509         1.10495        0.118971 
        5.23079         1.10232        0.118029 
        5.24649         1.09606        0.117097 
        5.26217         1.09406        0.116177 
        5.27788         1.08719        0.115264 
        5.29359         1.08787        0.114362 
        5.30933         1.08417        0.113467 
        5.32504         1.07973        0.112584 
        5.34073         1.07441        0.111711 
        5.35646         1.07231        0.110845 
        5.37218         1.06791        0.109989 
        5.38789         1.06768        0.109142 
        5.40357         1.06261        0.108306 
        5.41929         1.05907        0.107476 
        5.43502         1.05561        0.106655 
         5.4507         1.05074        0.105844 
        5.46639         1.04981        0.105041 
        5.48212         1.04704        0.104245 
        5.49786         1.04361        0.103456 
        5.51353         1.03938        0.102679 
        5.52921          1.0349        0.101909 
        5.54495          1.0316        0.101145 
        5.56066          1.0302         0.10039 
        5.57637         1.02717       0.0996416 
        5.59207         1.02342       0.0989019 
        5.60778         1.01956       0.0981694 
        5.62346         1.01835       0.0974452 
        5.63916         1.01576       0.0967276 
        5.65487         1.01484       0.0960168 
         5.6706         1.00934       0.0953122 
        5.68633         1.00894       0.0946144 
        5.70203         1.00334       0.0939249 
        5.71773         1.00302       0.0932424 
        5.73344        0.998085       0.0925662 
        5.74916        0.996789        0.091896 
        5.76486        0.993728       0.0912333 
        5.78054        0.991068       0.0905781 
        5.79626        0.988932       0.0899275 
          5.812        0.987567       0.0892825 
         5.8277        0.982135       0.0886457 
        5.84339        0.980747        0.088015 
        5.85911        0.977995       0.0873892 
        5.87484        0.977705       0.0867696 
        5.89053        0.976318       0.0861571 
        5.90623        0.973168       0.0855502 
        5.92195        0.969884        0.084948 
        5.93767        0.966594        0.084352 
        5.95336        0.964003       0.0837625 
        5.96905        0.962051       0.0831789 
        5.98476        0.957216       0.0825999 
        6.00048        0.957218       0.0820263 
        6.01617        0.953677       0.0814588 
        6.03185        0.952679       0.0808973 
        6.04756        0.949924       0.0803397 
        6.06331        0.948503       0.0797861 
        6.07903        0.946355       0.0792388 
        6.09473        0.946013       0.0786972 
        6.11044        0.942363         0.07816 
        6.12616        0.939193        0.077628 
        6.14186        0.937315       0.0771013 
        6.15755        0.935556       0.0765796 
        6.17326        0.932664       0.0760622 
        6.18898        0.932676       0.0755493 
        6.20467        0.929883        0.075042 
        6.22036        0.928191       0.0745393 
         6.2361        0.923985       0.0740399 
         6.2518        0.923466       0.0735458 
        6.26748        0.919402       0.0730573 
        6.28319        0.917395       0.0725718 
        6.29893        0.917357       0.0720903 
        6.31463        0.916412       0.0716139 
        6.33033        0.914409       0.0711419 
        6.34604        0.911008       0.0706738 
        6.36177        0.909584       0.0702095 
        6.37747        0.908696       0.0697501 
        6.39316        0.906083       0.0692951 
        6.40888        0.903091       0.0688432 
         6.4246        0.903054       0.0683953 
        6.44031        0.898838       0.0679516 
        6.45601        0.898777       0.0675123 
        6.47172        0.896609       0.0670763 
        6.48744        0.893742        0.066644 
        6.50313        0.893618       0.0662163 
        6.51882        0.890655       0.0657924 
        6.53452        0.887862       0.0653717 
        6.55025        0.888323        0.064954 
        6.56597        0.886375       0.0645404 
        6.58166        0.884524       0.0641309 
        6.59736        0.881642       0.0637247 
        6.61307         0.88204       0.0633216 
         6.6288         0.88117       0.0629218 
         6.6445        0.877602       0.0625259 
         6.6602        0.876072       0.0621334 
        6.67592        0.874873       0.0617439 
        6.69164        0.873932       0.0613578 
        6.70735        0.871171        0.060975 
        6.72304        0.869604       0.0605959 
        6.73874        0.869106       0.0602199 
        6.75446        0.865666       0.0598466 
        6.77016        0.866361       0.0594769 
        6.78585        0.864098       0.0591104 
        6.80156        0.861703       0.0587468 
        6.81729        0.860372       0.0583856 
        6.83301        0.858848       0.0580274 
         6.8487         0.85813       0.0576731 
         6.8644        0.856761       0.0573215 
        6.88012        0.853012       0.0569724 
        6.89583        0.852921       0.0566265 
        6.91151        0.851628        0.056284 
        6.92723        0.849923       0.0559434 
        6.94296        0.848934       0.0556054 
        6.95866         0.84629       0.0552709 
        6.97436         0.84485        0.054939 
        6.99007         0.84299       0.0546097 
        7.00578        0.843564       0.0542831 
        7.02147         0.84066       0.0539595 
        7.03718        0.839858       0.0536382 
         7.0529        0.838461       0.0533192 
        7.06863        0.835698       0.0530026 
        7.08433        0.834433        0.052689 
        7.10004        0.833602        0.052378 
        7.11575         0.83308       0.0520694 
        7.13145        0.831093       0.0517634 
        7.14715        0.828256       0.0514599 
        7.16284        0.829193       0.0511591 
        7.17855        0.826803         0.05086 
        7.19428        0.825341       0.0505631 
        7.20998         0.82392       0.0502691 
        7.22568        0.824396       0.0499774 
        7.24139        0.818801       0.0496878 
        7.25711        0.819589       0.0494005 
        7.27282        0.819752       0.0491154 
        7.28852        0.816835       0.0488329 
        7.30423        0.815498       0.0485522 
        7.31995        0.815359       0.0482738 
        7.33565        0.813535       0.0479976 
        7.35135        0.812415       0.0477237 
        7.36706        0.811111       0.0474519 
        7.38277        0.811451       0.0471819 
        7.39847        0.808368       0.0469142 
        7.41419        0.808281       0.0466485 
         7.4299        0.805889       0.0463848 
        7.44561        0.804703       0.0461231 
        7.46132        0.804286       0.0458635 
        7.47701        0.802729       0.0456062 
        7.49272        0.800607       0.0453505 
        7.50842        0.799072       0.0450969 
         7.5241        0.799786       0.0448456 
        7.53981        0.796366       0.0445957 
        7.55552        0.798332       0.0443477 
        7.57125         0.79606       0.0441012 
        7.58698        0.794333       0.0438566 
        7.60268        0.792769       0.0436144 
         7.6184        0.791401       0.0433736 
        7.63411        0.790572       0.0431348 
        7.64981         0.79095       0.0428979 
        7.66552        0.788264       0.0426627 
        7.68123        0.787174       0.0424292 
        7.69695        0.787523       0.0421972 
        7.71264         0.78626       0.0419674 
        7.72834        0.784539       0.0417392 
        7.74407         0.78368       0.0415123 
        7.75978        0.783952       0.0412872 
        7.77546        0.782359       0.0410643 
        7.79116        0.779757       0.0408427 
         7.8069        0.779112       0.0406223 
         7.8226        0.779432       0.0404039 
        7.83828        0.777947       0.0401874 
        7.85399        0.776351       0.0399722 
        7.86972        0.775809       0.0397582 
        7.88543        0.774767        0.039546 
        7.90111        0.774525       0.0393358 
        7.91681        0.772927       0.0391268 
        7.93255        0.771092       0.0389188 
        7.94828        0.770645       0.0387125 
        7.96397        0.770069        0.038508 
        7.97967        0.767907        0.038305 
        7.99538        0.767016       0.0381033 
         8.0111        0.766317       0.0379029 
         8.0268        0.765175       0.0377042 
        8.04248        0.764565       0.0375071 
         8.0582        0.763619        0.037311 
        8.07393        0.764022       0.0371161 
        8.08963        0.762577        0.036923 
        8.10533        0.761676       0.0367312 
        8.12104        0.761082       0.0365407 
        8.13675        0.760345       0.0363515 
        8.15245        0.759481       0.0361637 
        8.16815        0.758994       0.0359773 
        8.18387        0.757203        0.035792 
        8.19959        0.756913       0.0356079 
         8.2153        0.756457       0.0354252 
        8.23101        0.755759       0.0352439 
        8.24672        0.756143       0.0350637 
        8.26241        0.754584       0.0348851 
         8.2781        0.752709       0.0347077 
        8.29381        0.752158       0.0345313 
        8.30952        0.753346       0.0343561 
        8.32524        0.751773       0.0341819 
        8.34095        0.752096       0.0340091 
        8.35666        0.749943       0.0338376 
        8.37237        0.750068       0.0336671 
        8.38808        0.748448       0.0334978 
        8.40379        0.749304       0.0333297 
         8.4195        0.749279       0.0331628 
         8.4352        0.747017        0.032997 
        8.45091        0.746703       0.0328324 
        8.46662        0.744679       0.0326688 
        8.48232        0.745576       0.0325064 
        8.49802         0.74507       0.0323451 
        8.51374        0.743423       0.0321847 
        8.52945        0.743291       0.0320255 
        8.54515        0.742941       0.0318674 
        8.56086        0.742435       0.0317103 
        8.57658         0.74134       0.0315542 
        8.59228        0.742076       0.0313993 
        8.60799        0.740402       0.0312453 
        8.62371        0.739927       0.0310923 
        8.63942        0.738829       0.0309404 
        8.65512        0.739522       0.0307895 
        8.67082        0.737335       0.0306397 
        8.68653        0.736426       0.0304907 
        8.70224        0.736562       0.0303428 
        8.71795        0.735533       0.0301958 
        8.73365        0.735741       0.0300499 
        8.74936        0.735312       0.0299048 
        8.76506        0.735519       0.0297609 
        8.78076        0.736248       0.0296178 
        8.79646         0.73445       0.0294756 
        8.81218        0.734728       0.0293343 
        8.82791         0.73383       0.0291937 
         8.8436        0.732607       0.0290544 
         8.8593        0.731978       0.0289159 
        8.87503        0.730853       0.0287781 
        8.89076        0.731158       0.0286411 
        8.90644         0.73158       0.0285055 
        8.92214        0.729899       0.0283706 
        8.93786        0.729764       0.0282363 
        8.95357        0.728299        0.028103 
        8.96928        0.729059       0.0279706 
        8.98498         0.72875       0.0278391 
        9.00069        0.728015       0.0277084 
        9.01639        0.727586       0.0275784 
        9.03208        0.727117       0.0274495 
        9.04778        0.726912       0.0273213 
        9.06351        0.725575       0.0271937 
        9.07923        0.726712        0.027067 
        9.09493        0.725086       0.0269412 
        9.11062        0.725188       0.0268163 
        9.12635        0.725284       0.0266919 
        9.14207        0.723654       0.0265684 
        9.15777        0.724781       0.0264457 
        9.17346        0.723731       0.0263239 
        9.18917        0.722903       0.0262027 
         9.2049        0.722959       0.0260822 
        9.22061         0.72248       0.0259625 
        9.23631        0.721643       0.0258436 
        9.25201        0.721805       0.0257255 
        9.26773        0.721256        0.025608 
        9.28343        0.721629       0.0254913 
        9.29913        0.721402       0.0253754 
        9.31484        0.720849       0.0252601 
        9.33057        0.719882       0.0251454 
        9.34627        0.719662       0.0250315 
        9.36197        0.719595       0.0249184 
        9.37768        0.718647       0.0248059 
        9.39338        0.720048       0.0246942 
        9.40909         0.71944       0.0245831 
        9.42479        0.718131       0.0244727 
         9.4405        0.718347        0.024363 
        9.45621        0.717673       0.0242539 
        9.47193        0.717674       0.0241455 
        9.48763        0.717131       0.0240378 
        9.50334        0.717534       0.0239307 
        9.51906        0.717132       0.0238243 
        9.53476        0.716674       0.0237185 
        9.55045        0.716285       0.0236135 
        9.56616        0.715629        0.023509 
        9.58188        0.716027       0.0234049 
        9.59759        0.715549       0.0233016 
         9.6133         0.71523       0.0231989 
        9.62901        0.715633       0.0230967 
        9.64471         0.71528       0.0229952 
        9.66041        0.714809       0.0228943 
        9.67612        0.713583       0.0227938 
        9.69184        0.714203       0.0226939 
        9.70754        0.714463       0.0225948 
        9.72324        0.713562       0.0224962 
        9.73895        0.714105       0.0223983 
        9.75467        0.713441       0.0223009 
        9.77038        0.713709       0.0222042 
        9.78607        0.712832       0.0221083 
        9.80177        0.712974        0.022013 
        9.81749          0.7122       0.0219183 
         9.8332        0.713151       0.0218243 
         9.8489        0.713184        0.021731 
        9.86463        0.712882       0.0216381 
        9.88035        0.712323       0.0215458 
        9.89606        0.712714        0.021454 
        9.91175        0.713084       0.0213627 
        9.92745         0.71257       0.0212717 
        9.94317        0.712237       0.0211809 
        9.95888        0.712075       0.0210903 
        9.97458        0.712622       0.0209999 
        9.99029        0.712086       0.0209095 
         10.006         0.71147       0.0208538 
        10.0217        0.712322       0.0208538 
        10.0374        0.711949       0.0208538 
        10.0531        0.711041       0.0208538 
        10.0688        0.710782       0.0208538 
        10.0845        0.711504       0.0208538 
        10.1002        0.711142       0.0208538 
        10.1159        0.711024       0.0208538 
        10.1317        0.711617       0.0208538 
        10.1474         0.71136       0.0208538 
        10.1631        0.711148       0.0208538 
        10.1788        0.710682       0.0208538 
        10.1945        0.711015       0.0208538 
        10.2102        0.711094       0.0208538 
        10.2259        0.711654       0.0208538 
        10.2416        0.711156       0.0208538 
        10.2573        0.710795       0.0208538 
         10.273         0.71125       0.0208538 
        10.2887        0.711423       0.0208538 
        10.3044        0.711578       0.0208538 
        10.3201        0.711594       0.0208538 
        10.3359        0.710988       0.0208538 
        10.3516        0.711038       0.0208538 
        10.3673        0.711755       0.0208538 
         10.383        0.711562       0.0208538 
        10.3987        0.711651       0.0208538 
        10.4144        0.712061       0.0208538 
        10.4301        0.712563       0.0208538 
        10.4458        0.711991       0.0208538 
        10.4615        0.713023       0.0208538 
        10.4772         0.71247       0.0208538 
        10.4929        0.712639       0.0208538 
        10.5086        0.712788       0.0208538 
        10.5244        0.712579       0.0208538 
        10.5401        0.713602       0.0208538 
        10.5558        0.713153       0.0208538 
        10.5715        0.712855       0.0208538 
        10.5872        0.713385       0.0208538 
        10.6029        0.713979       0.0208538 
        10.6186        0.714314       0.0208538 
        10.6343        0.713187       0.0208538 
          10.65        0.715593       0.0208538 
        10.6657        0.713964       0.0208538 
        10.6814        0.714522       0.0208538 
        10.6971        0.715278       0.0208538 
        10.7129        0.714565       0.0208538 
        10.7286        0.715857       0.0208538 
        10.7443        0.715438       0.0208538 
          10.76        0.715713       0.0208538 
        10.7757        0.715756       0.0208538 
        10.7914        0.717286       0.0208538 
        10.8071        0.716004       0.0208538 
        10.8228        0.716705       0.0208538 
        10.8385        0.717601       0.0208538 
        10.8542        0.717284       0.0208538 
        10.8699        0.717941       0.0208538 
        10.8856        0.718213       0.0208538 
        10.9014        0.718463       0.0208538 
        10.9171         0.71975       0.0208538 
        10.9328        0.719516       0.0208538 
        10.9485        0.720292       0.0208538 
        10.9642        0.720423       0.0208538 
        10.9799        0.720503       0.0208538 
        10.9956        0.721046       0.0208538 
        11.0113        0.720995       0.0208538 
         11.027         0.72133       0.0208538 
        11.0427        0.722477       0.0208538 
        11.0584        0.722654       0.0208538 
        11.0741        0.724062       0.0208538 
        11.0898        0.723136       0.0208538 
        11.1055        0.724392       0.0208538 
        11.1212        0.724985       0.0208538 
         11.137        0.724912       0.0208538 
        11.1527        0.725221       0.0208538 
        11.1684        0.726266       0.0208538 
        11.1841        0.726734       0.0208538 
        11.1998        0.727454       0.0208538 
        11.2155        0.728297       0.0208538 
        11.2312        0.728403       0.0208538 
        11.2469        0.729302       0.0208538 
        11.2626        0.730279       0.0208538 
        11.2783        0.730048       0.0208538 
         11.294        0.731225       0.0208538 
        11.3097        0.731042       0.0208538 
        11.3254        0.732432       0.0208538 
        11.3412        0.733011       0.0208538 
        11.3569        0.734119       0.0208538 
        11.3726        0.734173       0.0208538 
        11.3883        0.734636       0.0208538 
         11.404         0.73589       0.0208538 
        11.4197        0.737123       0.0208538 
        11.4354        0.736957       0.0208538 
        11.4511        0.738193       0.0208538 
        11.4668        0.737947       0.0208538 
        11.4825        0.739539       0.0208538 
        11.4982        0.740169       0.0208538 
         11.514        0.741009       0.0208538 
        11.5297        0.742037       0.0208538 
        11.5454        0.743153       0.0208538 
        11.5611        0.743088       0.0208538 
        11.5768        0.744595       0.0208538 
        11.5925        0.745106       0.0208538 
        11.6082        0.746155       0.0208538 
        11.6239        0.746972       0.0208538 
        11.6396        0.748257       0.0208538 
        11.6553        0.748923       0.0208538 
         11.671        0.750065       0.0208538 
        11.6867        0.751158       0.0208538 
        11.7024        0.751848       0.0208538 
        11.7182        0.753516       0.0208538 
        11.7339        0.754342       0.0208538 
        11.7496        0.755066       0.0208538 
        11.7653        0.756234       0.0208538 
         11.781         0.75841       0.0208538 
        11.7967        0.760019       0.0208538 
        11.8124        0.760479       0.0208538 
        11.8281        0.760098       0.0208538 
        11.8438        0.762031       0.0208538 
        11.8595         0.76287       0.0208538 
        11.8752        0.764854       0.0208538 
         11.891        0.764855       0.0208538 
        11.9067        0.766925       0.0208538 
        11.9224        0.767729       0.0208538 
        11.9381        0.769374       0.0208538 
        11.9538        0.770389       0.0208538 
        11.9695        0.772844       0.0208538 
        11.9852         0.77399       0.0208538 
        12.0009        0.774435       0.0208538 
        12.0166        0.775834       0.0208538 
        12.0323        0.777426       0.0208538 
         12.048        0.778675       0.0208538 
        12.0637        0.780217       0.0208538 
