# k  (h/Mpc)    Pcb(k)  (Mpc/h)^3    Pcb_linear(k) (Mpc/h)^3   ShotnoiseSubtracted = true
      0.0200456         369.637         374.349 
      0.0350414         244.767         241.488 
      0.0492313         166.887         165.935 
      0.0637834         137.581         138.557 
      0.0800726          105.95         106.802 
       0.096163         74.1509         73.0584 
       0.111083          59.018         58.1256 
       0.126058         52.3759         52.7065 
       0.142273         43.2055         43.4857 
       0.158546          33.259         33.0358 
        0.17375         28.4174         28.1216 
       0.188953         25.9007         25.8927 
       0.204907           22.18         22.4806 
       0.220756         18.6367         18.5501 
        0.23588         16.2987         16.2447 
         0.2514         14.9448         14.9346 
       0.267535         13.4126         13.3645 
       0.283568         11.6627         11.6015 
       0.299022         10.4289         10.3593 
       0.314451         9.69167         9.53779 
       0.330372         8.76913         8.70108 
       0.346141         7.89463         7.82142 
       0.361624         7.15658         7.10447 
       0.377134          6.5831         6.56093 
       0.392932         6.19871         6.05785 
       0.408854         5.59227         5.55283 
       0.424564         5.22732         5.10958 
       0.440253         4.80488          4.7431 
       0.455999         4.42808         4.41522 
       0.471626         4.12233         4.10504 
        0.48727         3.89552         3.82037 
       0.502856         3.64963         3.57197 
       0.518488         3.36605         3.34785 
       0.534347         3.13739         3.13643 
       0.550082          2.9868         2.94201 
       0.565732         2.83776         2.76724 
       0.581496         2.65162         2.60687 
       0.597222         2.49733         2.45899 
       0.612804         2.35127         2.32264 
       0.628434         2.23196         2.19667 
       0.644267         2.12042         2.07922 
       0.660051         2.00913         1.97069 
       0.675724         1.89327         1.87052 
       0.691403           1.804         1.77722 
       0.707174          1.7138         1.68977 
       0.722871         1.66078         1.60855 
        0.73838          1.5521         1.53354 
       0.754018         1.48022         1.46276 
       0.769845         1.40099         1.39568 
        0.78569          1.3547         1.33276 
       0.801365         1.29744         1.27436 
       0.817031         1.24411         1.21952 
       0.832809         1.18111         1.16757 
       0.848511         1.13671          1.1189 
       0.864097         1.09486         1.07336 
       0.879701         1.05765         1.03032 
       0.895507         1.00165        0.989145 
       0.911279        0.969394        0.950319 
        0.92691        0.939419        0.913908 
       0.942635        0.890545        0.879215 
       0.958396        0.861622        0.846257 
       0.974128        0.831103        0.815057 
       0.989692         0.79933        0.785745 
        1.00528        0.767559        0.757839 
        1.02113        0.747674        0.730856 
        1.03692        0.724936        0.705294 
        1.05264        0.692161        0.681077 
        1.06832        0.671449        0.658041 
        1.08405        0.644331        0.636014 
        1.09979        0.627058        0.614988 
        1.11537        0.602869        0.595124 
        1.13105        0.580019        0.576024 
        1.14679        0.566558        0.557692 
        1.16256        0.549263        0.540126 
        1.17828        0.533602        0.523377 
        1.19395        0.516323        0.507399 
         1.2097        0.498797         0.49201 
        1.22537        0.481797        0.477336 
          1.241        0.468862        0.463307 
        1.25666        0.458211         0.44981 
        1.27241        0.442653        0.436789 
        1.28819        0.427852        0.424264 
        1.30392        0.417714        0.412269 
        1.31957        0.405296        0.400792 
        1.33529        0.393921        0.389713 
        1.35108        0.382199         0.37901 
        1.36674        0.371795        0.368787 
         1.3824         0.36366        0.358952 
        1.39811        0.351294        0.349444 
        1.41389        0.343658        0.340246 
        1.42964        0.334313        0.331395 
        1.44531        0.324497        0.322904 
        1.46101        0.315083        0.314693 
        1.47667        0.308272        0.306793 
        1.49229        0.299513        0.299187 
        1.50793        0.293133        0.291831 
        1.52367        0.284361        0.284675 
        1.53953        0.276787        0.277713 
        1.55526        0.270801        0.271039 
        1.57092        0.266266        0.264614 
        1.58662        0.259503        0.258381 
        1.60235        0.252775        0.252339 
        1.61809        0.245363        0.246487 
        1.63369        0.239241        0.240873 
        1.64941        0.234724        0.235395 
        1.66519        0.229867        0.230067 
        1.68085        0.223174        0.224943 
        1.69652        0.218624        0.219974 
        1.71228        0.212928        0.215128 
        1.72806        0.209214        0.210424 
        1.74368        0.203998        0.205908 
        1.75933        0.199997        0.201516 
        1.77505        0.195952        0.197232 
        1.79081         0.19024        0.193066 
         1.8065        0.187455        0.189038 
        1.82218        0.182164        0.185128 
        1.83797        0.177386        0.181303 
        1.85367        0.174981        0.177607 
        1.86928          0.1705        0.174037 
        1.88497        0.166731        0.170546 
        1.90073        0.163623        0.167138 
        1.91647        0.160638        0.163826 
        1.93218        0.158026        0.160612 
        1.94787        0.153431        0.157488 
        1.96363        0.150824        0.154436 
        1.97935        0.147524         0.15147 
        1.99499        0.144498          0.1486 
        2.01064        0.141776          0.1458 
         2.0264        0.139338        0.143055 
        2.04216         0.13572        0.140382 
        2.05781        0.133281        0.137794 
        2.07353        0.130935        0.135263 
        2.08928        0.128847        0.132789 
        2.10499        0.125622        0.130385 
        2.12065        0.123613        0.128047 
        2.13633        0.121146        0.125764 
        2.15211         0.11921        0.123523 
        2.16785        0.116508        0.121343 
        2.18349        0.114512        0.119229 
        2.19916        0.111873        0.117161 
        2.21489        0.109736        0.115135 
        2.23063        0.108202        0.113157 
         2.2463        0.106239        0.111233 
        2.26194        0.104302        0.109359 
        2.27765        0.102361        0.107519 
        2.29341        0.100298        0.105716 
        2.30914       0.0984398        0.103959 
        2.32486       0.0967999        0.102243 
        2.34061       0.0950669        0.100562 
        2.35635       0.0935007       0.0989211 
        2.37203       0.0924361       0.0973224 
        2.38768       0.0905566       0.0957624 
        2.40339       0.0887836        0.094231 
        2.41914       0.0873758       0.0927295 
        2.43483       0.0859139       0.0912662 
         2.4505       0.0842262        0.089837 
        2.46622       0.0829032       0.0884335 
        2.48195        0.081488       0.0870599 
        2.49759       0.0802779       0.0857229 
        2.51328       0.0782429       0.0844106 
        2.52906       0.0775157       0.0831175 
        2.54479       0.0762101       0.0818563 
        2.56049       0.0747478       0.0806238 
        2.57618       0.0739025       0.0794178 
        2.59189       0.0723039       0.0782347 
        2.60758       0.0714964       0.0770775 
        2.62325       0.0700526       0.0759453 
        2.63898       0.0692675       0.0748318 
        2.65468       0.0678529       0.0737431 
        2.67044       0.0668078       0.0726714 
        2.68618       0.0657229       0.0716235 
        2.70184       0.0650047       0.0706005 
        2.71755       0.0637977       0.0695949 
        2.73329       0.0628703       0.0686074 
        2.74897       0.0618989       0.0676423 
        2.76462       0.0607611        0.066698 
        2.78034       0.0599926       0.0657678 
        2.79607       0.0591952       0.0648544 
        2.81179       0.0579998       0.0639594 
        2.82749       0.0573392       0.0630824 
        2.84321       0.0564888       0.0622208 
        2.85893       0.0554179       0.0613756 
        2.87462       0.0549443       0.0605475 
        2.89033       0.0539101        0.059734 
        2.90605       0.0532181       0.0589348 
        2.92176       0.0525614       0.0581506 
        2.93747       0.0515859       0.0573811 
        2.95318        0.051125       0.0566254 
        2.96891       0.0503095        0.055883 
        2.98456       0.0496073       0.0551572 
        3.00023       0.0489582       0.0544432 
        3.01596        0.048082       0.0537397 
        3.03164       0.0474294       0.0530506 
        3.04738       0.0468109       0.0523716 
         3.0631       0.0459633       0.0517048 
        3.07883       0.0454573       0.0510495 
        3.09456       0.0449825       0.0504057 
        3.11026       0.0442379        0.049774 
        3.12596       0.0438843       0.0491533 
        3.14163       0.0431758       0.0485445 
        3.15734       0.0426982       0.0479447 
        3.17308       0.0420823       0.0473535 
        3.18879       0.0415015        0.046774 
        3.20447       0.0408571        0.046205 
         3.2202       0.0404496       0.0456437 
         3.2359       0.0400034       0.0450928 
        3.25157       0.0394064       0.0445523 
        3.26729       0.0389211        0.044019 
        3.28304       0.0385792       0.0434934 
        3.29877       0.0379884       0.0429771 
        3.31446        0.037401       0.0424703 
        3.33014        0.037205       0.0419721 
        3.34585       0.0365772       0.0414812 
        3.36158        0.036147       0.0409973 
        3.37727       0.0356334       0.0405228 
        3.39294       0.0353476       0.0400562 
        3.40867       0.0349595       0.0395952 
        3.42439       0.0345176       0.0391418 
        3.44008       0.0342014       0.0386964 
        3.45578       0.0339054       0.0382575 
        3.47153       0.0334878       0.0378246 
        3.48724       0.0330411       0.0373991 
        3.50292       0.0328196       0.0369811 
        3.51859       0.0323653       0.0365697 
        3.53431       0.0320194       0.0361633 
        3.55007        0.031683       0.0357621 
        3.56577        0.031436       0.0353686 
        3.58146        0.031016       0.0349812 
        3.59719       0.0306968       0.0345987 
        3.61292       0.0302856        0.034222 
        3.62859         0.03005       0.0338524 
        3.64429       0.0298163       0.0334875 
        3.66003       0.0295783       0.0331269 
        3.67578       0.0292722       0.0327718 
        3.69146       0.0290076       0.0324232 
        3.70712       0.0287196       0.0320803 
        3.72284       0.0283491       0.0317411 
        3.73853       0.0282343       0.0314074 
        3.75422       0.0278045       0.0310784 
        3.76993       0.0276338       0.0307538 
        3.78564       0.0274053        0.030434 
        3.80137       0.0271918       0.0301182 
        3.81707       0.0268339       0.0298075 
        3.83279       0.0266751        0.029501 
        3.84853       0.0264474       0.0291984 
        3.86424       0.0262696       0.0289005 
        3.87992       0.0260704       0.0286073 
        3.89561       0.0256798       0.0283181 
        3.91134        0.025546       0.0280323 
        3.92704       0.0252607       0.0277508 
        3.94273       0.0250472       0.0274735 
        3.95845       0.0248413       0.0271994 
        3.97418       0.0246181        0.026929 
        3.98988       0.0242633       0.0266627 
        4.00554       0.0241204       0.0264007 
        4.02125       0.0238557       0.0261415 
        4.03698       0.0234842       0.0258853 
        4.05268       0.0232809       0.0256332 
        4.06839       0.0228967       0.0253842 
         4.0841         0.02259       0.0251387 
        4.09983       0.0222479        0.024896 
        4.11555       0.0219739       0.0246566 
        4.13124       0.0216243       0.0244211 
        4.14693        0.021358       0.0241884 
        4.16266       0.0210807       0.0239582 
        4.17839       0.0208453       0.0237312 
        4.19408       0.0205629       0.0235076 
        4.20977       0.0203078       0.0232868 
        4.22551       0.0201121       0.0230683 
        4.24123       0.0198572       0.0228529 
        4.25691       0.0196681       0.0226408 
        4.27259       0.0194725       0.0224313 
        4.28831         0.01932        0.022224 
        4.30404       0.0190686       0.0220192 
        4.31974       0.0189044       0.0218174 
        4.33543       0.0187288       0.0216182 
        4.35116       0.0185683       0.0214211 
        4.36688       0.0185005       0.0212265 
        4.38255       0.0182842        0.021035 
        4.39825       0.0182485       0.0208455 
        4.41398       0.0180898       0.0206579 
         4.4297        0.017995       0.0204729 
        4.44541       0.0178649       0.0202901 
        4.46111       0.0177842       0.0201098 
        4.47683       0.0177449       0.0199315 
        4.49251       0.0176799       0.0197557 
        4.50819       0.0175998       0.0195821 
         4.5239       0.0175154       0.0194103 
        4.53962       0.0174968       0.0192403 
        4.55535       0.0174662       0.0190724 
        4.57106       0.0174572       0.0189066 
        4.58678         0.01737       0.0187428 
         4.6025       0.0173296        0.018581 
        4.61821       0.0174378        0.018421 
        4.63391       0.0173683       0.0182632 
         4.6496       0.0173356       0.0181072 
        4.66532       0.0173711       0.0179529 
        4.68103       0.0175048       0.0178004 
        4.69673       0.0174664       0.0176498 
        4.71241       0.0174941       0.0175011 
        4.72811       0.0174784       0.0173539 
        4.74384       0.0175851       0.0172082 
        4.75955       0.0176626       0.0170644 
        4.77525       0.0177831       0.0169223 
        4.79096       0.0178313       0.0167817 
        4.80669       0.0179605       0.0166426 
         4.8224       0.0180306       0.0165052 
        4.83809       0.0181116       0.0163695 
        4.85379       0.0183293       0.0162353 
         4.8695       0.0183981       0.0161024 
        4.88521       0.0185482       0.0159711 
        4.90093       0.0186615       0.0158413 
        4.91663       0.0187752        0.015713 
        4.93234        0.018957        0.015586 
        4.94807       0.0191335       0.0154603 
        4.96377       0.0193128       0.0153363 
        4.97943       0.0195779       0.0152139 
        4.99514       0.0196401       0.0150924 
        5.01086       0.0199313       0.0149723 
        5.02654       0.0201274       0.0148537 
        5.04227       0.0203124       0.0147361 
          5.058       0.0205318       0.0146197 
        5.07371       0.0207563       0.0145048 
        5.08942       0.0210667        0.014391 
        5.10513       0.0213026       0.0142786 
        5.12084        0.021601       0.0141672 
        5.13656       0.0219289       0.0140571 
        5.15225       0.0221741       0.0139483 
        5.16796       0.0224516       0.0138405 
        5.18369       0.0228527       0.0137337 
         5.1994       0.0231036       0.0136283 
        5.21509       0.0235533       0.0135241 
        5.23079       0.0238008       0.0134208 
        5.24649       0.0242763       0.0133187 
        5.26217       0.0245195       0.0132177 
        5.27788       0.0250036       0.0131177 
        5.29359       0.0253857       0.0130186 
        5.30933       0.0257776       0.0129205 
        5.32504       0.0261983       0.0128235 
        5.34073       0.0266733       0.0127276 
        5.35646        0.027088       0.0126325 
        5.37218       0.0275284       0.0125383 
        5.38789       0.0280245       0.0124453 
        5.40357        0.028583       0.0123533 
        5.41929        0.029247       0.0122621 
        5.43502       0.0296709       0.0121717 
         5.4507       0.0302144       0.0120825 
        5.46639        0.030782       0.0119942 
        5.48212       0.0312488       0.0119065 
        5.49786       0.0319419       0.0118196 
        5.51353       0.0327997        0.011734 
        5.52921       0.0330588       0.0116492 
        5.54495       0.0339422        0.011565 
        5.56066       0.0346451       0.0114817 
        5.57637       0.0354615       0.0113992 
        5.59207       0.0360482       0.0113176 
        5.60778       0.0366299       0.0112368 
        5.62346        0.037545       0.0111568 
        5.63916       0.0383768       0.0110776 
        5.65487       0.0390153       0.0109991 
         5.6706       0.0397396       0.0109213 
        5.68633       0.0406056       0.0108442 
        5.70203       0.0415035        0.010768 
        5.71773       0.0427019       0.0106926 
        5.73344       0.0435015       0.0106178 
        5.74916       0.0445998       0.0105437 
        5.76486       0.0455301       0.0104704 
        5.78054        0.046985       0.0103979 
        5.79626        0.047456       0.0103259 
          5.812       0.0488451       0.0102544 
         5.8277       0.0498344       0.0101839 
        5.84339       0.0509984       0.0101141 
        5.85911       0.0521558       0.0100447 
        5.87484       0.0532201      0.00997606 
        5.89053       0.0548243      0.00990816 
        5.90623       0.0559852      0.00984087 
        5.92195       0.0573312      0.00977408 
        5.93767       0.0591481      0.00970796 
        5.95336        0.059659      0.00964255 
        5.96905       0.0615811      0.00957777 
        5.98476       0.0626891      0.00951349 
        6.00048       0.0643254      0.00944979 
        6.01617       0.0663283      0.00938675 
        6.03185       0.0676022      0.00932437 
        6.04756       0.0694647       0.0092624 
        6.06331       0.0715254      0.00920086 
        6.07903        0.072991      0.00914002 
        6.09473       0.0744862      0.00907977 
        6.11044         0.07676      0.00902002 
        6.12616        0.078459      0.00896082 
        6.14186       0.0805822      0.00890221 
        6.15755       0.0825808      0.00884412 
        6.17326       0.0848432      0.00878651 
        6.18898       0.0874274      0.00872939 
        6.20467       0.0892004      0.00867287 
        6.22036       0.0926767      0.00861686 
         6.2361       0.0942018       0.0085612 
         6.2518       0.0966779      0.00850612 
        6.26748       0.0980442      0.00845164 
        6.28319        0.101551      0.00839749 
        6.29893        0.104182      0.00834377 
        6.31463        0.107118      0.00829061 
        6.33033        0.109641      0.00823793 
        6.34604        0.113163      0.00818567 
        6.36177        0.115449      0.00813381 
        6.37747        0.118339       0.0080825 
        6.39316        0.121505      0.00803167 
        6.40888        0.126127      0.00798117 
         6.4246        0.129237       0.0079311 
        6.44031        0.131796       0.0078815 
        6.45601        0.136127      0.00783237 
        6.47172        0.138897      0.00778361 
        6.48744        0.143685      0.00773524 
        6.50313        0.146547      0.00768737 
        6.51882        0.151885      0.00763992 
        6.53452        0.156419      0.00759283 
        6.55025        0.160464      0.00754605 
        6.56597        0.163616      0.00749973 
        6.58166        0.167297      0.00745385 
        6.59736        0.173382      0.00740833 
        6.61307        0.179518      0.00736315 
         6.6288        0.181524      0.00731833 
         6.6445        0.188493      0.00727393 
         6.6602        0.192231      0.00722991 
        6.67592        0.196831      0.00718621 
        6.69164        0.204343      0.00714288 
        6.70735          0.2089      0.00709992 
        6.72304        0.216295      0.00705737 
        6.73874        0.221528      0.00701515 
        6.75446        0.227943      0.00697322 
        6.77016        0.232687       0.0069317 
        6.78585        0.239521      0.00689051 
        6.80156        0.248044      0.00684964 
        6.81729        0.252234      0.00680904 
        6.83301        0.260303      0.00676877 
         6.8487        0.269449      0.00672893 
         6.8644        0.274302      0.00668937 
        6.88012        0.280694       0.0066501 
        6.89583         0.28763      0.00661118 
        6.91151        0.300037      0.00657262 
        6.92723        0.306403      0.00653427 
        6.94296        0.316142      0.00649622 
        6.95866        0.322227      0.00645853 
        6.97436        0.332275      0.00642115 
        6.99007        0.339694      0.00638404 
        7.00578        0.346864      0.00634723 
        7.02147         0.35825      0.00631075 
        7.03718          0.3673      0.00627452 
         7.0529        0.379319      0.00623854 
        7.06863         0.38242      0.00620283 
        7.08433        0.395936      0.00616745 
        7.10004        0.404056      0.00613236 
        7.11575        0.412639      0.00609752 
        7.13145        0.423192      0.00606297 
        7.14715         0.43301      0.00602869 
        7.16284        0.446254      0.00599472 
        7.17855        0.456255      0.00596094 
        7.19428        0.470823      0.00592739 
        7.20998        0.477787      0.00589416 
        7.22568        0.488551      0.00586118 
        7.24139        0.503917      0.00582845 
        7.25711        0.514331      0.00579595 
        7.27282        0.517387       0.0057637 
        7.28852        0.536197      0.00573174 
        7.30423        0.548242      0.00569997 
        7.31995        0.560905      0.00566846 
        7.33565        0.570886       0.0056372 
        7.35135        0.578668      0.00560618 
        7.36706        0.591757       0.0055754 
        7.38277        0.598764      0.00554482 
        7.39847        0.616609      0.00551449 
        7.41419        0.628225      0.00548438 
         7.4299        0.637126      0.00545449 
        7.44561        0.651229      0.00542483 
        7.46132        0.659304      0.00539539 
        7.47701        0.679485       0.0053662 
        7.49272        0.681843       0.0053372 
        7.50842        0.703404      0.00530842 
         7.5241        0.703948       0.0052799 
        7.53981        0.719689      0.00525154 
        7.55552         0.73195      0.00522338 
        7.57125        0.738791       0.0051954 
        7.58698        0.752455      0.00516762 
        7.60268        0.752716      0.00514009 
         7.6184         0.76546      0.00511274 
        7.63411        0.782413       0.0050856 
        7.64981        0.782077      0.00505867 
        7.66552        0.795251      0.00503193 
        7.68123         0.80148      0.00500538 
        7.69695        0.806581        0.004979 
        7.71264        0.817962      0.00495286 
        7.72834        0.815115      0.00492689 
        7.74407         0.82531      0.00490107 
        7.75978        0.836585      0.00487545 
        7.77546        0.845107      0.00485007 
        7.79116        0.826035      0.00482485 
         7.8069        0.839886      0.00479974 
         7.8226        0.853651      0.00477486 
        7.83828        0.864939       0.0047502 
        7.85399        0.854955      0.00472568 
        7.86972        0.856704      0.00470128 
        7.88543        0.870405      0.00467709 
        7.90111        0.871899      0.00465312 
        7.91681        0.858136      0.00462928 
        7.93255        0.864762      0.00460557 
        7.94828        0.859742      0.00458202 
        7.96397        0.866434      0.00455869 
        7.97967        0.860723      0.00453552 
        7.99538        0.854455      0.00451249 
         8.0111        0.856752      0.00448962 
         8.0268        0.853268      0.00446693 
        8.04248        0.853063      0.00444441 
         8.0582        0.843228      0.00442201 
        8.07393        0.849706      0.00439975 
        8.08963        0.837606      0.00437767 
        8.10533         0.83953      0.00435576 
        8.12104        0.828466      0.00433397 
        8.13675        0.831355      0.00431234 
        8.15245         0.82019      0.00429087 
        8.16815        0.818001      0.00426955 
        8.18387        0.803554      0.00424834 
        8.19959        0.807788      0.00422727 
         8.2153        0.789818      0.00420637 
        8.23101        0.795225       0.0041856 
        8.24672        0.782701      0.00416498 
        8.26241        0.783582      0.00414453 
         8.2781        0.776304       0.0041242 
        8.29381        0.758518      0.00410399 
        8.30952        0.762996      0.00408392 
        8.32524        0.756809      0.00406397 
        8.34095        0.751055      0.00404416 
        8.35666         0.74147      0.00402449 
        8.37237        0.737396      0.00400494 
        8.38808        0.733667      0.00398553 
        8.40379        0.716155      0.00396625 
         8.4195        0.710432       0.0039471 
         8.4352        0.710383      0.00392808 
        8.45091        0.703449      0.00390918 
        8.46662        0.688662       0.0038904 
        8.48232        0.689706      0.00387176 
        8.49802        0.680569      0.00385324 
        8.51374        0.671988      0.00383482 
        8.52945        0.659313      0.00381653 
        8.54515        0.664891      0.00379837 
        8.56086        0.645498      0.00378031 
        8.57658        0.647902      0.00376237 
        8.59228        0.636749      0.00374457 
        8.60799        0.631358      0.00372686 
        8.62371        0.629811      0.00370926 
        8.63942        0.621723      0.00369179 
        8.65512        0.620445      0.00367444 
        8.67082        0.607159       0.0036572 
        8.68653          0.6056      0.00364006 
        8.70224        0.594329      0.00362303 
        8.71795        0.589208      0.00360612 
        8.73365        0.586829      0.00358931 
        8.74936        0.579809      0.00357261 
        8.76506        0.573197      0.00355603 
        8.78076        0.565763      0.00353955 
        8.79646        0.565742      0.00352317 
        8.81218        0.557337      0.00350688 
        8.82791        0.553166      0.00349068 
         8.8436        0.550048      0.00347462 
         8.8593        0.544006      0.00345866 
        8.87503        0.538087      0.00344276 
        8.89076        0.537043      0.00342697 
        8.90644        0.530467      0.00341132 
        8.92214        0.523319      0.00339576 
        8.93786        0.523532      0.00338027 
        8.95357         0.51828      0.00336488 
        8.96928        0.514718       0.0033496 
        8.98498        0.509125      0.00333441 
        9.00069        0.508679      0.00331932 
        9.01639        0.504061      0.00330432 
        9.03208        0.500992      0.00328943 
        9.04778        0.496862      0.00327461 
        9.06351        0.494498      0.00325987 
        9.07923        0.492757      0.00324523 
        9.09493        0.490885      0.00323069 
        9.11062        0.486307      0.00321625 
        9.12635        0.484524      0.00320187 
        9.14207        0.480308      0.00318758 
        9.15777        0.477004      0.00317339 
        9.17346        0.475152       0.0031593 
        9.18917        0.471588      0.00314528 
         9.2049        0.472859      0.00313133 
        9.22061        0.468608      0.00311748 
        9.23631        0.468269      0.00310372 
        9.25201        0.465559      0.00309005 
        9.26773         0.46234      0.00307644 
        9.28343        0.463342      0.00306292 
        9.29913         0.45946      0.00304949 
        9.31484         0.46106      0.00303614 
        9.33057        0.457981      0.00302285 
        9.34627        0.458003      0.00300965 
        9.36197        0.458163      0.00299655 
        9.37768        0.456295       0.0029835 
        9.39338         0.45819      0.00297055 
        9.40909        0.454923      0.00295766 
        9.42479        0.456306      0.00294486 
         9.4405        0.455163      0.00293214 
        9.45621        0.453136      0.00291948 
        9.47193        0.456123       0.0029069 
        9.48763        0.453185       0.0028944 
        9.50334        0.455919      0.00288197 
        9.51906         0.45457      0.00286961 
        9.53476        0.453689      0.00285733 
        9.55045        0.456524      0.00284513 
        9.56616         0.45404      0.00283299 
        9.58188        0.459488      0.00282091 
        9.59759          0.4571      0.00280891 
         9.6133         0.45939      0.00279697 
        9.62901         0.45822       0.0027851 
        9.64471        0.457275       0.0027733 
        9.66041        0.465315      0.00276156 
        9.67612        0.462222      0.00274988 
        9.69184         0.46603      0.00273826 
        9.70754        0.466287      0.00272673 
        9.72324         0.46455      0.00271527 
        9.73895        0.472417      0.00270387 
        9.75467         0.46812      0.00269254 
        9.77038        0.476782      0.00268129 
        9.78607        0.473249      0.00267012 
        9.80177         0.47659      0.00265902 
        9.81749        0.480971      0.00264799 
         9.8332        0.474539      0.00263705 
         9.8489        0.489018      0.00262618 
        9.86463          0.4805      0.00261536 
        9.88035        0.490619       0.0026046 
        9.89606        0.489757       0.0025939 
        9.91175        0.489731      0.00258326 
        9.92745        0.499251      0.00257265 
        9.94317        0.491753      0.00256206 
        9.95888        0.503699       0.0025515 
        9.97458        0.502858      0.00254096 
        9.99029        0.504681      0.00253042 
         10.006        0.511132      0.00252392 
        10.0217        0.506186      0.00252392 
        10.0374        0.521493      0.00252392 
        10.0531        0.515749      0.00252392 
        10.0688        0.522845      0.00252392 
        10.0845        0.527084      0.00252392 
        10.1002        0.522954      0.00252392 
        10.1159        0.538225      0.00252392 
        10.1317        0.529609      0.00252392 
        10.1474        0.542199      0.00252392 
        10.1631        0.540483      0.00252392 
        10.1788        0.541018      0.00252392 
        10.1945        0.554005      0.00252392 
        10.2102        0.545355      0.00252392 
        10.2259        0.562206      0.00252392 
        10.2416        0.555872      0.00252392 
        10.2573        0.561948      0.00252392 
         10.273        0.571018      0.00252392 
        10.2887        0.559457      0.00252392 
        10.3044        0.582913      0.00252392 
        10.3201        0.569018      0.00252392 
        10.3359        0.584146      0.00252392 
        10.3516         0.58511      0.00252392 
        10.3673        0.583982      0.00252392 
         10.383        0.597724      0.00252392 
        10.3987        0.584706      0.00252392 
        10.4144        0.604135      0.00252392 
        10.4301        0.601914      0.00252392 
        10.4458        0.603658      0.00252392 
        10.4615        0.612858      0.00252392 
        10.4772        0.600087      0.00252392 
        10.4929        0.628417      0.00252392 
        10.5086         0.61163      0.00252392 
        10.5244        0.624366      0.00252392 
        10.5401        0.628465      0.00252392 
        10.5558        0.618627      0.00252392 
        10.5715        0.641437      0.00252392 
        10.5872        0.623674      0.00252392 
        10.6029        0.644831      0.00252392 
        10.6186        0.643413      0.00252392 
        10.6343        0.638469      0.00252392 
          10.65        0.654463      0.00252392 
        10.6657        0.638648      0.00252392 
        10.6814        0.663531      0.00252392 
        10.6971        0.651039      0.00252392 
        10.7129        0.662164      0.00252392 
        10.7286        0.665175      0.00252392 
        10.7443        0.652953      0.00252392 
          10.76        0.680973      0.00252392 
        10.7757        0.662689      0.00252392 
        10.7914        0.678819      0.00252392 
        10.8071         0.67524      0.00252392 
        10.8228        0.671394      0.00252392 
        10.8385        0.689732      0.00252392 
        10.8542        0.670232      0.00252392 
        10.8699        0.695827      0.00252392 
        10.8856        0.685091      0.00252392 
        10.9014         0.68477      0.00252392 
        10.9171        0.695034      0.00252392 
        10.9328        0.678557      0.00252392 
        10.9485        0.707813      0.00252392 
        10.9642        0.688338      0.00252392 
        10.9799        0.699681      0.00252392 
        10.9956         0.70115      0.00252392 
        11.0113        0.687878      0.00252392 
         11.027        0.712596      0.00252392 
        11.0427        0.693543      0.00252392 
        11.0584        0.712455      0.00252392 
        11.0741        0.704289      0.00252392 
        11.0898        0.701756      0.00252392 
        11.1055         0.71794      0.00252392 
        11.1212        0.695577      0.00252392 
         11.137        0.724102      0.00252392 
        11.1527        0.704406      0.00252392 
        11.1684        0.715086      0.00252392 
        11.1841        0.715778      0.00252392 
        11.1998        0.699422      0.00252392 
        11.2155        0.725689      0.00252392 
        11.2312        0.704663      0.00252392 
        11.2469        0.720903      0.00252392 
        11.2626        0.711996      0.00252392 
        11.2783        0.706449      0.00252392 
         11.294        0.722452      0.00252392 
        11.3097          0.7024      0.00252392 
        11.3254        0.724127      0.00252392 
        11.3412        0.710933      0.00252392 
        11.3569        0.713611      0.00252392 
        11.3726        0.720754      0.00252392 
        11.3883        0.705263      0.00252392 
         11.404        0.723988      0.00252392 
        11.4197         0.70994      0.00252392 
        11.4354        0.718892      0.00252392 
        11.4511         0.71679      0.00252392 
        11.4668        0.708358      0.00252392 
        11.4825        0.721972      0.00252392 
        11.4982        0.702494      0.00252392 
         11.514        0.720488      0.00252392 
        11.5297         0.70843      0.00252392 
        11.5454        0.709316      0.00252392 
        11.5611          0.7167      0.00252392 
        11.5768        0.701992      0.00252392 
        11.5925        0.723368      0.00252392 
        11.6082        0.704912      0.00252392 
        11.6239        0.710735      0.00252392 
        11.6396        0.712726      0.00252392 
        11.6553        0.699256      0.00252392 
         11.671        0.717997      0.00252392 
        11.6867        0.700335      0.00252392 
        11.7024        0.710837      0.00252392 
        11.7182        0.704108      0.00252392 
        11.7339        0.703955      0.00252392 
        11.7496        0.708894      0.00252392 
        11.7653        0.696353      0.00252392 
         11.781        0.712923      0.00252392 
        11.7967        0.699342      0.00252392 
        11.8124        0.700637      0.00252392 
        11.8281        0.704556      0.00252392 
        11.8438        0.693224      0.00252392 
        11.8595        0.707761      0.00252392 
        11.8752        0.692781      0.00252392 
         11.891        0.700204      0.00252392 
        11.9067        0.699062      0.00252392 
        11.9224        0.693367      0.00252392 
        11.9381        0.702263      0.00252392 
        11.9538        0.688663      0.00252392 
        11.9695        0.700117      0.00252392 
        11.9852        0.690813      0.00252392 
        12.0009        0.690942      0.00252392 
        12.0166         0.69646      0.00252392 
        12.0323        0.680997      0.00252392 
         12.048        0.698809      0.00252392 
        12.0637        0.683876      0.00252392 
