# k  (h/Mpc)    Pcb(k)  (Mpc/h)^3    Pcb_linear(k) (Mpc/h)^3   ShotnoiseSubtracted = true
      0.0200456         348.654         353.785 
      0.0350414         259.331         259.868 
      0.0492313         187.537         186.668 
      0.0637834         157.118         156.134 
      0.0800726         128.233         128.079 
       0.096163         93.3819         93.4256 
       0.111083         72.6368         72.7064 
       0.126058         64.6003         64.4152 
       0.142273         56.7051         56.6435 
       0.158546         45.5037         45.2441 
        0.17375         37.0867          37.094 
       0.188953         33.4642          33.329 
       0.204907         30.8788         30.3827 
       0.220756         26.3637         26.1692 
        0.23588         22.6146         22.3811 
         0.2514         20.1502         20.0535 
       0.267535         18.5347         18.4495 
       0.283568         16.6891         16.5742 
       0.299022         14.8731         14.6812 
       0.314451         13.2734          13.264 
       0.330372         12.3134         12.2385 
       0.346141         11.3238         11.2614 
       0.361624          10.363         10.2531 
       0.377134         9.54117         9.37303 
       0.392932         8.61706         8.67574 
       0.408854         8.18166         8.06092 
       0.424564         7.53485         7.46147 
       0.440253         6.97897         6.90402 
       0.455999         6.54347         6.42784 
       0.471626         6.14795         6.01665 
        0.48727         5.71927         5.63106 
       0.502856         5.33158         5.26811 
       0.518488         5.07121         4.93936 
       0.534347          4.8068         4.64312 
       0.550082         4.43781         4.37326 
       0.565732         4.12141         4.12214 
       0.581496         3.97743         3.88781 
       0.597222         3.77929         3.67484 
       0.612804         3.54865         3.48084 
       0.628434         3.40481          3.2995 
       0.644267         3.21468         3.12822 
       0.660051         3.03869         2.96978 
       0.675724         2.89877         2.82414 
       0.691403         2.77961         2.68853 
       0.707174         2.63197         2.56106 
       0.722871         2.50416         2.44237 
        0.73838          2.4113         2.33247 
       0.754018         2.32301         2.22852 
       0.769845         2.20571         2.12977 
        0.78569         2.11444         2.03694 
       0.801365         2.01893         1.95059 
       0.817031         1.94456         1.86934 
       0.832809          1.8637         1.79225 
       0.848511         1.77629         1.71991 
       0.864097         1.69981         1.65211 
       0.879701         1.63619         1.58795 
       0.895507          1.5827          1.5265 
       0.911279         1.53409         1.46846 
        0.92691         1.47242         1.41397 
       0.942635         1.41572         1.36197 
       0.958396         1.35985         1.31251 
       0.974128         1.31383         1.26563 
       0.989692         1.27672         1.22154 
        1.00528         1.22905          1.1795 
        1.02113         1.17739         1.13881 
        1.03692         1.15075          1.1002 
        1.05264         1.10995         1.06359 
        1.06832         1.07735         1.02871 
        1.08405         1.02959        0.995326 
        1.09979         1.00062        0.963416 
        1.11537        0.977193        0.933236 
        1.13105        0.948046        0.904182 
        1.14679        0.923644        0.876266 
        1.16256        0.884881        0.849486 
        1.17828        0.861153        0.823925 
        1.19395        0.834002        0.799512 
         1.2097        0.803137        0.775975 
        1.22537         0.78906        0.753509 
          1.241        0.766152        0.732009 
        1.25666        0.752905        0.711303 
        1.27241        0.721863        0.691309 
        1.28819        0.701723        0.672057 
        1.30392        0.686861        0.653603 
        1.31957        0.668498         0.63593 
        1.33529        0.648587        0.618854 
        1.35108        0.630334        0.602342 
        1.36674        0.608545        0.586558 
         1.3824        0.600973        0.571359 
        1.39811        0.582677        0.556654 
        1.41389         0.56961        0.542415 
        1.42964        0.556985        0.528703 
        1.44531        0.538264        0.515537 
        1.46101        0.529268        0.502795 
        1.47667        0.509071        0.490527 
        1.49229        0.502912        0.478704 
        1.50793        0.487692        0.467262 
        1.52367        0.478597        0.456123 
        1.53953        0.465503        0.445276 
        1.55526        0.455938        0.434872 
        1.57092        0.442947        0.424846 
        1.58662        0.435255        0.415115 
        1.60235        0.426043        0.405674 
        1.61809         0.41224        0.396523 
        1.63369        0.409378        0.387739 
        1.64941        0.397206        0.379161 
        1.66519         0.38769        0.370813 
        1.68085        0.377459        0.362778 
        1.69652        0.369872        0.354982 
        1.71228        0.364031        0.347372 
        1.72806        0.353214        0.339981 
        1.74368        0.349427        0.332881 
        1.75933        0.340315        0.325972 
        1.77505        0.332804        0.319228 
        1.79081        0.327317        0.312664 
         1.8065        0.317337        0.306315 
        1.82218        0.313103        0.300149 
        1.83797        0.305917        0.294112 
        1.85367        0.301906        0.288276 
        1.86928        0.295336        0.282635 
        1.88497        0.289426        0.277115 
        1.90073        0.282859        0.271723 
        1.91647        0.278186        0.266481 
        1.93218         0.27154         0.26139 
        1.94787        0.266658         0.25644 
        1.96363        0.261815          0.2516 
        1.97935        0.255603        0.246895 
        1.99499        0.251873        0.242339 
        2.01064        0.247313        0.237892 
         2.0264        0.241223        0.233529 
        2.04216        0.239205        0.229279 
        2.05781        0.233986        0.225162 
        2.07353        0.227976        0.221133 
        2.08928        0.224076        0.217194 
        2.10499         0.22054        0.213363 
        2.12065        0.217777        0.209636 
        2.13633        0.212969        0.205995 
        2.15211        0.210048        0.202419 
        2.16785        0.205533        0.198938 
        2.18349        0.200761        0.195561 
        2.19916        0.199174        0.192256 
        2.21489        0.194988        0.189017 
        2.23063        0.192342        0.185851 
         2.2463        0.188469        0.182773 
        2.26194        0.184574        0.179772 
        2.27765        0.181724        0.176824 
        2.29341        0.179117        0.173935 
        2.30914         0.17584        0.171117 
        2.32486        0.172727        0.168363 
        2.34061        0.170078        0.165666 
        2.35635         0.16693        0.163031 
        2.37203        0.164451        0.160463 
        2.38768        0.161556        0.157955 
        2.40339        0.159399        0.155493 
        2.41914        0.157219        0.153078 
        2.43483         0.15413        0.150723 
         2.4505        0.150912        0.148421 
        2.46622        0.148753        0.146161 
        2.48195        0.146449        0.143947 
        2.49759        0.145191        0.141792 
        2.51328        0.142667        0.139675 
        2.52906        0.140251        0.137589 
        2.54479         0.13764        0.135553 
        2.56049        0.135315        0.133563 
        2.57618        0.133429        0.131615 
        2.59189        0.131914        0.129703 
        2.60758        0.130348        0.127832 
        2.62325        0.127671        0.126001 
        2.63898        0.126056        0.124199 
        2.65468          0.1235        0.122437 
        2.67044        0.122353        0.120701 
        2.68618        0.120529        0.119003 
        2.70184        0.118383        0.117346 
        2.71755        0.116289        0.115715 
        2.73329        0.115252        0.114114 
        2.74897         0.11386        0.112548 
        2.76462        0.111809        0.111015 
        2.78034        0.110342        0.109505 
        2.79607        0.108301        0.108021 
        2.81179        0.107552        0.106567 
        2.82749        0.105639        0.105141 
        2.84321        0.104118         0.10374 
        2.85893         0.10304        0.102365 
        2.87462        0.101806        0.101018 
        2.89033        0.100164       0.0996938 
        2.90605       0.0983519       0.0983923 
        2.92176       0.0974493       0.0971148 
        2.93747         0.09589       0.0958609 
        2.95318       0.0945909        0.094629 
        2.96891       0.0933708       0.0934183 
        2.98456       0.0923172       0.0922343 
        3.00023       0.0909683       0.0910693 
        3.01596       0.0897626       0.0899208 
        3.03164       0.0889765       0.0887956 
        3.04738       0.0874267       0.0876865 
         3.0631       0.0863728       0.0865969 
        3.07883       0.0851949       0.0855258 
        3.09456       0.0841531       0.0844732 
        3.11026       0.0829615       0.0834399 
        3.12596       0.0822089       0.0824242 
        3.14163       0.0809642       0.0814279 
        3.15734        0.080215       0.0804458 
        3.17308       0.0792894       0.0794777 
        3.18879       0.0781236       0.0785283 
        3.20447       0.0771754       0.0775958 
         3.2202       0.0765924       0.0766757 
         3.2359       0.0754725       0.0757723 
        3.25157       0.0743681       0.0748856 
        3.26729       0.0734619       0.0740106 
        3.28304       0.0730196       0.0731479 
        3.29877         0.07195       0.0723002 
        3.31446       0.0711474       0.0714678 
        3.33014       0.0706258       0.0706494 
        3.34585       0.0696247       0.0698426 
        3.36158       0.0688316       0.0690473 
        3.37727       0.0681411        0.068267 
        3.39294       0.0673545       0.0674995 
        3.40867       0.0665515       0.0667411 
        3.42439       0.0658502       0.0659949 
        3.44008       0.0649657       0.0652616 
        3.45578       0.0645627       0.0645389 
        3.47153       0.0637085       0.0638257 
        3.48724       0.0633343       0.0631246 
        3.50292       0.0623725       0.0624358 
        3.51859       0.0616269       0.0617575 
        3.53431       0.0611761       0.0610874 
        3.55007       0.0605765       0.0604256 
        3.56577       0.0599362       0.0597763 
        3.58146       0.0594753       0.0591368 
        3.59719       0.0589699       0.0585053 
        3.61292       0.0582778       0.0578833 
        3.62859       0.0575931       0.0572728 
        3.64429       0.0571127       0.0566699 
        3.66003       0.0565439       0.0560739 
        3.67578       0.0559676       0.0554868 
        3.69146       0.0554045       0.0549103 
        3.70712       0.0551085       0.0543431 
        3.72284       0.0546917       0.0537819 
        3.73853       0.0539814       0.0532297 
        3.75422       0.0536652        0.052685 
        3.76993       0.0529271       0.0521475 
        3.78564       0.0526297       0.0516178 
        3.80137       0.0519994       0.0510947 
        3.81707       0.0515719       0.0505799 
        3.83279       0.0512478       0.0500719 
        3.84853       0.0507917         0.04957 
        3.86424       0.0503693       0.0490761 
        3.87992       0.0498275       0.0485896 
        3.89561       0.0494043       0.0481098 
        3.91134       0.0489778       0.0476355 
        3.92704        0.048558       0.0471682 
        3.94273       0.0480967       0.0467077 
        3.95845       0.0477162       0.0462525 
        3.97418       0.0473125       0.0458033 
        3.98988       0.0468113       0.0453607 
        4.00554       0.0464217       0.0449252 
        4.02125       0.0458386       0.0444943 
        4.03698       0.0451804       0.0440683 
        4.05268       0.0446927       0.0436489 
        4.06839       0.0440808       0.0432347 
         4.0841       0.0435196       0.0428261 
        4.09983       0.0429123       0.0424221 
        4.11555       0.0422991       0.0420236 
        4.13124       0.0418209       0.0416314 
        4.14693       0.0411732       0.0412438 
        4.16266       0.0407868       0.0408603 
        4.17839       0.0403316       0.0404819 
        4.19408       0.0398745       0.0401093 
        4.20977       0.0393609       0.0397411 
        4.22551       0.0387874       0.0393768 
        4.24123       0.0384851       0.0390174 
        4.25691       0.0379843       0.0386635 
        4.27259       0.0376262       0.0383139 
        4.28831       0.0372837        0.037968 
        4.30404       0.0369679        0.037626 
        4.31974       0.0366348        0.037289 
        4.33543       0.0363532       0.0369563 
        4.35116       0.0360385        0.036627 
        4.36688       0.0357201       0.0363018 
        4.38255       0.0354081       0.0359818 
        4.39825       0.0351632       0.0356649 
        4.41398       0.0350737       0.0353513 
         4.4297       0.0348484       0.0350418 
        4.44541       0.0345633       0.0347361 
        4.46111       0.0343586       0.0344343 
        4.47683       0.0342564       0.0341359 
        4.49251       0.0339675       0.0338416 
        4.50819       0.0337883       0.0335509 
         4.5239       0.0336322       0.0332633 
        4.53962       0.0335564       0.0329786 
        4.55535       0.0334976       0.0326972 
        4.57106       0.0334308       0.0324195 
        4.58678       0.0331632        0.032145 
         4.6025        0.033226       0.0318736 
        4.61821       0.0332128       0.0316054 
        4.63391       0.0331907       0.0313406 
         4.6496       0.0330489        0.031079 
        4.66532       0.0331356       0.0308201 
        4.68103       0.0330725       0.0305642 
        4.69673       0.0331147       0.0303114 
        4.71241       0.0331642       0.0300618 
        4.72811       0.0331232       0.0298146 
        4.74384       0.0332361       0.0295699 
        4.75955       0.0332919       0.0293283 
        4.77525       0.0334012       0.0290896 
        4.79096       0.0334157       0.0288532 
        4.80669       0.0336243       0.0286194 
         4.8224       0.0338069       0.0283885 
        4.83809       0.0339486       0.0281603 
        4.85379       0.0340259       0.0279346 
         4.8695       0.0342717       0.0277111 
        4.88521       0.0343212       0.0274902 
        4.90093       0.0347124       0.0272717 
        4.91663       0.0349039       0.0270558 
        4.93234       0.0348826        0.026842 
        4.94807       0.0351496       0.0266304 
        4.96377       0.0355607       0.0264215 
        4.97943       0.0359093       0.0262152 
        4.99514       0.0360131       0.0260107 
        5.01086       0.0364496       0.0258082 
        5.02654       0.0366425       0.0256084 
        5.04227        0.037014       0.0254101 
          5.058       0.0373945       0.0252138 
        5.07371       0.0375716         0.02502 
        5.08942       0.0380991       0.0248282 
        5.10513       0.0386557       0.0246385 
        5.12084       0.0388831       0.0244506 
        5.13656       0.0393468       0.0242648 
        5.15225       0.0399217       0.0240811 
        5.16796       0.0402683       0.0238992 
        5.18369       0.0407594       0.0237189 
         5.1994       0.0413139       0.0235408 
        5.21509       0.0417536       0.0233648 
        5.23079       0.0422615       0.0231903 
        5.24649       0.0428616       0.0230178 
        5.26217       0.0435122       0.0228471 
        5.27788       0.0440475        0.022678 
        5.29359       0.0447895       0.0225105 
        5.30933       0.0453152       0.0223445 
        5.32504       0.0459782       0.0221805 
        5.34073       0.0467597       0.0220183 
        5.35646       0.0474532       0.0218574 
        5.37218       0.0480811       0.0216981 
        5.38789       0.0492141       0.0215407 
        5.40357       0.0497012        0.021385 
        5.41929       0.0506025       0.0212305 
        5.43502        0.051223       0.0210775 
         5.4507       0.0520487       0.0209264 
        5.46639       0.0531334       0.0207768 
        5.48212       0.0539967       0.0206283 
        5.49786       0.0550226        0.020481 
        5.51353       0.0561862        0.020336 
        5.52921       0.0569365       0.0201922 
        5.54495        0.058054       0.0200494 
        5.56066       0.0591541       0.0199081 
        5.57637       0.0599718       0.0197683 
        5.59207       0.0614263       0.0196299 
        5.60778       0.0624965       0.0194927 
        5.62346       0.0637754       0.0193571 
        5.63916       0.0648797       0.0192227 
        5.65487       0.0659956       0.0190895 
         5.6706       0.0670274       0.0189574 
        5.68633       0.0688644       0.0188265 
        5.70203       0.0697718       0.0186971 
        5.71773       0.0714043       0.0185689 
        5.73344       0.0726583       0.0184419 
        5.74916       0.0744752        0.018316 
        5.76486        0.075943       0.0181914 
        5.78054       0.0772142       0.0180682 
        5.79626       0.0787619       0.0179458 
          5.812       0.0806787       0.0178244 
         5.8277       0.0819339       0.0177045 
        5.84339       0.0836583       0.0175857 
        5.85911       0.0857117       0.0174678 
        5.87484       0.0871795       0.0173509 
        5.89053       0.0892645       0.0172354 
        5.90623        0.091554       0.0171209 
        5.92195       0.0935355       0.0170072 
        5.93767       0.0954505       0.0168947 
        5.95336       0.0971692       0.0167833 
        5.96905       0.0999277        0.016673 
        5.98476         0.10163       0.0165636 
        6.00048         0.10331       0.0164551 
        6.01617        0.106246       0.0163477 
        6.03185        0.108491       0.0162414 
        6.04756        0.111058       0.0161358 
        6.06331        0.113059       0.0160309 
        6.07903        0.115597       0.0159272 
        6.09473        0.118537       0.0158245 
        6.11044        0.121367       0.0157226 
        6.12616        0.124027       0.0156217 
        6.14186        0.127082       0.0155217 
        6.15755        0.129522       0.0154226 
        6.17326        0.132868       0.0153243 
        6.18898        0.135752       0.0152268 
        6.20467        0.139002       0.0151304 
        6.22036        0.141535       0.0150348 
         6.2361        0.144959       0.0149398 
         6.2518        0.148019       0.0148457 
        6.26748        0.150814       0.0147527 
        6.28319        0.155103       0.0146602 
        6.29893        0.158456       0.0145684 
        6.31463         0.16189       0.0144776 
        6.33033        0.165372       0.0143876 
        6.34604        0.170228       0.0142983 
        6.36177        0.172778       0.0142097 
        6.37747        0.177846        0.014122 
        6.39316         0.18023       0.0140351 
        6.40888        0.184547       0.0139487 
         6.4246         0.18986       0.0138631 
        6.44031        0.193304       0.0137783 
        6.45601        0.196925       0.0136942 
        6.47172        0.203779       0.0136108 
        6.48744        0.207802        0.013528 
        6.50313        0.209911       0.0134461 
        6.51882        0.216379       0.0133649 
        6.53452        0.219394       0.0132843 
        6.55025        0.226011       0.0132042 
        6.56597         0.23074       0.0131249 
        6.58166        0.236089       0.0130463 
        6.59736        0.243168       0.0129684 
        6.61307        0.244996        0.012891 
         6.6288        0.248965       0.0128142 
         6.6445        0.258261       0.0127381 
         6.6602        0.261887       0.0126627 
        6.67592        0.268567       0.0125878 
        6.69164        0.274583       0.0125135 
        6.70735        0.279797       0.0124398 
        6.72304        0.287128       0.0123669 
        6.73874        0.292031       0.0122945 
        6.75446        0.298508       0.0122226 
        6.77016        0.304134       0.0121513 
        6.78585        0.309839       0.0120807 
        6.80156        0.313674       0.0120106 
        6.81729        0.322641       0.0119409 
        6.83301        0.327861       0.0118718 
         6.8487        0.336286       0.0118034 
         6.8644        0.341679       0.0117355 
        6.88012        0.348148        0.011668 
        6.89583        0.357706       0.0116012 
        6.91151        0.362654        0.011535 
        6.92723          0.3678       0.0114691 
        6.94296        0.377469       0.0114037 
        6.95866        0.385203        0.011339 
        6.97436        0.389672       0.0112748 
        6.99007        0.394474        0.011211 
        7.00578        0.406988       0.0111477 
        7.02147        0.413447        0.011085 
        7.03718        0.417493       0.0110227 
         7.0529        0.428685       0.0109609 
        7.06863        0.432411       0.0108995 
        7.08433        0.441473       0.0108386 
        7.10004        0.448833       0.0107782 
        7.11575        0.454851       0.0107183 
        7.13145        0.462479       0.0106589 
        7.14715        0.469195       0.0105999 
        7.16284        0.476413       0.0105414 
        7.17855         0.48675       0.0104833 
        7.19428        0.491835       0.0104255 
        7.20998        0.497002       0.0103683 
        7.22568        0.505315       0.0103116 
        7.24139        0.512829       0.0102552 
        7.25711        0.519762       0.0101992 
        7.27282         0.52726       0.0101437 
        7.28852        0.530599       0.0100886 
        7.30423        0.539621       0.0100339 
        7.31995        0.542368      0.00997958 
        7.33565        0.550878      0.00992571 
        7.35135        0.556617      0.00987224 
        7.36706        0.559214      0.00981918 
        7.38277        0.570077      0.00976647 
        7.39847        0.578059      0.00971418 
        7.41419        0.579031      0.00966225 
         7.4299        0.594456       0.0096107 
        7.44561        0.598595      0.00955954 
        7.46132        0.598472      0.00950876 
        7.47701         0.60193      0.00945841 
        7.49272        0.608984      0.00940837 
        7.50842        0.618178      0.00935872 
         7.5241        0.621645      0.00930949 
        7.53981        0.627635      0.00926054 
        7.55552        0.623826      0.00921193 
        7.57125        0.629748      0.00916362 
        7.58698        0.634971      0.00911565 
        7.60268        0.642025      0.00906813 
         7.6184        0.641535      0.00902089 
        7.63411        0.648335      0.00897401 
        7.64981        0.652874      0.00892749 
        7.66552        0.651524       0.0088813 
        7.68123        0.654715      0.00883541 
        7.69695        0.660012      0.00878984 
        7.71264        0.661415      0.00874465 
        7.72834         0.66292      0.00869978 
        7.74407        0.667361      0.00865514 
        7.75978        0.671397      0.00861084 
        7.77546        0.671114      0.00856696 
        7.79116        0.667647      0.00852334 
         7.8069        0.674022      0.00847992 
         7.8226        0.671987      0.00843688 
        7.83828        0.671687      0.00839422 
        7.85399        0.678405       0.0083518 
        7.86972        0.667235      0.00830958 
        7.88543        0.669682      0.00826774 
        7.90111        0.671993      0.00822625 
        7.91681        0.666586      0.00818499 
        7.93255        0.667318      0.00814393 
        7.94828        0.671411      0.00810317 
        7.96397        0.667135      0.00806277 
        7.97967        0.674418      0.00802265 
        7.99538        0.670432      0.00798278 
         8.0111        0.666422      0.00794317 
         8.0268        0.665846      0.00790385 
        8.04248        0.662021      0.00786486 
         8.0582        0.659534      0.00782604 
        8.07393         0.66284      0.00778746 
        8.08963        0.657104      0.00774921 
        8.10533        0.655799      0.00771122 
        8.12104        0.653055      0.00767347 
        8.13675        0.651108      0.00763596 
        8.15245        0.648091      0.00759873 
        8.16815        0.651986      0.00756177 
        8.18387        0.645473      0.00752499 
        8.19959        0.647922      0.00748846 
         8.2153        0.645379       0.0074522 
        8.23101        0.638382      0.00741618 
        8.24672        0.638763       0.0073804 
        8.26241        0.632995      0.00734491 
         8.2781         0.63122      0.00730965 
        8.29381        0.629421      0.00727458 
        8.30952        0.630946      0.00723974 
        8.32524        0.627832       0.0072051 
        8.34095        0.623084      0.00717072 
        8.35666        0.615828      0.00713657 
        8.37237        0.620221      0.00710263 
        8.38808        0.611369      0.00706892 
        8.40379        0.614007      0.00703544 
         8.4195        0.608754      0.00700217 
         8.4352        0.604309      0.00696913 
        8.45091        0.604916      0.00693631 
        8.46662        0.601433      0.00690368 
        8.48232        0.601447      0.00687128 
        8.49802         0.59479       0.0068391 
        8.51374        0.590689      0.00680708 
        8.52945        0.591883      0.00677529 
        8.54515        0.588076      0.00674373 
        8.56086        0.586074      0.00671233 
        8.57658        0.583857      0.00668114 
        8.59228        0.579186      0.00665018 
        8.60799         0.57576      0.00661938 
        8.62371        0.574741      0.00658879 
        8.63942        0.575494      0.00655839 
        8.65512        0.571575      0.00652821 
        8.67082        0.566916      0.00649822 
        8.68653        0.566433      0.00646839 
        8.70224        0.565115      0.00643876 
        8.71795        0.562219      0.00640933 
        8.73365        0.559081      0.00638007 
        8.74936          0.5583        0.006351 
        8.76506        0.557028      0.00632214 
        8.78076        0.555821      0.00629344 
        8.79646        0.553414      0.00626492 
        8.81218          0.5496      0.00623656 
        8.82791        0.547292      0.00620835 
         8.8436        0.544748      0.00618037 
         8.8593        0.545424      0.00615257 
        8.87503        0.543851      0.00612487 
        8.89076        0.541854      0.00609737 
        8.90644        0.544084       0.0060701 
        8.92214         0.53841      0.00604297 
        8.93786        0.537428      0.00601598 
        8.95357        0.536202      0.00598917 
        8.96928        0.531277      0.00596252 
        8.98498        0.534873      0.00593605 
        9.00069        0.531415      0.00590973 
        9.01639        0.533372      0.00588357 
        9.03208        0.530729      0.00585761 
        9.04778        0.531416      0.00583178 
        9.06351        0.526394      0.00580607 
        9.07923        0.529211      0.00578052 
        9.09493        0.527882      0.00575516 
        9.11062        0.522387      0.00572996 
        9.12635        0.526973      0.00570487 
        9.14207        0.527667      0.00567994 
        9.15777        0.524947      0.00565518 
        9.17346        0.523938      0.00563059 
        9.18917        0.521921      0.00560611 
         9.2049        0.525524      0.00558176 
        9.22061        0.520741      0.00555758 
        9.23631        0.525714      0.00553355 
        9.25201        0.523014      0.00550968 
        9.26773        0.522008      0.00548592 
        9.28343        0.524479      0.00546231 
        9.29913         0.52047      0.00543885 
        9.31484        0.525445      0.00541553 
        9.33057        0.523609       0.0053923 
        9.34627        0.524244      0.00536925 
        9.36197        0.524885      0.00534635 
        9.37768        0.522697      0.00532355 
        9.39338        0.526363      0.00530091 
        9.40909        0.523188       0.0052784 
        9.42479        0.525476      0.00525602 
         9.4405        0.525985      0.00523377 
        9.45621        0.524574      0.00521164 
        9.47193        0.527965      0.00518964 
        9.48763        0.526413      0.00516779 
        9.50334        0.529797      0.00514605 
        9.51906        0.530016      0.00512443 
        9.53476        0.528902      0.00510296 
        9.55045        0.531893      0.00508162 
        9.56616         0.52853      0.00506038 
        9.58188        0.533761      0.00503924 
        9.59759        0.530822      0.00501823 
         9.6133        0.534142      0.00499735 
        9.62901        0.536562      0.00497657 
        9.64471        0.535054      0.00495591 
        9.66041        0.539667      0.00493537 
        9.67612        0.535509      0.00491493 
        9.69184        0.542291      0.00489459 
        9.70754        0.541841      0.00487439 
        9.72324        0.540794      0.00485432 
        9.73895        0.545922      0.00483436 
        9.75467        0.542649      0.00481452 
        9.77038        0.549443      0.00479481 
        9.78607        0.547477      0.00477525 
        9.80177        0.548695      0.00475581 
        9.81749        0.552064      0.00473649 
         9.8332        0.547879       0.0047173 
         9.8489        0.557238      0.00469826 
        9.86463        0.550541      0.00467929 
        9.88035        0.557759      0.00466043 
        9.89606        0.558803      0.00464168 
        9.91175        0.557942      0.00462302 
        9.92745        0.564286      0.00460442 
        9.94317        0.559762      0.00458586 
        9.95888        0.567045      0.00456734 
        9.97458          0.5666      0.00454886 
        9.99029        0.567567      0.00453039 
         10.006        0.571411      0.00451898 
        10.0217        0.566937      0.00451898 
        10.0374        0.577939      0.00451898 
        10.0531        0.572114      0.00451898 
        10.0688        0.577297      0.00451898 
        10.0845        0.580074      0.00451898 
        10.1002        0.575353      0.00451898 
        10.1159        0.585492      0.00451898 
        10.1317        0.580264      0.00451898 
        10.1474        0.586255      0.00451898 
        10.1631        0.587036      0.00451898 
        10.1788        0.585514      0.00451898 
        10.1945        0.593936      0.00451898 
        10.2102         0.58601      0.00451898 
        10.2259        0.596875      0.00451898 
        10.2416        0.591883      0.00451898 
        10.2573         0.59643      0.00451898 
         10.273        0.600234      0.00451898 
        10.2887         0.59431      0.00451898 
        10.3044        0.607657      0.00451898 
        10.3201        0.599197      0.00451898 
        10.3359        0.607147      0.00451898 
        10.3516         0.60507      0.00451898 
        10.3673          0.6042      0.00451898 
         10.383        0.612659      0.00451898 
        10.3987        0.605277      0.00451898 
        10.4144        0.615598      0.00451898 
        10.4301        0.612241      0.00451898 
        10.4458        0.613223      0.00451898 
        10.4615        0.617534      0.00451898 
        10.4772        0.612257      0.00451898 
        10.4929        0.625757      0.00451898 
        10.5086         0.61889      0.00451898 
        10.5244        0.621574      0.00451898 
        10.5401        0.624908      0.00451898 
        10.5558        0.618608      0.00451898 
        10.5715        0.630422      0.00451898 
        10.5872        0.623564      0.00451898 
        10.6029        0.629897      0.00451898 
        10.6186         0.62903      0.00451898 
        10.6343         0.62874      0.00451898 
          10.65        0.634323      0.00451898 
        10.6657        0.626045      0.00451898 
        10.6814        0.639126      0.00451898 
        10.6971        0.632424      0.00451898 
        10.7129        0.637716      0.00451898 
        10.7286        0.639136      0.00451898 
        10.7443        0.632725      0.00451898 
          10.76        0.644481      0.00451898 
        10.7757        0.635587      0.00451898 
        10.7914        0.643095      0.00451898 
        10.8071         0.64135      0.00451898 
        10.8228        0.641679      0.00451898 
        10.8385        0.648875      0.00451898 
        10.8542        0.638594      0.00451898 
        10.8699        0.649649      0.00451898 
        10.8856          0.6443      0.00451898 
        10.9014        0.646379      0.00451898 
        10.9171         0.65131      0.00451898 
        10.9328        0.641426      0.00451898 
        10.9485        0.653457      0.00451898 
        10.9642        0.646615      0.00451898 
        10.9799        0.650686      0.00451898 
        10.9956        0.652549      0.00451898 
        11.0113        0.647175      0.00451898 
         11.027        0.656942      0.00451898 
        11.0427        0.648194      0.00451898 
        11.0584        0.656431      0.00451898 
        11.0741        0.655059      0.00451898 
        11.0898        0.653272      0.00451898 
        11.1055        0.658413      0.00451898 
        11.1212        0.649888      0.00451898 
         11.137        0.661508      0.00451898 
        11.1527        0.655141      0.00451898 
        11.1684        0.659847      0.00451898 
        11.1841        0.658734      0.00451898 
        11.1998        0.653274      0.00451898 
        11.2155        0.664691      0.00451898 
        11.2312        0.655323      0.00451898 
        11.2469        0.661359      0.00451898 
        11.2626        0.660542      0.00451898 
        11.2783        0.658481      0.00451898 
         11.294        0.663288      0.00451898 
        11.3097        0.655363      0.00451898 
        11.3254        0.666015      0.00451898 
        11.3412        0.659852      0.00451898 
        11.3569        0.661433      0.00451898 
        11.3726        0.664221      0.00451898 
        11.3883        0.658302      0.00451898 
         11.404        0.666007      0.00451898 
        11.4197        0.662227      0.00451898 
        11.4354        0.666069      0.00451898 
        11.4511        0.664468      0.00451898 
        11.4668        0.661363      0.00451898 
        11.4825         0.66853      0.00451898 
        11.4982        0.661624      0.00451898 
         11.514        0.668735      0.00451898 
        11.5297        0.665871      0.00451898 
        11.5454        0.664403      0.00451898 
        11.5611        0.669411      0.00451898 
        11.5768        0.662892      0.00451898 
        11.5925        0.671516      0.00451898 
        11.6082        0.665647      0.00451898 
        11.6239        0.668697      0.00451898 
        11.6396        0.668962      0.00451898 
        11.6553        0.664778      0.00451898 
         11.671        0.673731      0.00451898 
        11.6867        0.665474      0.00451898 
        11.7024         0.67163      0.00451898 
        11.7182         0.67013      0.00451898 
        11.7339        0.669071      0.00451898 
        11.7496        0.670944      0.00451898 
        11.7653        0.667147      0.00451898 
         11.781        0.673718      0.00451898 
        11.7967        0.671109      0.00451898 
        11.8124        0.672062      0.00451898 
        11.8281        0.673582      0.00451898 
        11.8438        0.670262      0.00451898 
        11.8595        0.676106      0.00451898 
        11.8752        0.672896      0.00451898 
         11.891        0.673931      0.00451898 
        11.9067        0.674629      0.00451898 
        11.9224        0.674742      0.00451898 
        11.9381        0.677706      0.00451898 
        11.9538        0.673923      0.00451898 
        11.9695        0.678017      0.00451898 
        11.9852        0.675008      0.00451898 
        12.0009        0.676901      0.00451898 
        12.0166        0.679895      0.00451898 
        12.0323        0.674797      0.00451898 
         12.048        0.681283      0.00451898 
        12.0637        0.676854      0.00451898 
