# k  (h/Mpc)    Pcb(k)  (Mpc/h)^3    Pcb_linear(k) (Mpc/h)^3   ShotnoiseSubtracted = true
      0.0200456         126.585         128.418 
      0.0350414         94.3316          94.328 
      0.0492313         68.0917         67.7576 
      0.0637834         56.9238         56.6741 
      0.0800726         46.4582         46.4906 
       0.096163         33.9695          33.912 
       0.111083         26.4485         26.3912 
       0.126058         23.4216         23.3817 
       0.142273          20.535         20.5607 
       0.158546         16.4805         16.4229 
        0.17375          13.478         13.4645 
       0.188953          12.115         12.0979 
       0.204907         11.1106         11.0284 
       0.220756         9.52644           9.499 
        0.23588         8.16782         8.12398 
         0.2514         7.29079         7.27911 
       0.267535         6.69532         6.69687 
       0.283568         6.02292         6.01618 
       0.299022         5.35421         5.32903 
       0.314451         4.79919         4.81463 
       0.330372         4.44058         4.44238 
       0.346141         4.08456         4.08771 
       0.361624         3.73042         3.72172 
       0.377134         3.42218         3.40226 
       0.392932         3.11902         3.14915 
       0.408854         2.93611         2.92598 
       0.424564         2.70351         2.70839 
       0.440253         2.50667         2.50605 
       0.455999         2.34393          2.3332 
       0.471626         2.19772         2.18395 
        0.48727         2.04489         2.04398 
       0.502856         1.90866         1.91224 
       0.518488         1.80715         1.79291 
       0.534347         1.70665         1.68538 
       0.550082         1.58689         1.58742 
       0.565732         1.48143         1.49627 
       0.581496         1.41573         1.41121 
       0.597222         1.34089         1.33391 
       0.612804         1.26457         1.26349 
       0.628434         1.20717         1.19766 
       0.644267         1.13888         1.13549 
       0.660051         1.07819         1.07798 
       0.675724         1.02858         1.02512 
       0.691403          0.9824        0.975891 
       0.707174        0.932131        0.929624 
       0.722871         0.88481         0.88654 
        0.73838         0.85132         0.84665 
       0.754018        0.816859        0.808915 
       0.769845        0.778783        0.773073 
        0.78569        0.743611        0.739378 
       0.801365        0.710078        0.708034 
       0.817031        0.682192        0.678542 
       0.832809        0.653786        0.650559 
       0.848511        0.625482        0.624299 
       0.864097        0.598255        0.599689 
       0.879701        0.574511        0.576402 
       0.895507        0.556728        0.554093 
       0.911279        0.535442        0.533028 
        0.92691         0.51395        0.513247 
       0.942635        0.495741        0.494373 
       0.958396        0.476104        0.476421 
       0.974128         0.45909        0.459405 
       0.989692        0.444214        0.443398 
        1.00528        0.429716         0.42814 
        1.02113        0.411325        0.413368 
        1.03692        0.399424        0.399356 
        1.05264        0.386176        0.386065 
        1.06832        0.373916        0.373406 
        1.08405        0.359529        0.361287 
        1.09979        0.347914        0.349704 
        1.11537        0.339762         0.33875 
        1.13105        0.328518        0.328203 
        1.14679        0.319732         0.31807 
        1.16256        0.306771         0.30835 
        1.17828        0.297693        0.299071 
        1.19395        0.288254         0.29021 
         1.2097        0.279324        0.281666 
        1.22537        0.273362        0.273511 
          1.241          0.2647        0.265707 
        1.25666        0.258435        0.258191 
        1.27241        0.249803        0.250934 
        1.28819        0.242649        0.243946 
        1.30392        0.236027        0.237247 
        1.31957        0.229843        0.230832 
        1.33529        0.222938        0.224634 
        1.35108         0.21693        0.218641 
        1.36674        0.209741        0.212911 
         1.3824        0.206772        0.207394 
        1.39811        0.200211        0.202056 
        1.41389        0.195249        0.196888 
        1.42964        0.191037        0.191911 
        1.44531        0.184685        0.187132 
        1.46101        0.180837        0.182507 
        1.47667        0.175199        0.178053 
        1.49229         0.17179        0.173762 
        1.50793        0.166893        0.169608 
        1.52367        0.163334        0.165565 
        1.53953        0.159812        0.161628 
        1.55526        0.156002        0.157851 
        1.57092        0.151179        0.154212 
        1.58662        0.148495         0.15068 
        1.60235        0.145551        0.147253 
        1.61809        0.140844        0.143932 
        1.63369        0.138632        0.140743 
        1.64941        0.135632        0.137629 
        1.66519        0.132071        0.134599 
        1.68085        0.128832        0.131683 
        1.69652        0.125864        0.128853 
        1.71228        0.123878         0.12609 
        1.72806        0.120222        0.123408 
        1.74368        0.118382         0.12083 
        1.75933        0.115754        0.118322 
        1.77505        0.113067        0.115874 
        1.79081        0.111146        0.113492 
         1.8065        0.108017        0.111187 
        1.82218        0.106188        0.108949 
        1.83797        0.103877        0.106758 
        1.85367        0.101837         0.10464 
        1.86928        0.100044        0.102592 
        1.88497        0.098153        0.100588 
        1.90073       0.0958723       0.0986312 
        1.91647       0.0938154       0.0967284 
        1.93218       0.0918624       0.0948802 
        1.94787       0.0899763       0.0930835 
        1.96363       0.0884899       0.0913266 
        1.97935       0.0864428        0.089619 
        1.99499       0.0850558       0.0879651 
        2.01064       0.0836174       0.0863508 
         2.0264       0.0819547       0.0847673 
        2.04216       0.0803247       0.0832246 
        2.05781       0.0789051       0.0817303 
        2.07353       0.0769435       0.0802677 
        2.08928       0.0757619        0.078838 
        2.10499       0.0740982       0.0774472 
        2.12065       0.0732116       0.0760944 
        2.13633        0.071521        0.074773 
        2.15211       0.0706999       0.0734747 
        2.16785       0.0692434       0.0722111 
        2.18349       0.0675383       0.0709854 
        2.19916       0.0670635       0.0697858 
        2.21489       0.0658879       0.0686102 
        2.23063       0.0645582        0.067461 
         2.2463        0.063194       0.0663436 
        2.26194       0.0620932       0.0652544 
        2.27765       0.0610327       0.0641843 
        2.29341       0.0602673       0.0631356 
        2.30914       0.0589953       0.0621127 
        2.32486       0.0579672       0.0611131 
        2.34061       0.0570662       0.0601341 
        2.35635       0.0560375       0.0591776 
        2.37203       0.0551883       0.0582453 
        2.38768       0.0541995       0.0573352 
        2.40339       0.0532779       0.0564414 
        2.41914       0.0526298       0.0555647 
        2.43483        0.051463       0.0547099 
         2.4505       0.0506112       0.0538746 
        2.46622         0.04991        0.053054 
        2.48195       0.0489226       0.0522506 
        2.49759       0.0484175       0.0514682 
        2.51328       0.0477786       0.0506999 
        2.52906       0.0468838       0.0499426 
        2.54479       0.0461267       0.0492037 
        2.56049       0.0454239       0.0484812 
        2.57618       0.0447133        0.047774 
        2.59189       0.0440538         0.04708 
        2.60758       0.0435001       0.0464009 
        2.62325       0.0427147       0.0457361 
        2.63898       0.0420623       0.0450822 
        2.65468       0.0412904       0.0444425 
        2.67044        0.040922       0.0438125 
        2.68618       0.0402248       0.0431963 
        2.70184       0.0395893       0.0425945 
        2.71755        0.038834       0.0420028 
        2.73329        0.038411       0.0414214 
        2.74897       0.0379592       0.0408531 
        2.76462       0.0372852       0.0402967 
        2.78034       0.0367925       0.0397485 
        2.79607       0.0362738         0.03921 
        2.81179       0.0357623       0.0386821 
        2.82749       0.0351923       0.0381646 
        2.84321       0.0347142        0.037656 
        2.85893       0.0341986        0.037157 
        2.87462       0.0338635       0.0366679 
        2.89033       0.0333535       0.0361872 
        2.90605       0.0327507       0.0357148 
        2.92176       0.0324614       0.0352511 
        2.93747       0.0319828        0.034796 
        2.95318       0.0314385       0.0343488 
        2.96891        0.031115       0.0339093 
        2.98456       0.0307841       0.0334796 
        3.00023       0.0302217       0.0330567 
        3.01596         0.02977       0.0326398 
        3.03164       0.0295575       0.0322314 
        3.04738       0.0291169       0.0318288 
         3.0631       0.0285971       0.0314333 
        3.07883       0.0282411       0.0310445 
        3.09456       0.0280353       0.0306624 
        3.11026       0.0275614       0.0302873 
        3.12596       0.0273157       0.0299187 
        3.14163       0.0269137        0.029557 
        3.15734       0.0265776       0.0292005 
        3.17308       0.0262318       0.0288491 
        3.18879       0.0259038       0.0285045 
        3.20447       0.0256578        0.028166 
         3.2202       0.0252794        0.027832 
         3.2359       0.0250201       0.0275041 
        3.25157       0.0246568       0.0271823 
        3.26729       0.0244338       0.0268646 
        3.28304       0.0240827       0.0265515 
        3.29877       0.0238399       0.0262438 
        3.31446       0.0235084       0.0259417 
        3.33014       0.0232376       0.0256446 
        3.34585       0.0229782       0.0253517 
        3.36158       0.0226244       0.0250631 
        3.37727       0.0224566       0.0247798 
        3.39294       0.0222184       0.0245012 
        3.40867       0.0219832       0.0242259 
        3.42439       0.0217419       0.0239551 
        3.44008       0.0214836       0.0236889 
        3.45578       0.0212726       0.0234266 
        3.47153       0.0209858       0.0231677 
        3.48724       0.0208645       0.0229132 
        3.50292       0.0205005       0.0226632 
        3.51859       0.0202505        0.022417 
        3.53431       0.0201584       0.0221737 
        3.55007       0.0199339       0.0219335 
        3.56577       0.0197789       0.0216978 
        3.58146       0.0194415       0.0214657 
        3.59719       0.0192989       0.0212365 
        3.61292       0.0190496       0.0210107 
        3.62859       0.0188722       0.0207891 
        3.64429       0.0187383       0.0205702 
        3.66003       0.0185211       0.0203539 
        3.67578       0.0183388       0.0201408 
        3.69146       0.0181967       0.0199316 
        3.70712       0.0180446       0.0197257 
        3.72284       0.0178125        0.019522 
        3.73853        0.017614       0.0193215 
        3.75422       0.0175443       0.0191238 
        3.76993       0.0173039       0.0189287 
        3.78564       0.0172054       0.0187364 
        3.80137       0.0170287       0.0185465 
        3.81707       0.0168031       0.0183597 
        3.83279       0.0166868       0.0181753 
        3.84853       0.0165445       0.0179931 
        3.86424        0.016366       0.0178138 
        3.87992       0.0162508       0.0176372 
        3.89561       0.0161388       0.0174631 
        3.91134       0.0159902       0.0172909 
        3.92704       0.0157956       0.0171213 
        3.94273       0.0156658       0.0169541 
        3.95845       0.0155174       0.0167889 
        3.97418       0.0154144       0.0166259 
        3.98988        0.015269       0.0164652 
        4.00554        0.015084       0.0163071 
        4.02125       0.0149014       0.0161507 
        4.03698       0.0147676       0.0159961 
        4.05268       0.0145559       0.0158439 
        4.06839        0.014338       0.0156935 
         4.0841        0.014186       0.0155452 
        4.09983       0.0139773       0.0153986 
        4.11555       0.0138445       0.0152539 
        4.13124       0.0136477       0.0151115 
        4.14693       0.0134698       0.0149708 
        4.16266       0.0133071       0.0148316 
        4.17839       0.0131577       0.0146943 
        4.19408       0.0130301        0.014559 
        4.20977       0.0128686       0.0144254 
        4.22551       0.0127067       0.0142931 
        4.24123       0.0125858       0.0141627 
        4.25691       0.0124761       0.0140342 
        4.27259       0.0123366       0.0139073 
        4.28831        0.012254       0.0137818 
        4.30404       0.0121377       0.0136576 
        4.31974           0.012       0.0135353 
        4.33543       0.0119084       0.0134146 
        4.35116        0.011808        0.013295 
        4.36688       0.0117208        0.013177 
        4.38255       0.0116562       0.0130608 
        4.39825       0.0115798       0.0129458 
        4.41398       0.0115394        0.012832 
         4.4297       0.0114666       0.0127196 
        4.44541       0.0113898       0.0126086 
        4.46111       0.0113168       0.0124991 
        4.47683        0.011287       0.0123908 
        4.49251       0.0112101        0.012284 
        4.50819       0.0111682       0.0121784 
         4.5239        0.011141        0.012074 
        4.53962       0.0111144       0.0119707 
        4.55535       0.0110881       0.0118686 
        4.57106       0.0111124       0.0117678 
        4.58678       0.0110322       0.0116681 
         4.6025       0.0110588       0.0115696 
        4.61821       0.0110504       0.0114722 
        4.63391       0.0110279       0.0113761 
         4.6496       0.0110599       0.0112812 
        4.66532       0.0110462       0.0111872 
        4.68103       0.0110679       0.0110943 
        4.69673       0.0110743       0.0110026 
        4.71241       0.0111355       0.0109119 
        4.72811       0.0111157       0.0108222 
        4.74384       0.0111766       0.0107334 
        4.75955       0.0111924       0.0106457 
        4.77525       0.0112552       0.0105591 
        4.79096       0.0113208       0.0104733 
        4.80669       0.0113144       0.0103884 
         4.8224       0.0114467       0.0103046 
        4.83809       0.0114639       0.0102217 
        4.85379       0.0115614       0.0101398 
         4.8695       0.0116044       0.0100587 
        4.88521        0.011674      0.00997851 
        4.90093       0.0117567       0.0098992 
        4.91663       0.0119244      0.00982082 
        4.93234       0.0119867      0.00974322 
        4.94807        0.012067       0.0096664 
        4.96377       0.0121331      0.00959057 
        4.97943       0.0122619      0.00951571 
        4.99514       0.0123876      0.00944146 
        5.01086       0.0124904      0.00936795 
        5.02654       0.0126615      0.00929542 
        5.04227       0.0127941      0.00922345 
          5.058       0.0129267      0.00915221 
        5.07371       0.0130435      0.00908186 
        5.08942       0.0132986      0.00901225 
        5.10513       0.0133678      0.00894337 
        5.12084       0.0135133      0.00887518 
        5.13656       0.0137228      0.00880771 
        5.15225       0.0138771      0.00874107 
        5.16796       0.0141221      0.00867501 
        5.18369       0.0142482      0.00860958 
         5.1994       0.0144673      0.00854494 
        5.21509       0.0147129      0.00848103 
        5.23079         0.01485      0.00841771 
        5.24649       0.0151133      0.00835508 
        5.26217       0.0153379      0.00829314 
        5.27788       0.0156109      0.00823174 
        5.29359        0.015795      0.00817096 
        5.30933       0.0161334      0.00811071 
        5.32504       0.0163067      0.00805116 
        5.34073       0.0166214      0.00799229 
        5.35646       0.0168523      0.00793389 
        5.37218       0.0171771      0.00787606 
        5.38789       0.0174709      0.00781891 
        5.40357       0.0177295      0.00776239 
        5.41929       0.0179993      0.00770631 
        5.43502       0.0183656      0.00765079 
         5.4507       0.0187485      0.00759594 
        5.46639       0.0191715      0.00754163 
        5.48212       0.0192881      0.00748772 
        5.49786        0.019707      0.00743428 
        5.51353       0.0201812      0.00738163 
        5.52921       0.0205707      0.00732944 
        5.54495       0.0209814      0.00727761 
        5.56066       0.0213416      0.00722633 
        5.57637       0.0218089      0.00717556 
        5.59207       0.0221553      0.00712532 
        5.60778       0.0226183      0.00707555 
        5.62346       0.0231386      0.00702633 
        5.63916       0.0235437      0.00697753 
        5.65487       0.0241161      0.00692917 
         5.6706       0.0243883      0.00688122 
        5.68633       0.0250525       0.0068337 
        5.70203       0.0255946      0.00678673 
        5.71773       0.0261428      0.00674022 
        5.73344       0.0266212      0.00669412 
        5.74916       0.0273914      0.00664841 
        5.76486       0.0278613      0.00660319 
        5.78054       0.0283167      0.00655847 
        5.79626       0.0290343      0.00651403 
          5.812       0.0296498      0.00646997 
         5.8277       0.0303453      0.00642645 
        5.84339       0.0309561      0.00638332 
        5.85911       0.0318557      0.00634052 
        5.87484       0.0325443      0.00629811 
        5.89053       0.0332111      0.00625618 
        5.90623       0.0341049      0.00621461 
        5.92195       0.0350372      0.00617336 
        5.93767       0.0356005       0.0061325 
        5.95336       0.0365234      0.00609208 
        5.96905       0.0373718      0.00605204 
        5.98476       0.0378989      0.00601231 
        6.00048       0.0390033      0.00597292 
        6.01617       0.0398629      0.00593394 
        6.03185       0.0408531      0.00589536 
        6.04756       0.0419167      0.00585703 
        6.06331        0.042764      0.00581896 
        6.07903        0.044115      0.00578131 
        6.09473       0.0449575      0.00574404 
        6.11044       0.0462338      0.00570706 
        6.12616       0.0475686      0.00567041 
        6.14186       0.0483614      0.00563412 
        6.15755       0.0496033      0.00559815 
        6.17326       0.0504805      0.00556248 
        6.18898       0.0522436      0.00552709 
        6.20467       0.0538126      0.00549208 
        6.22036       0.0549171      0.00545738 
         6.2361       0.0563266      0.00542289 
         6.2518       0.0578462      0.00538875 
        6.26748       0.0588505      0.00535499 
        6.28319       0.0609478      0.00532142 
        6.29893       0.0623228      0.00528811 
        6.31463       0.0640178      0.00525514 
        6.33033       0.0654954      0.00522247 
        6.34604       0.0672789      0.00519005 
        6.36177       0.0692839      0.00515788 
        6.37747       0.0707897      0.00512605 
        6.39316       0.0729672       0.0050945 
        6.40888        0.074683      0.00506316 
         6.4246       0.0774504      0.00503208 
        6.44031       0.0793357      0.00500128 
        6.45601       0.0815193      0.00497078 
        6.47172       0.0831665       0.0049405 
        6.48744       0.0860298      0.00491046 
        6.50313       0.0879357      0.00488072 
        6.51882       0.0912963      0.00485124 
        6.53452       0.0928738      0.00482198 
        6.55025       0.0964435      0.00479291 
        6.56597       0.0981059      0.00476412 
        6.58166        0.101936       0.0047356 
        6.59736        0.104868       0.0047073 
        6.61307         0.10741      0.00467921 
         6.6288        0.109414      0.00465134 
         6.6445        0.112978      0.00462372 
         6.6602        0.116915      0.00459634 
        6.67592        0.121383      0.00456915 
        6.69164        0.123772      0.00454219 
        6.70735        0.128002      0.00451546 
        6.72304        0.131613      0.00448897 
        6.73874        0.136462      0.00446269 
        6.75446        0.139146      0.00443659 
        6.77016        0.143789      0.00441074 
        6.78585        0.149126      0.00438509 
        6.80156        0.152811      0.00435964 
        6.81729        0.156605      0.00433434 
        6.83301        0.161601      0.00430926 
         6.8487        0.167219      0.00428443 
         6.8644        0.172616      0.00425979 
        6.88012        0.178732      0.00423531 
        6.89583        0.184483      0.00421105 
        6.91151        0.189862      0.00418701 
        6.92723         0.19473       0.0041631 
        6.94296        0.202366      0.00413937 
        6.95866        0.208947      0.00411587 
        6.97436         0.21493      0.00409256 
        6.99007        0.221045      0.00406941 
        7.00578        0.229091      0.00404644 
        7.02147        0.239144      0.00402368 
        7.03718        0.244333      0.00400107 
         7.0529        0.253604      0.00397862 
        7.06863        0.259783      0.00395633 
        7.08433         0.27069      0.00393424 
        7.10004        0.276942      0.00391233 
        7.11575         0.29043      0.00389058 
        7.13145        0.296959        0.003869 
        7.14715        0.306324      0.00384759 
        7.16284        0.317396      0.00382637 
        7.17855        0.328577      0.00380526 
        7.19428        0.342915       0.0037843 
        7.20998        0.350054      0.00376353 
        7.22568        0.362272      0.00374293 
        7.24139         0.37461      0.00372246 
        7.25711        0.386521      0.00370215 
        7.27282        0.404434      0.00368199 
        7.28852        0.417305        0.003662 
        7.30423        0.430113      0.00364213 
        7.31995        0.449007      0.00362243 
        7.33565        0.459634      0.00360287 
        7.35135        0.477443      0.00358346 
        7.36706        0.490179       0.0035642 
        7.38277         0.50622      0.00354507 
        7.39847        0.525527      0.00352609 
        7.41419        0.537225      0.00350724 
         7.4299        0.561367      0.00348853 
        7.44561        0.585299      0.00346996 
        7.46132        0.598327      0.00345153 
        7.47701        0.627663      0.00343325 
        7.49272        0.640926      0.00341509 
        7.50842        0.670635      0.00339706 
         7.5241        0.682868      0.00337919 
        7.53981        0.714913      0.00336143 
        7.55552        0.728587      0.00334378 
        7.57125        0.763402      0.00332625 
        7.58698        0.789809      0.00330883 
        7.60268        0.813815      0.00329158 
         7.6184        0.828095      0.00327444 
        7.63411        0.864838      0.00325742 
        7.64981        0.905588      0.00324053 
        7.66552        0.911182      0.00322377 
        7.68123        0.947373      0.00320711 
        7.69695        0.951535      0.00319057 
        7.71264        0.996892      0.00317417 
        7.72834         1.02189      0.00315788 
        7.74407         1.04831      0.00314168 
        7.75978         1.08067      0.00312559 
        7.77546         1.10398      0.00310967 
        7.79116         1.11779      0.00309383 
         7.8069         1.14379      0.00307807 
         7.8226         1.16024      0.00306245 
        7.83828         1.21275      0.00304697 
        7.85399         1.24844      0.00303157 
        7.86972         1.25599      0.00301624 
        7.88543         1.24956      0.00300105 
        7.90111         1.26865        0.002986 
        7.91681         1.30536      0.00297102 
        7.93255         1.32085      0.00295612 
        7.94828          1.3235      0.00294132 
        7.96397         1.34204      0.00292666 
        7.97967         1.33742      0.00291209 
        7.99538         1.35918      0.00289762 
         8.0111         1.37319      0.00288324 
         8.0268         1.35144      0.00286897 
        8.04248         1.34427      0.00285482 
         8.0582         1.34252      0.00284073 
        8.07393         1.34821      0.00282672 
        8.08963         1.34175      0.00281284 
        8.10533         1.33142      0.00279905 
        8.12104         1.27707      0.00278534 
        8.13675         1.24673      0.00277173 
        8.15245         1.22001      0.00275822 
        8.16815         1.22289       0.0027448 
        8.18387         1.19749      0.00273145 
        8.19959         1.16938      0.00271819 
         8.2153         1.15022      0.00270503 
        8.23101         1.13451      0.00269195 
        8.24672         1.08752      0.00267897 
        8.26241          1.0711      0.00266608 
         8.2781         1.03884      0.00265329 
        8.29381         1.01913      0.00264055 
        8.30952         1.00923      0.00262791 
        8.32524        0.979463      0.00261534 
        8.34095        0.969726      0.00260285 
        8.35666        0.942039      0.00259046 
        8.37237        0.911529      0.00257814 
        8.38808        0.901081       0.0025659 
        8.40379        0.882972      0.00255375 
         8.4195        0.854721      0.00254168 
         8.4352        0.826696      0.00252968 
        8.45091        0.805736      0.00251777 
        8.46662        0.804411      0.00250592 
        8.48232        0.792751      0.00249416 
        8.49802        0.755178      0.00248248 
        8.51374        0.751862      0.00247086 
        8.52945        0.728036      0.00245932 
        8.54515        0.711223      0.00244786 
        8.56086        0.691891      0.00243647 
        8.57658        0.678263      0.00242515 
        8.59228        0.668673      0.00241391 
        8.60799        0.650848      0.00240273 
        8.62371        0.632414      0.00239162 
        8.63942        0.621307      0.00238059 
        8.65512        0.608203      0.00236963 
        8.67082        0.591187      0.00235875 
        8.68653        0.588373      0.00234792 
        8.70224        0.574274      0.00233717 
        8.71795        0.565647      0.00232648 
        8.73365        0.550097      0.00231586 
        8.74936        0.542729      0.00230531 
        8.76506        0.528849      0.00229483 
        8.78076        0.519137      0.00228442 
        8.79646        0.508748      0.00227407 
        8.81218        0.499848      0.00226377 
        8.82791        0.495397      0.00225353 
         8.8436        0.489062      0.00224337 
         8.8593        0.478228      0.00223328 
        8.87503        0.467479      0.00222323 
        8.89076        0.459923      0.00221324 
        8.90644        0.453686      0.00220335 
        8.92214        0.442945       0.0021935 
        8.93786         0.43489       0.0021837 
        8.95357        0.430695      0.00217397 
        8.96928        0.423631       0.0021643 
        8.98498        0.419921      0.00215469 
        9.00069        0.411318      0.00214514 
        9.01639        0.406597      0.00213564 
        9.03208        0.401209      0.00212622 
        9.04778        0.397228      0.00211684 
        9.06351        0.387059      0.00210751 
        9.07923        0.385751      0.00209824 
        9.09493        0.384372      0.00208903 
        9.11062        0.376513      0.00207988 
        9.12635        0.370829      0.00207078 
        9.14207        0.364711      0.00206173 
        9.15777        0.362878      0.00205274 
        9.17346        0.358995      0.00204381 
        9.18917        0.356001      0.00203493 
         9.2049        0.352083      0.00202609 
        9.22061        0.349027      0.00201731 
        9.23631        0.344949      0.00200859 
        9.25201         0.34247      0.00199992 
        9.26773        0.338387       0.0019913 
        9.28343        0.336366      0.00198273 
        9.29913        0.332704      0.00197422 
        9.31484        0.331486      0.00196575 
        9.33057        0.330139      0.00195732 
        9.34627        0.327995      0.00194895 
        9.36197        0.326236      0.00194064 
        9.37768        0.321554      0.00193236 
        9.39338         0.32261      0.00192414 
        9.40909        0.318665      0.00191597 
        9.42479        0.318694      0.00190785 
         9.4405        0.317412      0.00189977 
        9.45621        0.315472      0.00189174 
        9.47193        0.315265      0.00188376 
        9.48763         0.31408      0.00187582 
        9.50334        0.314709      0.00186793 
        9.51906        0.313157      0.00186009 
        9.53476        0.312582      0.00185229 
        9.55045        0.312111      0.00184454 
        9.56616        0.310247      0.00183684 
        9.58188         0.31496      0.00182916 
        9.59759        0.311159      0.00182154 
         9.6133        0.311727      0.00181396 
        9.62901         0.31411      0.00180641 
        9.64471        0.310492      0.00179892 
        9.66041        0.317326      0.00179146 
        9.67612        0.312651      0.00178404 
        9.69184        0.317969      0.00177666 
        9.70754        0.317871      0.00176933 
        9.72324        0.316127      0.00176204 
        9.73895         0.32095      0.00175479 
        9.75467        0.317327      0.00174759 
        9.77038        0.324766      0.00174044 
        9.78607        0.322806      0.00173334 
        9.80177        0.325539      0.00172628 
        9.81749        0.328593      0.00171927 
         9.8332        0.324738      0.00171231 
         9.8489        0.337239      0.00170539 
        9.86463        0.330818      0.00169851 
        9.88035        0.338354      0.00169166 
        9.89606        0.340356      0.00168485 
        9.91175        0.339406      0.00167808 
        9.92745        0.349116      0.00167133 
        9.94317        0.344046      0.00166459 
        9.95888        0.355039      0.00165787 
        9.97458        0.354155      0.00165116 
        9.99029        0.356763      0.00164446 
         10.006         0.36461      0.00164032 
        10.0217        0.360342      0.00164032 
        10.0374        0.376384      0.00164032 
        10.0531        0.370656      0.00164032 
        10.0688        0.378715      0.00164032 
        10.0845         0.38399      0.00164032 
        10.1002        0.381675      0.00164032 
        10.1159        0.400932      0.00164032 
        10.1317        0.391924      0.00164032 
        10.1474        0.406692      0.00164032 
        10.1631        0.405467      0.00164032 
        10.1788        0.405836      0.00164032 
        10.1945        0.425676      0.00164032 
        10.2102        0.412897      0.00164032 
        10.2259         0.43985      0.00164032 
        10.2416        0.432186      0.00164032 
        10.2573        0.442765      0.00164032 
         10.273        0.452234      0.00164032 
        10.2887        0.441414      0.00164032 
        10.3044        0.474761      0.00164032 
        10.3201        0.460688      0.00164032 
        10.3359         0.48172      0.00164032 
        10.3516        0.480243      0.00164032 
        10.3673        0.481723      0.00164032 
         10.383        0.504306      0.00164032 
        10.3987        0.489876      0.00164032 
        10.4144        0.523428      0.00164032 
        10.4301        0.513876      0.00164032 
        10.4458        0.528823      0.00164032 
        10.4615        0.542081      0.00164032 
        10.4772         0.51785      0.00164032 
        10.4929        0.573863      0.00164032 
        10.5086        0.547447      0.00164032 
        10.5244        0.575822      0.00164032 
        10.5401        0.578574      0.00164032 
        10.5558         0.56971      0.00164032 
        10.5715        0.617763      0.00164032 
        10.5872        0.581037      0.00164032 
        10.6029         0.62934      0.00164032 
        10.6186        0.618351      0.00164032 
        10.6343        0.625327      0.00164032 
          10.65        0.652252      0.00164032 
        10.6657        0.622441      0.00164032 
        10.6814        0.685778      0.00164032 
        10.6971        0.652444      0.00164032 
        10.7129        0.680731      0.00164032 
        10.7286        0.694799      0.00164032 
        10.7443        0.665617      0.00164032 
          10.76        0.735288      0.00164032 
        10.7757        0.684635      0.00164032 
        10.7914        0.740025      0.00164032 
        10.8071        0.724558      0.00164032 
        10.8228        0.724599      0.00164032 
        10.8385        0.775457      0.00164032 
        10.8542        0.717113      0.00164032 
        10.8699        0.805105      0.00164032 
        10.8856        0.760326      0.00164032 
        10.9014        0.788251      0.00164032 
        10.9171        0.800631      0.00164032 
        10.9328        0.750115      0.00164032 
        10.9485        0.861667      0.00164032 
        10.9642         0.78579      0.00164032 
        10.9799        0.843806      0.00164032 
        10.9956        0.829469      0.00164032 
        11.0113        0.808503      0.00164032 
         11.027          0.8767      0.00164032 
        11.0427        0.798754      0.00164032 
        11.0584        0.897687      0.00164032 
        11.0741        0.848822      0.00164032 
        11.0898        0.856161      0.00164032 
        11.1055        0.898919      0.00164032 
        11.1212        0.817943      0.00164032 
         11.137        0.934989      0.00164032 
        11.1527        0.857741      0.00164032 
        11.1684        0.902529      0.00164032 
        11.1841        0.892919      0.00164032 
        11.1998         0.85875      0.00164032 
        11.2155        0.945324      0.00164032 
        11.2312        0.854126      0.00164032 
        11.2469         0.94639      0.00164032 
        11.2626        0.891812      0.00164032 
        11.2783        0.887684      0.00164032 
         11.294        0.932162      0.00164032 
        11.3097        0.849401      0.00164032 
        11.3254        0.964225      0.00164032 
        11.3412        0.883261      0.00164032 
        11.3569        0.919385      0.00164032 
        11.3726        0.911628      0.00164032 
        11.3883        0.848027      0.00164032 
         11.404        0.960639      0.00164032 
        11.4197        0.864901      0.00164032 
        11.4354        0.928137      0.00164032 
        11.4511        0.892514      0.00164032 
        11.4668         0.86617      0.00164032 
        11.4825        0.919584      0.00164032 
        11.4982        0.845362      0.00164032 
         11.514        0.924955      0.00164032 
        11.5297        0.859074      0.00164032 
        11.5454        0.872947      0.00164032 
        11.5611        0.894908      0.00164032 
        11.5768        0.823235      0.00164032 
        11.5925        0.911906      0.00164032 
        11.6082         0.83164      0.00164032 
        11.6239        0.874208      0.00164032 
        11.6396        0.854872      0.00164032 
        11.6553        0.815758      0.00164032 
         11.671         0.87303      0.00164032 
        11.6867        0.803966      0.00164032 
        11.7024        0.851554      0.00164032 
        11.7182        0.820012      0.00164032 
        11.7339        0.814312      0.00164032 
        11.7496         0.82715      0.00164032 
        11.7653         0.77507      0.00164032 
         11.781         0.83557      0.00164032 
        11.7967        0.785338      0.00164032 
        11.8124        0.795926      0.00164032 
        11.8281        0.794945      0.00164032 
        11.8438        0.758583      0.00164032 
        11.8595        0.802792      0.00164032 
        11.8752         0.75366      0.00164032 
         11.891        0.779079      0.00164032 
        11.9067        0.760807      0.00164032 
        11.9224        0.746009      0.00164032 
        11.9381         0.76672      0.00164032 
        11.9538        0.723904      0.00164032 
        11.9695        0.760751      0.00164032 
        11.9852        0.726116      0.00164032 
        12.0009        0.726894      0.00164032 
        12.0166        0.733178      0.00164032 
        12.0323        0.695168      0.00164032 
         12.048        0.734959      0.00164032 
        12.0637        0.697773      0.00164032 
