# k  (h/Mpc)    Pcb(k)  (Mpc/h)^3    Pcb_linear(k) (Mpc/h)^3   ShotnoiseSubtracted = true
      0.0200456         11043.8         11191.7 
      0.0350414         7801.74         7570.37 
      0.0492313         5358.61         5389.72 
      0.0637834         4293.31         4435.23 
      0.0800726         3246.76         3358.71 
       0.096163         2481.49         2371.03 
       0.111083         2041.06         1930.91 
       0.126058         1700.94         1706.57 
       0.142273         1412.13         1377.32 
       0.158546         1145.86         1073.92 
        0.17375         1013.76         932.098 
       0.188953         933.198         840.354 
       0.204907         778.288         714.789 
       0.220756         692.252         598.967 
        0.23588         618.563          533.16 
         0.2514         552.004         484.398 
       0.267535           527.9         426.396 
       0.283568         457.831         372.595 
       0.299022         435.453         336.382 
       0.314451         434.633          308.01 
       0.330372         371.354         277.949 
       0.346141         342.983         250.162 
       0.361624         325.588         228.649 
       0.377134         301.892         210.757 
       0.392932         292.039          193.35 
       0.408854         276.781         177.009 
       0.424564         265.913         163.326 
       0.440253         239.622         151.526 
       0.455999         227.214         140.545 
       0.471626         225.452         130.457 
        0.48727         214.004         121.477 
       0.502856          195.38         113.534 
       0.518488           195.3         106.203 
       0.534347         181.256         99.3371 
       0.550082         176.467         93.1446 
       0.565732          174.51         87.5624 
       0.581496         162.289         82.3861 
       0.597222         158.345         77.6122 
       0.612804         152.875         73.2509 
       0.628434         148.276         69.2295 
       0.644267         140.743         65.4682 
       0.660051         137.431         61.9927 
       0.675724         135.457         58.7877 
       0.691403         131.922         55.8054 
       0.707174         126.995         53.0122 
       0.722871         124.841         50.4205 
        0.73838         123.028          48.029 
       0.754018         115.553          45.774 
       0.769845         115.307         43.6389 
        0.78569         111.939         41.6377 
       0.801365         108.125         39.7816 
       0.817031         105.252         38.0398 
       0.832809         103.216         36.3911 
       0.848511          100.69         34.8474 
       0.864097         98.7668         33.4038 
       0.879701         97.2685         32.0404 
       0.895507          94.131          30.737 
       0.911279         91.8839         29.5087 
        0.92691         89.8759         28.3576 
       0.942635         87.7372         27.2614 
       0.958396         87.2791         26.2207 
       0.974128         85.2799         25.2361 
       0.989692         83.0126         24.3117 
        1.00528         81.8115         23.4321 
        1.02113         79.7187         22.5822 
        1.03692         79.4553         21.7776 
        1.05264         78.3706         21.0158 
        1.06832         75.7887         20.2915 
        1.08405         74.8925         19.5994 
        1.09979         74.2804         18.9391 
        1.11537         72.1938         18.3158 
        1.13105          71.117         17.7167 
        1.14679         70.1201         17.1421 
        1.16256         68.6231         16.5918 
        1.17828         68.1167         16.0674 
        1.19395          66.379         15.5674 
         1.2097         66.1212         15.0861 
        1.22537         64.5922         14.6275 
          1.241          64.437         14.1892 
        1.25666         62.0906         13.7678 
        1.27241         61.8449         13.3615 
        1.28819         61.3025         12.9708 
        1.30392         60.0152         12.5969 
        1.31957         59.6039         12.2394 
        1.33529         58.6796         11.8944 
        1.35108         58.1963         11.5612 
        1.36674         57.0916         11.2432 
         1.3824         56.5152         10.9374 
        1.39811         55.2492          10.642 
        1.41389         54.5076         10.3563 
        1.42964         53.9056         10.0815 
        1.44531          53.338         9.81803 
        1.46101         52.8466         9.56338 
        1.47667         52.0073         9.31849 
        1.49229         51.2469          9.0828 
        1.50793         50.6906         8.85498 
        1.52367           50.37         8.63348 
        1.53953          49.569         8.41806 
        1.55526         48.5643         8.21167 
        1.57092         48.5365         8.01304 
        1.58662         47.8698         7.82049 
        1.60235         47.2533         7.63387 
        1.61809         46.3627         7.45323 
        1.63369         45.8717         7.28001 
        1.64941         45.5459         7.11105 
        1.66519         44.5669         6.94682 
        1.68085         44.2587         6.78893 
        1.69652          43.509         6.63589 
        1.71228         43.2085         6.48668 
        1.72806         42.8197         6.34192 
        1.74368         42.1319         6.20302 
        1.75933         41.8797         6.06798 
        1.77505         41.3422         5.93632 
        1.79081         40.9236         5.80832 
         1.8065         40.5355         5.68463 
        1.82218         39.5198         5.56464 
        1.83797         39.2089         5.44728 
        1.85367         38.9285         5.33394 
        1.86928         38.6481         5.22449 
        1.88497         38.0172          5.1175 
        1.90073          37.555         5.01311 
        1.91647         37.4545         4.91171 
        1.93218         37.1273         4.81332 
        1.94787         36.5938         4.71776 
        1.96363         36.0978          4.6244 
        1.97935         35.7083         4.53375 
        1.99499          35.366         4.44604 
        2.01064           34.79         4.36051 
         2.0264         34.7972         4.27668 
        2.04216         34.2763         4.19509 
        2.05781         33.9334         4.11614 
        2.07353         33.3558         4.03893 
        2.08928         33.3856         3.96352 
        2.10499         32.9783         3.89023 
        2.12065         32.5453         3.81901 
        2.13633         32.4126          3.7495 
        2.15211          31.903         3.68126 
        2.16785         31.4077         3.61491 
        2.18349         31.2059          3.5506 
        2.19916         30.8901         3.48771 
        2.21489         30.7124         3.42614 
        2.23063         30.3127           3.366 
         2.2463         30.0778         3.30757 
        2.26194         29.7185         3.25066 
        2.27765         29.3938          3.1948 
        2.29341         29.0467          3.1401 
        2.30914         28.7694         3.08678 
        2.32486         28.4678         3.03473 
        2.34061         28.2234         2.98379 
        2.35635         27.9749         2.93405 
        2.37203         27.7081         2.88562 
        2.38768          27.525         2.83838 
        2.40339          27.226         2.79201 
        2.41914         27.0203         2.74658 
        2.43483         26.7586          2.7023 
         2.4505         26.4919         2.65908 
        2.46622          26.125         2.61664 
        2.48195         25.9782         2.57513 
        2.49759         25.6438         2.53473 
        2.51328         25.3872         2.49509 
        2.52906         25.1727         2.45604 
        2.54479         25.0117         2.41798 
        2.56049         24.7888         2.38078 
        2.57618         24.5146          2.3444 
        2.59189         24.2935         2.30872 
        2.60758         24.0126         2.27384 
        2.62325         23.8082         2.23971 
        2.63898         23.6994         2.20617 
        2.65468         23.3428         2.17337 
        2.67044         23.1663          2.1411 
        2.68618         22.9507         2.10956 
        2.70184         22.7073         2.07878 
        2.71755         22.4664         2.04853 
        2.73329         22.2985         2.01883 
        2.74897          22.077         1.98982 
        2.76462         21.9052         1.96143 
        2.78034         21.6176         1.93348 
        2.79607         21.4907         1.90605 
        2.81179         21.2642         1.87917 
        2.82749         21.0481         1.85284 
        2.84321           20.86         1.82699 
        2.85893         20.7027         1.80163 
        2.87462         20.5403         1.77679 
        2.89033         20.3002          1.7524 
        2.90605         20.1099         1.72844 
        2.92176         19.9067         1.70494 
        2.93747         19.7483         1.68189 
        2.95318         19.6586         1.65925 
        2.96891         19.3575         1.63702 
        2.98456         19.2503          1.6153 
        3.00023          18.994         1.59393 
        3.01596         18.7396         1.57288 
        3.03164         18.6781         1.55227 
        3.04738         18.5378         1.53197 
         3.0631         18.3597         1.51204 
        3.07883         18.1799         1.49246 
        3.09456         17.9824         1.47322 
        3.11026         17.8375         1.45435 
        3.12596         17.6238         1.43582 
        3.14163          17.543         1.41764 
        3.15734         17.4353         1.39974 
        3.17308         17.1648         1.38211 
        3.18879          17.019         1.36482 
        3.20447         16.9775         1.34785 
         3.2202         16.7195         1.33112 
         3.2359         16.5553          1.3147 
        3.25157         16.4141         1.29859 
        3.26729         16.3327          1.2827 
        3.28304         16.1843         1.26705 
        3.29877         16.0757         1.25168 
        3.31446         15.9251         1.23659 
        3.33014         15.6976         1.22177 
        3.34585         15.6738         1.20716 
        3.36158         15.4651         1.19277 
        3.37727         15.3553         1.17866 
        3.39294         15.2559         1.16479 
        3.40867         15.1117         1.15109 
        3.42439          14.909         1.13762 
        3.44008         14.8097         1.12438 
        3.45578         14.6957         1.11135 
        3.47153         14.5799         1.09849 
        3.48724         14.4601         1.08586 
        3.50292         14.3124         1.07346 
        3.51859         14.2243         1.06125 
        3.53431          14.098          1.0492 
        3.55007         13.9792          1.0373 
        3.56577         13.8522         1.02563 
        3.58146         13.7343         1.01415 
        3.59719         13.6257         1.00282 
        3.61292         13.5324        0.991656 
        3.62859         13.3399        0.980707 
        3.64429         13.2678        0.969902 
        3.66003         13.1544        0.959226 
        3.67578         13.1101        0.948714 
        3.69146         12.9661        0.938398 
        3.70712         12.8211        0.928253 
        3.72284         12.7272         0.91822 
        3.73853         12.6503        0.908352 
        3.75422         12.4785        0.898624 
        3.76993          12.419         0.88903 
        3.78564         12.3351        0.879579 
        3.80137          12.194        0.870249 
        3.81707         12.0647        0.861073 
        3.83279         12.0537        0.852022 
        3.84853         11.9118        0.843085 
        3.86424         11.8125        0.834293 
        3.87992         11.7219        0.825639 
        3.89561         11.6026        0.817107 
        3.91134         11.5204        0.808677 
        3.92704         11.4389        0.800375 
        3.94273         11.3404        0.792197 
        3.95845          11.241        0.784118 
        3.97418          11.154        0.776149 
        3.98988         11.0716        0.768301 
        4.00554         10.9548        0.760583 
        4.02125         10.8846        0.752947 
        4.03698         10.8013        0.745405 
        4.05268         10.7295        0.737982 
        4.06839         10.6068        0.730654 
         4.0841         10.5384        0.723427 
        4.09983         10.4319        0.716287 
        4.11555         10.3767        0.709247 
        4.13124          10.278        0.702319 
        4.14693         10.2142        0.695478 
        4.16266         10.1258        0.688711 
        4.17839         10.0328        0.682038 
        4.19408         9.97936        0.675468 
        4.20977         9.87306        0.668982 
        4.22551         9.81414        0.662564 
        4.24123         9.72644        0.656237 
        4.25691         9.65461        0.650009 
        4.27259         9.55454         0.64386 
        4.28831         9.50808        0.637777 
        4.30404         9.41517        0.631767 
        4.31974         9.34682        0.625847 
        4.33543         9.26652        0.620006 
        4.35116         9.21161        0.614224 
        4.36688         9.12887        0.608519 
        4.38255         9.04784        0.602906 
        4.39825         8.98929        0.597352 
        4.41398         8.92416        0.591856 
         4.4297         8.83999        0.586436 
        4.44541         8.78534        0.581083 
        4.46111         8.70096        0.575801 
        4.47683         8.62337         0.57058 
        4.49251         8.58255        0.565435 
        4.50819          8.5095        0.560354 
         4.5239         8.45071        0.555327 
        4.53962         8.38055        0.550356 
        4.55535         8.31798        0.545443 
        4.57106         8.27398        0.540596 
        4.58678         8.19601        0.535807 
         4.6025         8.14199        0.531075 
        4.61821         8.07533          0.5264 
        4.63391         7.99508        0.521787 
         4.6496         7.93451        0.517231 
        4.66532         7.89897        0.512723 
        4.68103         7.82039        0.508269 
        4.69673         7.75278        0.503873 
        4.71241         7.70764        0.499532 
        4.72811         7.63816        0.495235 
        4.74384         7.60038        0.490983 
        4.75955         7.54927        0.486787 
        4.77525         7.48919        0.482642 
        4.79096          7.4317         0.47854 
        4.80669         7.35858        0.474484 
         4.8224         7.32143        0.470479 
        4.83809         7.26328        0.466524 
        4.85379         7.22858        0.462612 
         4.8695         7.16874        0.458741 
        4.88521         7.10361        0.454916 
        4.90093         7.08274        0.451134 
        4.91663         7.00584        0.447398 
        4.93234         6.95111          0.4437 
        4.94807         6.90734        0.440041 
        4.96377         6.84852         0.43643 
        4.97943         6.79583        0.432867 
        4.99514         6.75607        0.429334 
        5.01086         6.70833        0.425838 
        5.02654         6.65052        0.422389 
        5.04227         6.60403        0.418968 
          5.058         6.57052        0.415583 
        5.07371         6.52908        0.412243 
        5.08942         6.46974        0.408938 
        5.10513         6.42185        0.405669 
        5.12084         6.37059        0.402433 
        5.13656         6.32934        0.399234 
        5.15225         6.29529        0.396074 
        5.16796         6.24077        0.392944 
        5.18369         6.20872        0.389844 
         5.1994         6.16991        0.386783 
        5.21509         6.11952        0.383757 
        5.23079           6.069        0.380761 
        5.24649         6.03148        0.377798 
        5.26217         6.00194        0.374869 
        5.27788         5.95599        0.371966 
        5.29359         5.90977        0.369094 
        5.30933         5.85629        0.366247 
        5.32504         5.83449        0.363435 
        5.34073         5.78064        0.360656 
        5.35646         5.74931          0.3579 
        5.37218         5.71903        0.355172 
        5.38789         5.68342        0.352476 
        5.40357         5.64101        0.349812 
        5.41929         5.60297        0.347169 
        5.43502         5.56686        0.344553 
         5.4507         5.51905         0.34197 
        5.46639         5.47883        0.339412 
        5.48212         5.44126        0.336875 
        5.49786         5.40073        0.334361 
        5.51353           5.377        0.331885 
        5.52921         5.32749        0.329431 
        5.54495         5.31071        0.326994 
        5.56066         5.27163        0.324585 
        5.57637         5.23545          0.3222 
        5.59207         5.19515        0.319841 
        5.60778         5.16846        0.317505 
        5.62346         5.12626        0.315195 
        5.63916         5.09752        0.312906 
        5.65487          5.0614        0.310638 
         5.6706         5.03183         0.30839 
        5.68633         4.98606        0.306164 
        5.70203         4.95991        0.303963 
        5.71773         4.93081        0.301785 
        5.73344         4.90274        0.299626 
        5.74916           4.866        0.297487 
        5.76486         4.83259        0.295371 
        5.78054         4.79271        0.293279 
        5.79626         4.77651        0.291202 
          5.812         4.74756        0.289142 
         5.8277         4.70061        0.287108 
        5.84339         4.67986        0.285094 
        5.85911         4.64661        0.283094 
        5.87484         4.62123        0.281115 
        5.89053         4.58392        0.279158 
        5.90623         4.55658        0.277218 
        5.92195         4.52996        0.275294 
        5.93767         4.49661        0.273389 
        5.95336         4.47095        0.271505 
        5.96905         4.44114        0.269639 
        5.98476         4.41247        0.267788 
        6.00048         4.39374        0.265954 
        6.01617         4.36456        0.264139 
        6.03185         4.34015        0.262343 
        6.04756         4.31598         0.26056 
        6.06331         4.27743        0.258789 
        6.07903         4.25705        0.257039 
        6.09473         4.23251        0.255306 
        6.11044         4.20262        0.253587 
        6.12616         4.17681        0.251885 
        6.14186         4.14325        0.250199 
        6.15755         4.12079         0.24853 
        6.17326         4.09571        0.246874 
        6.18898         4.07279        0.245232 
        6.20467         4.04596        0.243608 
        6.22036         4.02387        0.241998 
         6.2361          3.9941        0.240399 
         6.2518         3.97334        0.238817 
        6.26748         3.94812        0.237252 
        6.28319         3.92573        0.235698 
        6.29893         3.89737        0.234155 
        6.31463         3.87969        0.232629 
        6.33033         3.85587        0.231117 
        6.34604         3.83463        0.229617 
        6.36177         3.81304        0.228129 
        6.37747         3.78576        0.226657 
        6.39316         3.76756        0.225199 
        6.40888         3.74593         0.22375 
         6.4246          3.7215        0.222315 
        6.44031         3.70324        0.220892 
        6.45601         3.67832        0.219484 
        6.47172          3.6549        0.218086 
        6.48744         3.63413          0.2167 
        6.50313         3.61393        0.215328 
        6.51882         3.58593        0.213968 
        6.53452         3.56881        0.212619 
        6.55025         3.54488        0.211279 
        6.56597         3.52356        0.209952 
        6.58166         3.50869        0.208638 
        6.59736         3.48342        0.207335 
        6.61307         3.46797        0.206041 
         6.6288         3.45069        0.204758 
         6.6445         3.42986        0.203487 
         6.6602         3.40479        0.202228 
        6.67592         3.39079        0.200977 
        6.69164          3.3745        0.199738 
        6.70735         3.35257        0.198509 
        6.72304         3.33397        0.197291 
        6.73874         3.31075        0.196084 
        6.75446          3.2937        0.194885 
        6.77016         3.27671        0.193698 
        6.78585         3.26226        0.192521 
        6.80156         3.24051        0.191353 
        6.81729         3.22742        0.190192 
        6.83301         3.20144        0.189041 
         6.8487         3.18652        0.187903 
         6.8644         3.16556        0.186773 
        6.88012         3.15161        0.185651 
        6.89583         3.13452         0.18454 
        6.91151         3.11468        0.183438 
        6.92723         3.09858        0.182344 
        6.94296         3.08533        0.181257 
        6.95866         3.06895        0.180181 
        6.97436         3.05011        0.179115 
        6.99007         3.03707        0.178056 
        7.00578         3.01532        0.177005 
        7.02147         3.00336        0.175964 
        7.03718         2.98066        0.174931 
         7.0529          2.9672        0.173905 
        7.06863         2.95074        0.172886 
        7.08433         2.93919        0.171878 
        7.10004         2.92369        0.170877 
        7.11575         2.90989        0.169884 
        7.13145         2.89381        0.168899 
        7.14715         2.87994        0.167922 
        7.16284          2.8548        0.166954 
        7.17855         2.84766        0.165991 
        7.19428         2.82699        0.165036 
        7.20998         2.82166        0.164089 
        7.22568         2.79824         0.16315 
        7.24139         2.78619        0.162218 
        7.25711         2.77269        0.161292 
        7.27282         2.76033        0.160374 
        7.28852         2.74165        0.159464 
        7.30423          2.7288         0.15856 
        7.31995         2.71209        0.157663 
        7.33565         2.70264        0.156774 
        7.35135         2.68782        0.155891 
        7.36706         2.67077        0.155015 
        7.38277         2.65716        0.154145 
        7.39847          2.6495        0.153283 
        7.41419         2.63137        0.152426 
         7.4299         2.61878        0.151576 
        7.44561         2.60738        0.150733 
        7.46132         2.59139        0.149896 
        7.47701         2.57831        0.149067 
        7.49272         2.57011        0.148242 
        7.50842         2.55369        0.147425 
         7.5241         2.54106        0.146614 
        7.53981         2.52801        0.145808 
        7.55552         2.51602        0.145008 
        7.57125         2.50454        0.144214 
        7.58698         2.48999        0.143425 
        7.60268         2.48054        0.142643 
         7.6184         2.46437        0.141867 
        7.63411         2.45704        0.141096 
        7.64981         2.44362        0.140331 
        7.66552         2.43277        0.139573 
        7.68123         2.42068        0.138819 
        7.69695         2.41128         0.13807 
        7.71264         2.39973        0.137329 
        7.72834         2.38316        0.136592 
        7.74407         2.37503         0.13586 
        7.75978         2.36214        0.135133 
        7.77546          2.3519        0.134413 
        7.79116         2.33929        0.133698 
         7.8069         2.32985        0.132986 
         7.8226         2.32179        0.132281 
        7.83828         2.31094        0.131582 
        7.85399         2.29726        0.130887 
        7.86972         2.28579        0.130195 
        7.88543         2.27597         0.12951 
        7.90111         2.26494        0.128831 
        7.91681         2.25653        0.128155 
        7.93255         2.24702        0.127484 
        7.94828         2.23208        0.126817 
        7.96397         2.22716        0.126156 
        7.97967         2.21538          0.1255 
        7.99538         2.20436        0.124848 
         8.0111         2.19387        0.124201 
         8.0268         2.18453        0.123558 
        8.04248         2.17365        0.122921 
         8.0582           2.163        0.122287 
        8.07393         2.15318        0.121657 
        8.08963          2.1437        0.121033 
        8.10533         2.13752        0.120413 
        8.12104         2.12963        0.119796 
        8.13675         2.11635        0.119185 
        8.15245          2.1039        0.118577 
        8.16815         2.09616        0.117974 
        8.18387         2.08638        0.117375 
        8.19959         2.07821        0.116779 
         8.2153         2.06933        0.116188 
        8.23101         2.06184        0.115601 
        8.24672         2.05131        0.115019 
        8.26241          2.0413        0.114441 
         8.2781         2.03577        0.113867 
        8.29381         2.02599        0.113296 
        8.30952         2.01825        0.112729 
        8.32524         2.00956        0.112165 
        8.34095         1.99974        0.111606 
        8.35666         1.99266         0.11105 
        8.37237         1.98368        0.110498 
        8.38808         1.97514         0.10995 
        8.40379         1.96866        0.109406 
         8.4195           1.955        0.108865 
         8.4352         1.95017        0.108329 
        8.45091         1.94135        0.107795 
        8.46662         1.93377        0.107265 
        8.48232         1.92633        0.106739 
        8.49802         1.91832        0.106217 
        8.51374         1.91013        0.105697 
        8.52945         1.90247        0.105182 
        8.54515         1.89517         0.10467 
        8.56086         1.88414         0.10416 
        8.57658         1.87931        0.103655 
        8.59228         1.86919        0.103153 
        8.60799          1.8636        0.102653 
        8.62371          1.8561        0.102158 
        8.63942         1.84712        0.101665 
        8.65512         1.84163        0.101176 
        8.67082          1.8307        0.100691 
        8.68653         1.82641        0.100208 
        8.70224         1.81919        0.099728 
        8.71795         1.81213       0.0992516 
        8.73365         1.80564       0.0987783 
        8.74936         1.79869        0.098308 
        8.76506         1.78905       0.0978411 
        8.78076         1.78369       0.0973771 
        8.79646         1.77782        0.096916 
        8.81218         1.76906       0.0964576 
        8.82791         1.76262       0.0960016 
         8.8436         1.75948       0.0955496 
         8.8593          1.7501       0.0951005 
        8.87503         1.74244       0.0946532 
        8.89076         1.73705        0.094209 
        8.90644         1.73046       0.0937688 
        8.92214         1.72377        0.093331 
        8.93786         1.71634       0.0928954 
        8.95357         1.70968       0.0924627 
        8.96928         1.70443        0.092033 
        8.98498         1.69897       0.0916061 
        9.00069         1.69214       0.0911817 
        9.01639         1.68843         0.09076 
        9.03208         1.68057       0.0903415 
        9.04778         1.67415       0.0899253 
        9.06351         1.66661        0.089511 
        9.07923          1.6601       0.0890995 
        9.09493         1.65641       0.0886911 
        9.11062         1.64964       0.0882854 
        9.12635         1.64318       0.0878815 
        9.14207         1.63592       0.0874802 
        9.15777         1.63102       0.0870818 
        9.17346         1.62704       0.0866862 
        9.18917         1.62003       0.0862925 
         9.2049         1.61357       0.0859008 
        9.22061         1.60713        0.085512 
        9.23631         1.60299       0.0851258 
        9.25201         1.59903        0.084742 
        9.26773          1.5897       0.0843603 
        9.28343         1.58925        0.083981 
        9.29913         1.58109       0.0836042 
        9.31484         1.57575       0.0832296 
        9.33057         1.57075       0.0828567 
        9.34627         1.56496       0.0824866 
        9.36197         1.56066        0.082119 
        9.37768         1.55519       0.0817532 
        9.39338         1.55057         0.08139 
        9.40909          1.5436       0.0810289 
        9.42479         1.53924         0.08067 
         9.4405         1.53245       0.0803132 
        9.45621          1.5293       0.0799584 
        9.47193         1.52485       0.0796059 
        9.48763         1.51962       0.0792556 
        9.50334         1.51416       0.0789073 
        9.51906         1.50883       0.0785611 
        9.53476         1.50526       0.0782172 
        9.55045         1.49974       0.0778754 
        9.56616           1.495       0.0775354 
        9.58188         1.48978       0.0771971 
        9.59759         1.48512       0.0768609 
         9.6133         1.48175       0.0765267 
        9.62901         1.47765       0.0761943 
        9.64471         1.47294       0.0758639 
        9.66041         1.46863       0.0755354 
        9.67612           1.463       0.0752085 
        9.69184         1.45891       0.0748834 
        9.70754         1.45477       0.0745606 
        9.72324         1.44846       0.0742398 
        9.73895          1.4449       0.0739209 
        9.75467         1.44255       0.0736039 
        9.77038         1.43667       0.0732892 
        9.78607         1.43217       0.0729769 
        9.80177         1.42812       0.0726667 
        9.81749         1.42467       0.0723582 
         9.8332         1.41916       0.0720522 
         9.8489         1.41667       0.0717483 
        9.86463         1.41247       0.0714459 
        9.88035         1.40742       0.0711451 
        9.89606         1.40458       0.0708461 
        9.91175         1.40146       0.0705487 
        9.92745         1.39585       0.0702522 
        9.94317         1.39353       0.0699563 
        9.95888         1.39007       0.0696612 
        9.97458         1.38492       0.0693667 
        9.99029         1.38044       0.0690724 
         10.006         1.37871       0.0688906 
        10.0217         1.37322       0.0688906 
        10.0374         1.37046       0.0688906 
        10.0531         1.36712       0.0688906 
        10.0688         1.36313       0.0688906 
        10.0845         1.35957       0.0688906 
        10.1002         1.35623       0.0688906 
        10.1159         1.35291       0.0688906 
        10.1317         1.34991       0.0688906 
        10.1474         1.34706       0.0688906 
        10.1631         1.34248       0.0688906 
        10.1788         1.34034       0.0688906 
        10.1945         1.33581       0.0688906 
        10.2102         1.33308       0.0688906 
        10.2259         1.32679       0.0688906 
        10.2416         1.32734       0.0688906 
        10.2573         1.32216       0.0688906 
         10.273         1.31932       0.0688906 
        10.2887         1.31807       0.0688906 
        10.3044         1.31247       0.0688906 
        10.3201         1.31092       0.0688906 
        10.3359         1.30746       0.0688906 
        10.3516         1.30401       0.0688906 
        10.3673         1.30168       0.0688906 
         10.383         1.29791       0.0688906 
        10.3987         1.29576       0.0688906 
        10.4144         1.29294       0.0688906 
        10.4301         1.29055       0.0688906 
        10.4458         1.28626       0.0688906 
        10.4615         1.28427       0.0688906 
        10.4772         1.28185       0.0688906 
        10.4929         1.27857       0.0688906 
        10.5086         1.27587       0.0688906 
        10.5244         1.27401       0.0688906 
        10.5401         1.27119       0.0688906 
        10.5558         1.26901       0.0688906 
        10.5715         1.26586       0.0688906 
        10.5872         1.26266       0.0688906 
        10.6029         1.26153       0.0688906 
        10.6186         1.25895       0.0688906 
        10.6343         1.25558       0.0688906 
          10.65         1.25472       0.0688906 
        10.6657          1.2518       0.0688906 
        10.6814          1.2492       0.0688906 
        10.6971         1.24611       0.0688906 
        10.7129         1.24531       0.0688906 
        10.7286         1.24363       0.0688906 
        10.7443         1.24072       0.0688906 
          10.76         1.23856       0.0688906 
        10.7757         1.23437       0.0688906 
        10.7914         1.23529       0.0688906 
        10.8071         1.23175       0.0688906 
        10.8228         1.22995       0.0688906 
        10.8385         1.22657       0.0688906 
        10.8542         1.22609       0.0688906 
        10.8699         1.22422       0.0688906 
        10.8856         1.22252       0.0688906 
        10.9014         1.22012       0.0688906 
        10.9171         1.21801       0.0688906 
        10.9328         1.21569       0.0688906 
        10.9485         1.21471       0.0688906 
        10.9642         1.21235       0.0688906 
        10.9799         1.21146       0.0688906 
        10.9956         1.20981       0.0688906 
        11.0113         1.20697       0.0688906 
         11.027         1.20598       0.0688906 
        11.0427         1.20333       0.0688906 
        11.0584         1.20243       0.0688906 
        11.0741          1.2013       0.0688906 
        11.0898         1.19997       0.0688906 
        11.1055         1.19884       0.0688906 
        11.1212         1.19647       0.0688906 
         11.137         1.19466       0.0688906 
        11.1527         1.19405       0.0688906 
        11.1684         1.19297       0.0688906 
        11.1841         1.19205       0.0688906 
        11.1998         1.19131       0.0688906 
        11.2155         1.18897       0.0688906 
        11.2312         1.18741       0.0688906 
        11.2469          1.1866       0.0688906 
        11.2626           1.185       0.0688906 
        11.2783         1.18431       0.0688906 
         11.294         1.18395       0.0688906 
        11.3097         1.18249       0.0688906 
        11.3254          1.1809       0.0688906 
        11.3412         1.17985       0.0688906 
        11.3569         1.17966       0.0688906 
        11.3726         1.17745       0.0688906 
        11.3883         1.17728       0.0688906 
         11.404          1.1755       0.0688906 
        11.4197         1.17446       0.0688906 
        11.4354         1.17541       0.0688906 
        11.4511          1.1741       0.0688906 
        11.4668         1.17316       0.0688906 
        11.4825         1.17208       0.0688906 
        11.4982         1.17241       0.0688906 
         11.514         1.17182       0.0688906 
        11.5297         1.17096       0.0688906 
        11.5454         1.17105       0.0688906 
        11.5611         1.17101       0.0688906 
        11.5768          1.1694       0.0688906 
        11.5925         1.16885       0.0688906 
        11.6082         1.16839       0.0688906 
        11.6239         1.16819       0.0688906 
        11.6396         1.16984       0.0688906 
        11.6553         1.16745       0.0688906 
         11.671         1.16808       0.0688906 
        11.6867         1.16691       0.0688906 
        11.7024         1.16681       0.0688906 
        11.7182         1.16486       0.0688906 
        11.7339         1.16618       0.0688906 
        11.7496         1.16659       0.0688906 
        11.7653         1.16775       0.0688906 
         11.781          1.1667       0.0688906 
        11.7967         1.16652       0.0688906 
        11.8124         1.16641       0.0688906 
        11.8281         1.16599       0.0688906 
        11.8438         1.16788       0.0688906 
        11.8595         1.16812       0.0688906 
        11.8752         1.16697       0.0688906 
         11.891         1.16877       0.0688906 
        11.9067         1.16862       0.0688906 
        11.9224         1.16929       0.0688906 
        11.9381         1.16986       0.0688906 
        11.9538          1.1698       0.0688906 
        11.9695          1.1702       0.0688906 
        11.9852          1.1699       0.0688906 
        12.0009         1.17163       0.0688906 
        12.0166         1.17268       0.0688906 
        12.0323         1.17257       0.0688906 
         12.048         1.17358       0.0688906 
        12.0637         1.17391       0.0688906 
