# k  (h/Mpc)    Pcb(k)  (Mpc/h)^3    Pcb_linear(k) (Mpc/h)^3   ShotnoiseSubtracted = true
      0.0200456         7633.96         7753.91 
      0.0350414         5143.87         5244.94 
      0.0492313         3725.83         3734.14 
      0.0637834         3131.77         3072.84 
      0.0800726         2381.37            2327 
       0.096163         1629.84         1642.71 
       0.111083         1316.14         1337.78 
       0.126058         1202.09         1182.35 
       0.142273         999.076         954.241 
       0.158546         808.707         744.041 
        0.17375         664.916         645.781 
       0.188953         630.936         582.219 
       0.204907         574.785         495.224 
       0.220756         479.604          414.98 
        0.23588         423.645         369.387 
         0.2514         372.478         335.603 
       0.267535          349.61         295.418 
       0.283568         314.454         258.144 
       0.299022         290.886         233.054 
       0.314451          266.84         213.397 
       0.330372         245.572          192.57 
       0.346141         219.512         173.319 
       0.361624         209.476         158.414 
       0.377134         195.532         146.018 
       0.392932         178.958         133.958 
       0.408854         171.084         122.636 
       0.424564         163.441         113.156 
       0.440253         154.077         104.981 
       0.455999         144.275         97.3735 
       0.471626         133.462         90.3843 
        0.48727         128.789         84.1624 
       0.502856         123.297         78.6592 
       0.518488         119.705         73.5802 
       0.534347         114.057         68.8233 
       0.550082         105.258         64.5329 
       0.565732         101.171         60.6655 
       0.581496         97.0353         57.0792 
       0.597222         93.6972         53.7717 
       0.612804         89.1694         50.7501 
       0.628434           86.89          47.964 
       0.644267           83.83         45.3581 
       0.660051         81.7145         42.9502 
       0.675724         78.6259         40.7296 
       0.691403         76.0888         38.6634 
       0.707174          73.198         36.7282 
       0.722871         71.6529         34.9326 
        0.73838         69.9989         33.2757 
       0.754018         66.4912         31.7134 
       0.769845         65.0756         30.2341 
        0.78569         63.4119         28.8477 
       0.801365         61.2109         27.5617 
       0.817031         59.1955         26.3549 
       0.832809         58.4447         25.2127 
       0.848511         55.8964         24.1432 
       0.864097         54.5748          23.143 
       0.879701         53.5641         22.1984 
       0.895507         52.6961         21.2954 
       0.911279         51.3794         20.4444 
        0.92691         50.2232         19.6468 
       0.942635         48.3547         18.8874 
       0.958396         48.1585         18.1664 
       0.974128         46.8226         17.4842 
       0.989692         45.9196         16.8438 
        1.00528         44.8949         16.2344 
        1.02113         43.7769         15.6456 
        1.03692         42.5782         15.0881 
        1.05264         42.3962         14.5603 
        1.06832         41.0237         14.0585 
        1.08405         40.5538          13.579 
        1.09979          40.036         13.1215 
        1.11537          38.445         12.6896 
        1.13105         38.7477         12.2746 
        1.14679         37.8393         11.8765 
        1.16256         37.0631         11.4952 
        1.17828         36.1816         11.1319 
        1.19395         35.6566         10.7855 
         1.2097         35.1031          10.452 
        1.22537         34.9384         10.1343 
          1.241         33.9154         9.83065 
        1.25666         33.2092         9.53868 
        1.27241         32.8725         9.25717 
        1.28819         32.0461         8.98653 
        1.30392         31.6157         8.72747 
        1.31957         31.3773         8.47975 
        1.33529         30.9856         8.24071 
        1.35108         30.5026         8.00992 
        1.36674         29.9702          7.7896 
         1.3824         29.2454         7.57774 
        1.39811           29.16         7.37304 
        1.41389         28.7222         7.17509 
        1.42964          28.142         6.98473 
        1.44531         27.8863         6.80218 
        1.46101         27.2417         6.62575 
        1.47667         27.1185         6.45609 
        1.49229         26.8073          6.2928 
        1.50793         26.3891         6.13496 
        1.52367         26.0423          5.9815 
        1.53953         25.9047         5.83224 
        1.55526          25.357         5.68926 
        1.57092          25.036         5.55164 
        1.58662         24.7255         5.41823 
        1.60235         24.4399         5.28894 
        1.61809         24.0912         5.16379 
        1.63369         23.8307         5.04378 
        1.64941         23.4554         4.92672 
        1.66519         23.2209         4.81294 
        1.68085         22.9515         4.70355 
        1.69652          22.661         4.59751 
        1.71228         22.5164         4.49414 
        1.72806         22.0907         4.39384 
        1.74368         21.7847         4.29761 
        1.75933         21.5587         4.20405 
        1.77505         21.4747         4.11284 
        1.79081         21.1123         4.02416 
         1.8065          20.928         3.93846 
        1.82218         20.7299         3.85533 
        1.83797         20.3742         3.77401 
        1.85367         20.1773         3.69549 
        1.86928         19.9914         3.61966 
        1.88497         19.6795         3.54554 
        1.90073          19.656         3.47321 
        1.91647         19.3309         3.40296 
        1.93218         19.1743         3.33479 
        1.94787         18.9702         3.26858 
        1.96363         18.8405          3.2039 
        1.97935          18.611          3.1411 
        1.99499         18.3705         3.08033 
        2.01064         18.2983         3.02107 
         2.0264         17.9321           2.963 
        2.04216         17.8142         2.90647 
        2.05781         17.5674         2.85177 
        2.07353          17.454         2.79827 
        2.08928         17.3583         2.74603 
        2.10499         17.1696         2.69525 
        2.12065         16.8489         2.64591 
        2.13633         16.8082         2.59775 
        2.15211          16.526         2.55047 
        2.16785         16.4299          2.5045 
        2.18349         16.2546         2.45995 
        2.19916         16.1307         2.41638 
        2.21489          15.946         2.37372 
        2.23063          15.814         2.33205 
         2.2463         15.6759         2.29157 
        2.26194          15.562         2.25214 
        2.27765         15.3343         2.21344 
        2.29341         15.1557         2.17554 
        2.30914         15.0815          2.1386 
        2.32486         14.9663         2.10254 
        2.34061         14.8042         2.06724 
        2.35635         14.6156         2.03279 
        2.37203         14.4988         1.99923 
        2.38768         14.3972          1.9665 
        2.40339         14.2288         1.93438 
        2.41914         14.1233          1.9029 
        2.43483         14.0061         1.87222 
         2.4505         13.8207         1.84228 
        2.46622         13.7178         1.81288 
        2.48195         13.5862         1.78411 
        2.49759         13.4401         1.75613 
        2.51328         13.3353         1.72866 
        2.52906         13.2577         1.70161 
        2.54479         13.1134         1.67524 
        2.56049         13.0148         1.64947 
        2.57618         12.9059         1.62426 
        2.59189         12.7871         1.59954 
        2.60758         12.6831         1.57537 
        2.62325         12.5924         1.55173 
        2.63898         12.4511         1.52849 
        2.65468         12.3558         1.50577 
        2.67044         12.2151         1.48341 
        2.68618           12.15         1.46156 
        2.70184         12.0335         1.44023 
        2.71755         11.8955         1.41927 
        2.73329         11.8287          1.3987 
        2.74897          11.693          1.3786 
        2.76462          11.669         1.35893 
        2.78034         11.4782         1.33957 
        2.79607         11.4151         1.32056 
        2.81179         11.2934         1.30194 
        2.82749         11.2102          1.2837 
        2.84321         11.1145         1.26578 
        2.85893         11.0331         1.24821 
        2.87462         10.9326         1.23101 
        2.89033         10.8067         1.21411 
        2.90605         10.7366         1.19751 
        2.92176         10.6435         1.18123 
        2.93747         10.5959         1.16525 
        2.95318         10.4533         1.14957 
        2.96891         10.3811         1.13417 
        2.98456         10.3097         1.11912 
        3.00023         10.2139         1.10432 
        3.01596          10.144         1.08973 
        3.03164         10.0783         1.07546 
        3.04738         9.94295         1.06139 
         3.0631         9.90777         1.04758 
        3.07883         9.78168         1.03401 
        3.09456         9.73268         1.02069 
        3.11026         9.62855         1.00761 
        3.12596         9.58937        0.994771 
        3.14163         9.48953        0.982181 
        3.15734          9.4036        0.969778 
        3.17308         9.33416        0.957558 
        3.18879         9.29837        0.945582 
        3.20447         9.17344        0.933826 
         3.2202         9.11535        0.922233 
         3.2359         9.07168        0.910856 
        3.25157         8.99221        0.899697 
        3.26729          8.9077        0.888691 
        3.28304         8.83793        0.877846 
        3.29877         8.75377        0.867195 
        3.31446         8.68645        0.856744 
        3.33014         8.62394        0.846472 
        3.34585         8.58408        0.836353 
        3.36158         8.52098        0.826383 
        3.37727         8.41235        0.816606 
        3.39294         8.37105        0.806995 
        3.40867         8.27459        0.797504 
        3.42439         8.21986        0.788169 
        3.44008         8.17969        0.779002 
        3.45578         8.09948        0.769972 
        3.47153         8.06924        0.761065 
        3.48724         7.99839        0.752314 
        3.50292         7.91793         0.74372 
        3.51859         7.87539        0.735264 
        3.53431         7.81505        0.726912 
        3.55007         7.75388        0.718669 
        3.56577         7.70455        0.710586 
        3.58146         7.64772        0.702629 
        3.59719         7.58307        0.694776 
        3.61292         7.50914        0.687045 
        3.62859         7.46494        0.679459 
        3.64429         7.43325        0.671973 
        3.66003         7.34683        0.664577 
        3.67578         7.27629        0.657293 
        3.69146          7.2501        0.650146 
        3.70712         7.17991        0.643118 
        3.72284         7.13527        0.636167 
        3.73853         7.06013         0.62933 
        3.75422         7.05157         0.62259 
        3.76993          6.9729        0.615943 
        3.78564         6.91584        0.609395 
        3.80137         6.86101        0.602931 
        3.81707         6.81853        0.596574 
        3.83279         6.78163        0.590303 
        3.84853         6.71372        0.584111 
        3.86424         6.66562         0.57802 
        3.87992         6.60269        0.572024 
        3.89561         6.56882        0.566112 
        3.91134         6.52012        0.560272 
        3.92704         6.46857         0.55452 
        3.94273         6.43326        0.548854 
        3.95845         6.39067        0.543257 
        3.97418         6.31325        0.537736 
        3.98988         6.28734        0.532299 
        4.00554         6.24382        0.526951 
        4.02125         6.19035        0.521661 
        4.03698         6.14661        0.516435 
        4.05268         6.11163        0.511293 
        4.06839         6.05259        0.506216 
         4.0841         6.01117        0.501209 
        4.09983         5.97573        0.496262 
        4.11555         5.93932        0.491384 
        4.13124         5.90823        0.486585 
        4.14693         5.84185        0.481845 
        4.16266         5.80185        0.477157 
        4.17839         5.75563        0.472534 
        4.19408         5.71143        0.467982 
        4.20977         5.66759        0.463488 
        4.22551         5.62254        0.459041 
        4.24123         5.58501        0.454658 
        4.25691         5.53238        0.450343 
        4.27259          5.5095        0.446083 
        4.28831         5.46511        0.441869 
        4.30404         5.42784        0.437704 
        4.31974         5.38201        0.433603 
        4.33543         5.35215        0.429556 
        4.35116         5.29719         0.42555 
        4.36688         5.26062        0.421597 
        4.38255         5.23604        0.417709 
        4.39825         5.17754        0.413861 
        4.41398         5.16923        0.410053 
         4.4297         5.11697        0.406298 
        4.44541         5.07885        0.402589 
        4.46111         5.06574         0.39893 
        4.47683         5.01331        0.395313 
        4.49251         4.98757        0.391748 
        4.50819         4.93754        0.388227 
         4.5239         4.91372        0.384745 
        4.53962         4.88648        0.381301 
        4.55535         4.83926        0.377897 
        4.57106         4.81027        0.374539 
        4.58678         4.78566        0.371221 
         4.6025         4.73574        0.367942 
        4.61821         4.71146        0.364704 
        4.63391         4.68362        0.361508 
         4.6496         4.64373        0.358351 
        4.66532          4.6317        0.355227 
        4.68103         4.57523        0.352142 
        4.69673         4.55723        0.349096 
        4.71241         4.53171        0.346089 
        4.72811         4.48691        0.343112 
        4.74384         4.45595        0.340166 
        4.75955         4.43017        0.337259 
        4.77525         4.39557        0.334387 
        4.79096          4.3691        0.331545 
        4.80669         4.35115        0.328735 
         4.8224         4.32136         0.32596 
        4.83809         4.27881         0.32322 
        4.85379         4.25093        0.320509 
         4.8695         4.23352        0.317827 
        4.88521         4.20887        0.315177 
        4.90093          4.1607        0.312557 
        4.91663         4.15156        0.309969 
        4.93234         4.12271        0.307406 
        4.94807         4.08329        0.304871 
        4.96377         4.05732         0.30237 
        4.97943         4.03308        0.299901 
        4.99514         4.00537        0.297453 
        5.01086         3.98521        0.295031 
        5.02654         3.96473        0.292642 
        5.04227         3.93011        0.290272 
          5.058         3.90156        0.287927 
        5.07371         3.88071        0.285612 
        5.08942         3.85045        0.283323 
        5.10513         3.83359        0.281058 
        5.12084         3.81429        0.278816 
        5.13656         3.78481        0.276599 
        5.15225         3.76515         0.27441 
        5.16796         3.73323        0.272241 
        5.18369         3.70837        0.270094 
         5.1994         3.68923        0.267973 
        5.21509         3.66124        0.265877 
        5.23079         3.64587        0.263801 
        5.24649         3.61662        0.261748 
        5.26217         3.59349        0.259719 
        5.27788         3.57269        0.257708 
        5.29359         3.54571        0.255717 
        5.30933         3.52858        0.253745 
        5.32504         3.51608        0.251797 
        5.34073         3.48244        0.249871 
        5.35646         3.46811        0.247962 
        5.37218          3.4406        0.246072 
        5.38789         3.42232        0.244204 
        5.40357         3.39904        0.242359 
        5.41929         3.37536        0.240527 
        5.43502         3.35593        0.238715 
         5.4507         3.33741        0.236925 
        5.46639         3.31637        0.235154 
        5.48212         3.29585        0.233396 
        5.49786         3.28195        0.231654 
        5.51353         3.25612        0.229938 
        5.52921         3.23936        0.228238 
        5.54495         3.21306         0.22655 
        5.56066          3.2007        0.224881 
        5.57637         3.17998        0.223229 
        5.59207         3.16103        0.221594 
        5.60778         3.13672        0.219976 
        5.62346         3.11897        0.218375 
        5.63916          3.1004        0.216789 
        5.65487         3.08799        0.215218 
         5.6706         3.06117        0.213661 
        5.68633         3.05293        0.212118 
        5.70203         3.02674        0.210593 
        5.71773         3.01673        0.209084 
        5.73344         2.99696        0.207589 
        5.74916         2.97973        0.206107 
        5.76486         2.96458        0.204641 
        5.78054         2.94519        0.203191 
        5.79626         2.92921        0.201752 
          5.812         2.91024        0.200325 
         5.8277          2.8971        0.198916 
        5.84339         2.87743         0.19752 
        5.85911         2.86363        0.196135 
        5.87484         2.84744        0.194763 
        5.89053         2.82439        0.193408 
        5.90623         2.81109        0.192064 
        5.92195         2.79352        0.190731 
        5.93767         2.77958        0.189411 
        5.95336           2.768        0.188105 
        5.96905         2.75192        0.186813 
        5.98476         2.73543         0.18553 
        6.00048         2.72069         0.18426 
        6.01617         2.70147        0.183002 
        6.03185         2.68603        0.181758 
        6.04756         2.67171        0.180523 
        6.06331         2.65648        0.179296 
        6.07903         2.64011        0.178083 
        6.09473          2.6303        0.176882 
        6.11044         2.61152        0.175692 
        6.12616         2.60037        0.174512 
        6.14186         2.58898        0.173345 
        6.15755         2.57164        0.172188 
        6.17326         2.55934         0.17104 
        6.18898         2.54468        0.169903 
        6.20467         2.53104        0.168778 
        6.22036         2.51187        0.167663 
         6.2361         2.49852        0.166555 
         6.2518         2.48925        0.165459 
        6.26748         2.47594        0.164375 
        6.28319         2.45965        0.163297 
        6.29893         2.44737        0.162229 
        6.31463         2.43343        0.161171 
        6.33033         2.42535        0.160124 
        6.34604         2.41133        0.159085 
        6.36177         2.39615        0.158054 
        6.37747         2.38538        0.157034 
        6.39316         2.37566        0.156023 
        6.40888         2.36198         0.15502 
         6.4246         2.35083        0.154025 
        6.44031         2.33387         0.15304 
        6.45601         2.32518        0.152064 
        6.47172         2.31008        0.151095 
        6.48744         2.30323        0.150135 
        6.50313         2.29021        0.149185 
        6.51882          2.2774        0.148243 
        6.53452         2.26505        0.147308 
        6.55025         2.25083        0.146379 
        6.56597         2.24523         0.14546 
        6.58166         2.22977         0.14455 
        6.59736         2.21843        0.143647 
        6.61307          2.2084        0.142751 
         6.6288          2.1945        0.141862 
         6.6445         2.18308        0.140981 
         6.6602         2.17235        0.140109 
        6.67592          2.1637        0.139242 
        6.69164          2.1508        0.138383 
        6.70735         2.14364        0.137532 
        6.72304         2.13209        0.136689 
        6.73874         2.12206        0.135852 
        6.75446         2.10923        0.135021 
        6.77016         2.09824        0.134199 
        6.78585         2.09211        0.133383 
        6.80156           2.079        0.132574 
        6.81729         2.06703         0.13177 
        6.83301         2.05954        0.130973 
         6.8487         2.05081        0.130184 
         6.8644         2.03989        0.129401 
        6.88012         2.02971        0.128624 
        6.89583         2.01869        0.127854 
        6.91151         2.01217        0.127091 
        6.92723         1.99898        0.126332 
        6.94296         1.99047         0.12558 
        6.95866         1.98128        0.124834 
        6.97436         1.97443        0.124095 
        6.99007          1.9609        0.123361 
        7.00578         1.95576        0.122634 
        7.02147         1.94754        0.121913 
        7.03718          1.9329        0.121197 
         7.0529         1.92743        0.120486 
        7.06863         1.91691         0.11978 
        7.08433         1.91196        0.119081 
        7.10004         1.89864        0.118388 
        7.11575         1.88886          0.1177 
        7.13145         1.88291        0.117018 
        7.14715         1.87413        0.116341 
        7.16284         1.86475         0.11567 
        7.17855         1.85449        0.115003 
        7.19428          1.8485        0.114341 
        7.20998         1.84233        0.113685 
        7.22568         1.83265        0.113034 
        7.24139         1.82475        0.112388 
        7.25711         1.81613        0.111747 
        7.27282         1.80914        0.111111 
        7.28852         1.79911        0.110481 
        7.30423         1.79299        0.109854 
        7.31995         1.78577        0.109233 
        7.33565         1.77371        0.108617 
        7.35135         1.76976        0.108005 
        7.36706         1.76122        0.107399 
        7.38277         1.75667        0.106796 
        7.39847         1.74802        0.106198 
        7.41419         1.74006        0.105605 
         7.4299         1.73256        0.105016 
        7.44561         1.72068        0.104432 
        7.46132         1.71524        0.103852 
        7.47701         1.71107        0.103277 
        7.49272         1.70303        0.102706 
        7.50842         1.69442         0.10214 
         7.5241         1.68791        0.101578 
        7.53981         1.68199         0.10102 
        7.55552         1.67377        0.100466 
        7.57125         1.66713       0.0999149 
        7.58698         1.65843       0.0993683 
        7.60268         1.65424       0.0988268 
         7.6184         1.64553       0.0982888 
        7.63411         1.64078       0.0977548 
        7.64981         1.63242       0.0972252 
        7.66552         1.62717       0.0966995 
        7.68123         1.62012       0.0961773 
        7.69695         1.61153       0.0956588 
        7.71264         1.60688       0.0951449 
        7.72834         1.59961       0.0946345 
        7.74407         1.59092       0.0941271 
        7.75978         1.58888       0.0936235 
        7.77546         1.58142       0.0931249 
        7.79116         1.57342       0.0926294 
         7.8069         1.56817       0.0921362 
         7.8226         1.56091       0.0916475 
        7.83828         1.55346       0.0911632 
        7.85399         1.55204       0.0906817 
        7.86972         1.54458       0.0902026 
        7.88543         1.53844       0.0897278 
        7.90111         1.53173       0.0892573 
        7.91681         1.52635       0.0887894 
        7.93255         1.51952        0.088324 
        7.94828         1.51393        0.087862 
        7.96397         1.50863       0.0874042 
        7.97967         1.50556       0.0869496 
        7.99538         1.49795        0.086498 
         8.0111         1.49274       0.0860494 
         8.0268         1.48534       0.0856043 
        8.04248         1.47974       0.0851629 
         8.0582         1.47361       0.0847237 
        8.07393         1.46948       0.0842871 
        8.08963         1.46456       0.0838545 
        8.10533         1.46111       0.0834249 
        8.12104         1.45439        0.082998 
        8.13675         1.44775       0.0825741 
        8.15245         1.44299       0.0821534 
        8.16815         1.43823       0.0817357 
        8.18387         1.43451       0.0813203 
        8.19959         1.42809       0.0809077 
         8.2153         1.42255       0.0804983 
        8.23101         1.41806       0.0800917 
        8.24672         1.41191       0.0796879 
        8.26241         1.40807       0.0792874 
         8.2781         1.40172       0.0788897 
        8.29381         1.39847       0.0784941 
        8.30952         1.39075       0.0781012 
        8.32524         1.38851       0.0777107 
        8.34095         1.38274       0.0773232 
        8.35666         1.37936       0.0769384 
        8.37237         1.37359        0.076556 
        8.38808         1.36803       0.0761763 
        8.40379         1.36328       0.0757992 
         8.4195         1.35901       0.0754248 
         8.4352         1.35545       0.0750528 
        8.45091         1.35096       0.0746834 
        8.46662         1.34684       0.0743163 
        8.48232         1.34044       0.0739519 
        8.49802         1.33749       0.0735899 
        8.51374         1.33326       0.0732299 
        8.52945         1.32954       0.0728725 
        8.54515         1.32651       0.0725178 
        8.56086         1.32332       0.0721649 
        8.57658         1.31541       0.0718146 
        8.59228         1.31188       0.0714668 
        8.60799         1.30724       0.0711209 
        8.62371         1.30388       0.0707774 
        8.63942         1.29881       0.0704363 
        8.65512         1.29449       0.0700975 
        8.67082         1.29377        0.069761 
        8.68653         1.28634       0.0694265 
        8.70224          1.2827       0.0690941 
        8.71795         1.27894       0.0687641 
        8.73365         1.27633       0.0684361 
        8.74936         1.27091       0.0681103 
        8.76506         1.26771       0.0677868 
        8.78076         1.26371       0.0674653 
        8.79646          1.2607       0.0671459 
        8.81218         1.25649       0.0668283 
        8.82791         1.25357       0.0665124 
         8.8436         1.24815       0.0661992 
         8.8593         1.24589       0.0658881 
        8.87503         1.24063       0.0655781 
        8.89076         1.23793       0.0652704 
        8.90644         1.23447       0.0649654 
        8.92214         1.22937       0.0646621 
        8.93786         1.22686       0.0643603 
        8.95357         1.22387       0.0640606 
        8.96928         1.22009       0.0637628 
        8.98498         1.21593        0.063467 
        9.00069         1.21231        0.063173 
        9.01639         1.20863       0.0628809 
        9.03208         1.20673       0.0625909 
        9.04778         1.20363       0.0623025 
        9.06351         1.19942       0.0620155 
        9.07923         1.19625       0.0617304 
        9.09493         1.19281       0.0614474 
        9.11062         1.18953       0.0611664 
        9.12635         1.18766       0.0608866 
        9.14207         1.18052       0.0606085 
        9.15777          1.1802       0.0603325 
        9.17346         1.17586       0.0600584 
        9.18917         1.17381       0.0597856 
         9.2049         1.17114       0.0595143 
        9.22061          1.1684       0.0592449 
        9.23631          1.1642       0.0589773 
        9.25201         1.16173       0.0587115 
        9.26773         1.15871        0.058447 
        9.28343         1.15358       0.0581842 
        9.29913         1.15106       0.0579231 
        9.31484         1.14976       0.0576636 
        9.33057         1.14555       0.0574052 
        9.34627         1.14353       0.0571488 
        9.36197         1.14004       0.0568942 
        9.37768         1.13836       0.0566407 
        9.39338         1.13571       0.0563891 
        9.40909         1.13285       0.0561389 
        9.42479         1.13023       0.0558902 
         9.4405         1.12647       0.0556431 
        9.45621          1.1256       0.0553973 
        9.47193         1.12153        0.055153 
        9.48763         1.11765       0.0549103 
        9.50334         1.11463        0.054669 
        9.51906         1.11415       0.0544291 
        9.53476         1.11008       0.0541909 
        9.55045         1.10882       0.0539541 
        9.56616         1.10677       0.0537185 
        9.58188         1.10449       0.0534841 
        9.59759         1.10096       0.0532512 
         9.6133         1.09841       0.0530196 
        9.62901          1.0967       0.0527893 
        9.64471         1.09429       0.0525604 
        9.66041         1.09068       0.0523329 
        9.67612         1.08711       0.0521064 
        9.69184         1.08546       0.0518811 
        9.70754         1.08307       0.0516575 
        9.72324         1.08169       0.0514353 
        9.73895         1.07835       0.0512143 
        9.75467         1.07675       0.0509947 
        9.77038         1.07429       0.0507766 
        9.78607          1.0728       0.0505603 
        9.80177         1.07001       0.0503453 
        9.81749         1.06889       0.0501316 
         9.8332          1.0658       0.0499196 
         9.8489         1.06368       0.0497091 
        9.86463         1.06132       0.0494995 
        9.88035         1.05986       0.0492911 
        9.89606         1.05799        0.049084 
        9.91175         1.05414       0.0488779 
        9.92745         1.05349       0.0486725 
        9.94317         1.05091       0.0484675 
        9.95888          1.0491       0.0482631 
        9.97458         1.04575        0.048059 
        9.99029         1.04377       0.0478551 
         10.006         1.04229       0.0477292 
        10.0217         1.04076       0.0477292 
        10.0374         1.03912       0.0477292 
        10.0531         1.03714       0.0477292 
        10.0688         1.03623       0.0477292 
        10.0845          1.0328       0.0477292 
        10.1002         1.03282       0.0477292 
        10.1159         1.02851       0.0477292 
        10.1317         1.02896       0.0477292 
        10.1474          1.0267       0.0477292 
        10.1631         1.02417       0.0477292 
        10.1788          1.0221       0.0477292 
        10.1945         1.02168       0.0477292 
        10.2102         1.01871       0.0477292 
        10.2259         1.01727       0.0477292 
        10.2416         1.01598       0.0477292 
        10.2573         1.01385       0.0477292 
         10.273         1.01307       0.0477292 
        10.2887         1.01108       0.0477292 
        10.3044         1.00932       0.0477292 
        10.3201         1.00935       0.0477292 
        10.3359         1.00721       0.0477292 
        10.3516          1.0046       0.0477292 
        10.3673         1.00398       0.0477292 
         10.383         1.00249       0.0477292 
        10.3987         1.00112       0.0477292 
        10.4144         1.00035       0.0477292 
        10.4301        0.997654       0.0477292 
        10.4458        0.995957       0.0477292 
        10.4615        0.995174       0.0477292 
        10.4772        0.993633       0.0477292 
        10.4929        0.992746       0.0477292 
        10.5086        0.991825       0.0477292 
        10.5244        0.989139       0.0477292 
        10.5401        0.987651       0.0477292 
        10.5558        0.988345       0.0477292 
        10.5715        0.986185       0.0477292 
        10.5872        0.985818       0.0477292 
        10.6029        0.984101       0.0477292 
        10.6186        0.984204       0.0477292 
        10.6343        0.981596       0.0477292 
          10.65        0.980874       0.0477292 
        10.6657          0.9806       0.0477292 
        10.6814        0.978354       0.0477292 
        10.6971        0.976104       0.0477292 
        10.7129        0.977155       0.0477292 
        10.7286        0.974862       0.0477292 
        10.7443        0.973716       0.0477292 
          10.76        0.973038       0.0477292 
        10.7757        0.972211       0.0477292 
        10.7914        0.970853       0.0477292 
        10.8071         0.97014       0.0477292 
        10.8228         0.96924       0.0477292 
        10.8385        0.969122       0.0477292 
        10.8542        0.967336       0.0477292 
        10.8699        0.966142       0.0477292 
        10.8856        0.966089       0.0477292 
        10.9014         0.96559       0.0477292 
        10.9171        0.964005       0.0477292 
        10.9328        0.963247       0.0477292 
        10.9485        0.962925       0.0477292 
        10.9642        0.962461       0.0477292 
        10.9799        0.960488       0.0477292 
        10.9956         0.96074       0.0477292 
        11.0113        0.960358       0.0477292 
         11.027         0.95987       0.0477292 
        11.0427        0.958806       0.0477292 
        11.0584        0.957059       0.0477292 
        11.0741         0.95784       0.0477292 
        11.0898        0.957531       0.0477292 
        11.1055          0.9564       0.0477292 
        11.1212        0.955291       0.0477292 
         11.137        0.955233       0.0477292 
        11.1527         0.95534       0.0477292 
        11.1684        0.955419       0.0477292 
        11.1841        0.954446       0.0477292 
        11.1998        0.955087       0.0477292 
        11.2155        0.953844       0.0477292 
        11.2312        0.952758       0.0477292 
        11.2469        0.952618       0.0477292 
        11.2626        0.952392       0.0477292 
        11.2783        0.953262       0.0477292 
         11.294        0.952993       0.0477292 
        11.3097          0.9512       0.0477292 
        11.3254        0.951422       0.0477292 
        11.3412        0.951899       0.0477292 
        11.3569         0.95254       0.0477292 
        11.3726         0.95122       0.0477292 
        11.3883        0.951322       0.0477292 
         11.404        0.951703       0.0477292 
        11.4197        0.950892       0.0477292 
        11.4354        0.951746       0.0477292 
        11.4511        0.951334       0.0477292 
        11.4668        0.951435       0.0477292 
        11.4825        0.951804       0.0477292 
        11.4982        0.951227       0.0477292 
         11.514        0.951852       0.0477292 
        11.5297        0.951627       0.0477292 
        11.5454        0.952075       0.0477292 
        11.5611        0.952488       0.0477292 
        11.5768        0.952036       0.0477292 
        11.5925        0.953335       0.0477292 
        11.6082        0.951931       0.0477292 
        11.6239        0.953254       0.0477292 
        11.6396        0.953606       0.0477292 
        11.6553        0.954636       0.0477292 
         11.671        0.953612       0.0477292 
        11.6867         0.95364       0.0477292 
        11.7024        0.954673       0.0477292 
        11.7182        0.955803       0.0477292 
        11.7339        0.954849       0.0477292 
        11.7496        0.956655       0.0477292 
        11.7653        0.956842       0.0477292 
         11.781        0.957018       0.0477292 
        11.7967        0.957192       0.0477292 
        11.8124        0.959775       0.0477292 
        11.8281        0.959911       0.0477292 
        11.8438        0.959383       0.0477292 
        11.8595        0.960074       0.0477292 
        11.8752        0.961354       0.0477292 
         11.891        0.962205       0.0477292 
        11.9067        0.962403       0.0477292 
        11.9224        0.963667       0.0477292 
        11.9381        0.964754       0.0477292 
        11.9538        0.964784       0.0477292 
        11.9695         0.96702       0.0477292 
        11.9852        0.968007       0.0477292 
        12.0009         0.96866       0.0477292 
        12.0166        0.969237       0.0477292 
        12.0323        0.969081       0.0477292 
         12.048        0.970875       0.0477292 
        12.0637        0.972876       0.0477292 
