# k  (h/Mpc)    Pcb(k)  (Mpc/h)^3    Pcb_linear(k) (Mpc/h)^3   ShotnoiseSubtracted = true
      0.0200456         1420.37         1437.04 
      0.0350414         987.964         972.051 
      0.0492313         694.321         692.052 
      0.0637834         562.507         569.493 
      0.0800726         426.311         431.265 
       0.096163           310.7         304.446 
       0.111083         253.484         247.932 
       0.126058         217.668         219.127 
       0.142273         176.302         176.851 
       0.158546         139.791         137.894 
        0.17375         122.178         119.683 
       0.188953         109.409         107.903 
       0.204907           90.99         91.7805 
       0.220756         78.5296         76.9087 
        0.23588         69.7286         68.4589 
         0.2514         63.1738         62.1977 
       0.267535         56.5651         54.7502 
       0.283568         49.3306          47.842 
       0.299022           44.95         43.1921 
       0.314451         42.0143         39.5491 
       0.330372         37.3611         35.6892 
       0.346141         33.7842         32.1213 
       0.361624         30.8719         29.3591 
       0.377134         28.2856         27.0617 
       0.392932         26.9304         24.8266 
       0.408854         24.2537         22.7284 
       0.424564         23.0149         20.9714 
       0.440253         20.9998         19.4563 
       0.455999         19.1288         18.0463 
       0.471626         17.9227          16.751 
        0.48727         17.2154         15.5979 
       0.502856         16.1064          14.578 
       0.518488         14.8274         13.6367 
       0.534347         13.8405         12.7551 
       0.550082          13.247           11.96 
       0.565732         12.6404         11.2432 
       0.581496         11.8565         10.5786 
       0.597222         11.1413         9.96558 
       0.612804         10.4835         9.40557 
       0.628434         10.1473         8.88922 
       0.644267         9.59724         8.40626 
       0.660051         9.06402            7.96 
       0.675724         8.56343         7.54846 
       0.691403         8.26855         7.16553 
       0.707174         7.85347         6.80688 
       0.722871         7.62229          6.4741 
        0.73838         7.13273         6.16703 
       0.754018         6.77676         5.87748 
       0.769845         6.47185         5.60333 
        0.78569         6.29172         5.34637 
       0.801365         6.00153         5.10804 
       0.817031         5.77725         4.88439 
       0.832809         5.49131          4.6727 
       0.848511         5.32759         4.47449 
       0.864097         5.12158         4.28912 
       0.879701         4.98172         4.11406 
       0.895507         4.76543          3.9467 
       0.911279         4.57928         3.78898 
        0.92691         4.43684         3.64117 
       0.942635         4.25119         3.50042 
       0.958396         4.11303         3.36679 
       0.974128         3.99639         3.24037 
       0.989692         3.79958         3.12167 
        1.00528          3.7279         3.00874 
        1.02113         3.59998         2.89961 
        1.03692         3.50704         2.79629 
        1.05264         3.36359         2.69847 
        1.06832          3.2709         2.60547 
        1.08405         3.16942         2.51661 
        1.09979          3.0842         2.43183 
        1.11537         2.98819         2.35179 
        1.13105         2.88778         2.27486 
        1.14679         2.81142         2.20108 
        1.16256         2.71974         2.13042 
        1.17828         2.67738         2.06309 
        1.19395         2.57291         1.99889 
         1.2097         2.49648         1.93709 
        1.22537         2.41657          1.8782 
          1.241         2.36247         1.82193 
        1.25666         2.32614         1.76781 
        1.27241         2.26827         1.71564 
        1.28819         2.17187         1.66548 
        1.30392         2.12014         1.61747 
        1.31957         2.08313         1.57156 
        1.33529         2.00189         1.52726 
        1.35108         1.96509         1.48449 
        1.36674         1.91013         1.44365 
         1.3824         1.88503         1.40439 
        1.39811         1.83045         1.36645 
        1.41389         1.78041         1.32977 
        1.42964         1.73945         1.29449 
        1.44531         1.70708         1.26066 
        1.46101         1.66697         1.22796 
        1.47667         1.63146         1.19651 
        1.49229         1.57348         1.16625 
        1.50793          1.5319           1.137 
        1.52367         1.50534         1.10856 
        1.53953         1.46589          1.0809 
        1.55526         1.46065          1.0544 
        1.57092         1.42171         1.02889 
        1.58662         1.40288         1.00417 
        1.60235         1.35417        0.980205 
        1.61809         1.33008         0.95701 
        1.63369         1.29799        0.934769 
        1.64941         1.27465        0.913074 
        1.66519         1.25496        0.891987 
        1.68085         1.22132        0.871714 
        1.69652         1.19857        0.852062 
        1.71228          1.1719        0.832903 
        1.72806         1.15294        0.814316 
        1.74368         1.12938        0.796481 
        1.75933         1.11097        0.779142 
        1.77505         1.08984        0.762237 
        1.79081         1.05998        0.745801 
         1.8065         1.04851        0.729919 
        1.82218         1.02136        0.714512 
        1.83797         1.00241        0.699442 
        1.85367        0.987027        0.684889 
        1.86928         0.96727        0.670836 
        1.88497        0.947424        0.657098 
        1.90073        0.938808        0.643694 
        1.91647        0.912664        0.630674 
        1.93218        0.899838         0.61804 
        1.94787        0.884592         0.60577 
        1.96363          0.8702        0.593783 
        1.97935        0.852844        0.582144 
        1.99499          0.8389        0.570881 
        2.01064        0.824847        0.559899 
         2.0264         0.80767        0.549136 
        2.04216        0.797824        0.538659 
        2.05781        0.781186        0.528521 
        2.07353        0.772323        0.518607 
        2.08928        0.757597        0.508924 
        2.10499        0.744421        0.499514 
        2.12065        0.731763        0.490369 
        2.13633        0.721809        0.481444 
        2.15211        0.705344        0.472682 
        2.16785        0.697622        0.464162 
        2.18349         0.68481        0.455905 
        2.19916        0.677464         0.44783 
        2.21489        0.666566        0.439923 
        2.23063        0.651785        0.432201 
         2.2463        0.642292        0.424699 
        2.26194          0.6346        0.417392 
        2.27765        0.623123        0.410219 
        2.29341         0.61493        0.403195 
        2.30914        0.602424         0.39635 
        2.32486        0.596705        0.389666 
        2.34061        0.586247        0.383125 
        2.35635        0.577066        0.376739 
        2.37203        0.569537         0.37052 
        2.38768        0.561656        0.364454 
        2.40339        0.554387        0.358501 
        2.41914        0.547181        0.352666 
        2.43483         0.53893        0.346982 
         2.4505        0.530145        0.341431 
        2.46622        0.523243        0.335982 
        2.48195        0.515826        0.330652 
        2.49759        0.508153        0.325465 
        2.51328        0.499076        0.320375 
        2.52906        0.494782        0.315361 
        2.54479        0.486216        0.310473 
        2.56049        0.481216        0.305698 
        2.57618        0.474854        0.301026 
        2.59189        0.467845        0.296445 
        2.60758        0.461953        0.291966 
        2.62325        0.455662        0.287584 
        2.63898        0.450621        0.283277 
        2.65468        0.441439        0.279066 
        2.67044        0.438245        0.274922 
        2.68618        0.433694        0.270872 
        2.70184        0.427031         0.26692 
        2.71755        0.421286        0.263035 
        2.73329        0.415928        0.259222 
        2.74897        0.410327        0.255497 
        2.76462        0.404948        0.251852 
        2.78034        0.400409        0.248264 
        2.79607        0.395644        0.244741 
        2.81179        0.390383         0.24129 
        2.82749        0.385456        0.237909 
        2.84321        0.380023        0.234589 
        2.85893        0.375543        0.231333 
        2.87462         0.37132        0.228144 
        2.89033        0.368478        0.225012 
        2.90605        0.364338        0.221936 
        2.92176        0.359869        0.218918 
        2.93747        0.355032        0.215958 
        2.95318         0.35121        0.213052 
        2.96891        0.348915        0.210197 
        2.98456        0.341787        0.207408 
        3.00023        0.339395        0.204664 
        3.01596        0.335264        0.201962 
        3.03164        0.331832        0.199315 
        3.04738        0.328309        0.196708 
         3.0631        0.323586        0.194149 
        3.07883        0.320479        0.191634 
        3.09456        0.317944        0.189165 
        3.11026        0.314283        0.186742 
        3.12596        0.310894        0.184362 
        3.14163        0.308301        0.182029 
        3.15734        0.304714         0.17973 
        3.17308        0.301359        0.177465 
        3.18879        0.298637        0.175246 
        3.20447        0.295438        0.173067 
         3.2202        0.291293        0.170918 
         3.2359        0.288758         0.16881 
        3.25157        0.284614        0.166742 
        3.26729        0.283726        0.164702 
        3.28304        0.280841        0.162692 
        3.29877        0.278008        0.160718 
        3.31446        0.276371        0.158781 
        3.33014        0.271754        0.156878 
        3.34585        0.270265        0.155002 
        3.36158        0.267505        0.153155 
        3.37727        0.265065        0.151342 
        3.39294        0.263334        0.149561 
        3.40867        0.259543        0.147802 
        3.42439        0.257819        0.146072 
        3.44008        0.255472        0.144373 
        3.45578         0.25323          0.1427 
        3.47153        0.251452        0.141049 
        3.48724        0.249032        0.139427 
        3.50292        0.246689        0.137835 
        3.51859        0.244851        0.136267 
        3.53431        0.242395        0.134719 
        3.55007        0.240907        0.133192 
        3.56577         0.23852        0.131694 
        3.58146        0.236341        0.130219 
        3.59719        0.234725        0.128764 
        3.61292        0.232699        0.127331 
        3.62859         0.23113        0.125925 
        3.64429        0.228623        0.124538 
        3.66003        0.226622        0.123167 
        3.67578        0.225301        0.121817 
        3.69146        0.223387        0.120492 
        3.70712        0.222323         0.11919 
        3.72284        0.220389        0.117901 
        3.73853         0.21867        0.116634 
        3.75422        0.216453        0.115385 
        3.76993        0.215145        0.114153 
        3.78564        0.212982         0.11294 
        3.80137        0.211357        0.111742 
        3.81707        0.209904        0.110564 
        3.83279        0.208512        0.109401 
        3.84853        0.206509        0.108254 
        3.86424        0.205322        0.107125 
        3.87992         0.20388        0.106014 
        3.89561        0.202306        0.104918 
        3.91134         0.20022        0.103836 
        3.92704        0.198879         0.10277 
        3.94273         0.19792         0.10172 
        3.95845        0.195834        0.100682 
        3.97418        0.194968       0.0996592 
        3.98988        0.192913       0.0986515 
        4.00554        0.190749       0.0976604 
        4.02125        0.189411       0.0966801 
        4.03698        0.187246       0.0957115 
        4.05268        0.185015       0.0947584 
        4.06839        0.183574       0.0938175 
         4.0841        0.181223       0.0928896 
        4.09983        0.180194       0.0919728 
        4.11555        0.177441       0.0910688 
        4.13124        0.176103       0.0901793 
        4.14693        0.174402       0.0893008 
        4.16266        0.171992        0.088432 
        4.17839        0.170571       0.0875752 
        4.19408        0.169191       0.0867316 
        4.20977        0.167588       0.0858987 
        4.22551        0.165968       0.0850747 
        4.24123        0.164464       0.0842623 
        4.25691        0.163309       0.0834626 
        4.27259        0.161606        0.082673 
        4.28831        0.160805        0.081892 
        4.30404        0.159138       0.0811203 
        4.31974        0.158102       0.0803601 
        4.33543        0.156724       0.0796101 
        4.35116         0.15599       0.0788677 
        4.36688        0.154551       0.0781351 
        4.38255        0.153091       0.0774145 
        4.39825        0.152246       0.0767013 
        4.41398        0.151582       0.0759956 
         4.4297        0.150459       0.0752996 
        4.44541        0.149583       0.0746123 
        4.46111        0.148669       0.0739341 
        4.47683        0.147822       0.0732637 
        4.49251        0.147119        0.072603 
        4.50819        0.146868       0.0719506 
         4.5239        0.145904       0.0713052 
        4.53962        0.145064       0.0706669 
        4.55535        0.144376        0.070036 
        4.57106        0.144109       0.0694137 
        4.58678          0.1429       0.0687988 
         4.6025        0.142933       0.0681912 
        4.61821        0.142776       0.0675909 
        4.63391        0.142415       0.0669986 
         4.6496        0.141526       0.0664136 
        4.66532        0.141252       0.0658347 
        4.68103        0.140903       0.0652629 
        4.69673        0.140644       0.0646983 
        4.71241        0.140277        0.064141 
        4.72811        0.140645       0.0635893 
        4.74384        0.139786       0.0630433 
        4.75955        0.139767       0.0625045 
        4.77525        0.139811       0.0619723 
        4.79096        0.139487       0.0614456 
        4.80669        0.139394       0.0609248 
         4.8224        0.139699       0.0604105 
        4.83809        0.139421       0.0599027 
        4.85379        0.139801       0.0594003 
         4.8695        0.140224       0.0589033 
        4.88521        0.139997       0.0584122 
        4.90093         0.14036       0.0579265 
        4.91663        0.140391       0.0574468 
        4.93234         0.14032        0.056972 
        4.94807        0.141134       0.0565022 
        4.96377        0.141406       0.0560385 
        4.97943        0.141723        0.055581 
        4.99514        0.141587       0.0551274 
        5.01086        0.142993       0.0546785 
        5.02654        0.143157       0.0542357 
        5.04227        0.143393       0.0537964 
          5.058         0.14438       0.0533618 
        5.07371        0.144721       0.0529328 
        5.08942        0.145754       0.0525085 
        5.10513        0.146259       0.0520887 
        5.12084        0.146715       0.0516733 
        5.13656        0.147767       0.0512625 
        5.15225        0.148411       0.0508568 
        5.16796        0.149746       0.0504548 
        5.18369        0.150202       0.0500568 
         5.1994        0.151493       0.0496638 
        5.21509        0.151638       0.0492753 
        5.23079        0.152932       0.0488905 
        5.24649        0.154389       0.0485101 
        5.26217        0.155037       0.0481339 
        5.27788         0.15607       0.0477612 
        5.29359        0.157562       0.0473924 
        5.30933        0.158966       0.0470269 
        5.32504        0.159864       0.0466658 
        5.34073        0.161975        0.046309 
        5.35646        0.162798       0.0459551 
        5.37218        0.163768       0.0456048 
        5.38789        0.164635       0.0452587 
        5.40357        0.166498       0.0449166 
        5.41929        0.168087       0.0445772 
        5.43502        0.169997       0.0442413 
         5.4507        0.171476       0.0439096 
        5.46639         0.17333       0.0435813 
        5.48212        0.174371       0.0432555 
        5.49786        0.176243       0.0429327 
        5.51353        0.178995       0.0426147 
        5.52921        0.179095       0.0422996 
        5.54495        0.181948       0.0419868 
        5.56066         0.18338       0.0416774 
        5.57637          0.1857       0.0413712 
        5.59207        0.187706       0.0410683 
        5.60778        0.189276       0.0407683 
        5.62346        0.192159       0.0404718 
        5.63916        0.193549       0.0401778 
        5.65487        0.195843       0.0398866 
         5.6706         0.19769        0.039598 
        5.68633        0.200545       0.0393121 
        5.70203        0.203289       0.0390295 
        5.71773        0.204353       0.0387498 
        5.73344        0.206853       0.0384727 
        5.74916        0.210366        0.038198 
        5.76486        0.212647       0.0379263 
        5.78054        0.214427       0.0376577 
        5.79626        0.216636       0.0373909 
          5.812        0.219711       0.0371264 
         5.8277        0.222359       0.0368653 
        5.84339        0.224719       0.0366066 
        5.85911         0.22793       0.0363499 
        5.87484        0.230358       0.0360957 
        5.89053        0.233667       0.0358445 
        5.90623        0.234997       0.0355954 
        5.92195         0.23861       0.0353483 
        5.93767        0.240837       0.0351037 
        5.95336        0.243531       0.0348618 
        5.96905        0.246302       0.0346222 
        5.98476        0.249549       0.0343846 
        6.00048        0.252144        0.034149 
        6.01617        0.256814        0.033916 
        6.03185        0.258226       0.0336855 
        6.04756        0.260407       0.0334565 
        6.06331        0.263117       0.0332291 
        6.07903        0.268239       0.0330043 
        6.09473        0.270036       0.0327818 
        6.11044        0.273927       0.0325612 
        6.12616        0.276582       0.0323425 
        6.14186        0.279463       0.0321261 
        6.15755        0.284657       0.0319117 
        6.17326        0.286091       0.0316991 
        6.18898        0.288542       0.0314883 
        6.20467        0.290902       0.0312797 
        6.22036        0.294767       0.0310731 
         6.2361        0.297332       0.0308678 
         6.2518        0.302427       0.0306646 
        6.26748        0.304199       0.0304637 
        6.28319        0.308289       0.0302641 
        6.29893        0.310957        0.030066 
        6.31463        0.314268       0.0298701 
        6.33033         0.31718       0.0296759 
        6.34604        0.320947       0.0294833 
        6.36177        0.323304       0.0292923 
        6.37747        0.326579       0.0291033 
        6.39316        0.330213        0.028916 
        6.40888        0.333172         0.02873 
         6.4246        0.335915       0.0285457 
        6.44031        0.339612        0.028363 
        6.45601        0.341863       0.0281822 
        6.47172        0.344916       0.0280027 
        6.48744        0.350684       0.0278247 
        6.50313         0.34997       0.0276486 
        6.51882        0.354922        0.027474 
        6.53452         0.35615       0.0273007 
        6.55025         0.36108       0.0271287 
        6.56597        0.361556       0.0269583 
        6.58166        0.363394       0.0267896 
        6.59736         0.36982       0.0266223 
        6.61307        0.372804       0.0264562 
         6.6288        0.374871       0.0262914 
         6.6445        0.379071       0.0261282 
         6.6602         0.38028       0.0259665 
        6.67592        0.383381       0.0258059 
        6.69164        0.387526       0.0256468 
        6.70735        0.389964        0.025489 
        6.72304        0.393309       0.0253327 
        6.73874         0.39396       0.0251776 
        6.75446        0.398137       0.0250237 
        6.77016        0.400068       0.0248712 
        6.78585        0.402923       0.0247201 
        6.80156           0.405       0.0245701 
        6.81729        0.406198       0.0244211 
        6.83301        0.410246       0.0242733 
         6.8487        0.414242       0.0241272 
         6.8644        0.413366       0.0239821 
        6.88012         0.41807        0.023838 
        6.89583        0.418471       0.0236953 
        6.91151        0.422432       0.0235539 
        6.92723        0.425068       0.0234133 
        6.94296        0.426973       0.0232738 
        6.95866        0.427228       0.0231357 
        6.97436        0.431578       0.0229987 
        6.99007         0.43244       0.0228627 
        7.00578        0.435231       0.0227279 
        7.02147        0.437633       0.0225942 
        7.03718        0.440188       0.0224615 
         7.0529        0.441217       0.0223298 
        7.06863        0.443405        0.022199 
        7.08433        0.444201       0.0220694 
        7.10004        0.445231        0.021941 
        7.11575        0.450526       0.0218135 
        7.13145        0.450684        0.021687 
        7.14715        0.450466       0.0215616 
        7.16284        0.454608       0.0214372 
        7.17855        0.454917       0.0213137 
        7.19428        0.457982       0.0211909 
        7.20998        0.459541       0.0210694 
        7.22568        0.460156       0.0209488 
        7.24139        0.463318       0.0208291 
        7.25711        0.462737       0.0207103 
        7.27282        0.462869       0.0205924 
        7.28852        0.465107       0.0204755 
        7.30423        0.467529       0.0203595 
        7.31995        0.468574       0.0202443 
        7.33565        0.468418       0.0201301 
        7.35135        0.470033       0.0200167 
        7.36706        0.469874       0.0199043 
        7.38277        0.472411       0.0197926 
        7.39847        0.474451       0.0196818 
        7.41419        0.475916       0.0195719 
         7.4299        0.477467       0.0194627 
        7.44561        0.477516       0.0193545 
        7.46132        0.480125        0.019247 
        7.47701        0.479404       0.0191405 
        7.49272         0.47885       0.0190346 
        7.50842        0.480889       0.0189296 
         7.5241        0.482498       0.0188256 
        7.53981        0.482372       0.0187221 
        7.55552        0.484926       0.0186194 
        7.57125        0.486977       0.0185173 
        7.58698        0.484906        0.018416 
        7.60268        0.484777       0.0183157 
         7.6184        0.486348        0.018216 
        7.63411        0.489509        0.018117 
        7.64981        0.488865       0.0180189 
        7.66552        0.489506       0.0179214 
        7.68123        0.489818       0.0178247 
        7.69695        0.489999       0.0177285 
        7.71264        0.492999       0.0176333 
        7.72834        0.490383       0.0175387 
        7.74407        0.492878       0.0174447 
        7.75978        0.494884       0.0173514 
        7.77546        0.495656       0.0172589 
        7.79116        0.494358       0.0171671 
         7.8069        0.495859       0.0170757 
         7.8226        0.495055       0.0169851 
        7.83828         0.49607       0.0168954 
        7.85399        0.497652       0.0168061 
        7.86972        0.496343       0.0167174 
        7.88543        0.497994       0.0166294 
        7.90111        0.497766       0.0165422 
        7.91681        0.499514       0.0164554 
        7.93255        0.497859       0.0163692 
        7.94828        0.500406       0.0162836 
        7.96397        0.501024       0.0161987 
        7.97967        0.500833       0.0161145 
        7.99538        0.500462       0.0160308 
         8.0111        0.500746       0.0159476 
         8.0268        0.500785       0.0158651 
        8.04248        0.500417       0.0157833 
         8.0582        0.502157       0.0157019 
        8.07393        0.502984        0.015621 
        8.08963        0.502532       0.0155408 
        8.10533        0.505909       0.0154612 
        8.12104        0.505245       0.0153821 
        8.13675        0.505632       0.0153035 
        8.15245        0.507972       0.0152256 
        8.16815        0.507733       0.0151482 
        8.18387        0.508177       0.0150712 
        8.19959        0.509461       0.0149947 
         8.2153        0.511826       0.0149188 
        8.23101        0.512303       0.0148435 
        8.24672        0.511508       0.0147686 
        8.26241        0.513665       0.0146944 
         8.2781        0.513015       0.0146207 
        8.29381         0.51421       0.0145474 
        8.30952        0.513817       0.0144746 
        8.32524        0.516184       0.0144022 
        8.34095        0.515863       0.0143304 
        8.35666        0.515606       0.0142591 
        8.37237        0.519831       0.0141882 
        8.38808        0.517147       0.0141178 
        8.40379        0.519765        0.014048 
         8.4195        0.517992       0.0139786 
         8.4352        0.519118       0.0139096 
        8.45091         0.52098       0.0138412 
        8.46662        0.520262       0.0137731 
        8.48232        0.523091       0.0137056 
        8.49802        0.522542       0.0136385 
        8.51374        0.523021       0.0135718 
        8.52945        0.524758       0.0135055 
        8.54515        0.525514       0.0134398 
        8.56086        0.526485       0.0133744 
        8.57658        0.524625       0.0133095 
        8.59228        0.526605        0.013245 
        8.60799        0.527363       0.0131809 
        8.62371        0.528659       0.0131173 
        8.63942        0.528594        0.013054 
        8.65512        0.528417       0.0129913 
        8.67082        0.529792       0.0129289 
        8.68653        0.530781       0.0128669 
        8.70224         0.53206       0.0128053 
        8.71795        0.532048       0.0127441 
        8.73365         0.53275       0.0126833 
        8.74936        0.534727        0.012623 
        8.76506        0.532643        0.012563 
        8.78076        0.535431       0.0125034 
        8.79646        0.535899       0.0124442 
        8.81218        0.535972       0.0123854 
        8.82791        0.537199       0.0123268 
         8.8436        0.536459       0.0122688 
         8.8593        0.539332       0.0122111 
        8.87503        0.538684       0.0121537 
        8.89076        0.540156       0.0120966 
        8.90644        0.541292       0.0120401 
        8.92214        0.540824       0.0119839 
        8.93786        0.544504        0.011928 
        8.95357        0.541279       0.0118724 
        8.96928        0.542935       0.0118172 
        8.98498        0.544291       0.0117624 
        9.00069        0.543638       0.0117079 
        9.01639        0.546156       0.0116538 
        9.03208        0.545955          0.0116 
        9.04778        0.547278       0.0115466 
        9.06351        0.545709       0.0114934 
        9.07923        0.546733       0.0114406 
        9.09493        0.548682       0.0113881 
        9.11062        0.548953        0.011336 
        9.12635        0.551388       0.0112842 
        9.14207        0.551124       0.0112326 
        9.15777        0.551798       0.0111815 
        9.17346        0.552765       0.0111307 
        9.18917         0.55332       0.0110801 
         9.2049        0.554481       0.0110299 
        9.22061        0.552893       0.0109799 
        9.23631        0.556564       0.0109303 
        9.25201        0.555092       0.0108811 
        9.26773        0.555579        0.010832 
        9.28343         0.55719       0.0107833 
        9.29913         0.55762        0.010735 
        9.31484        0.559248       0.0106869 
        9.33057        0.559121        0.010639 
        9.34627        0.560259       0.0105915 
        9.36197        0.562399       0.0105443 
        9.37768        0.559862       0.0104973 
        9.39338         0.56264       0.0104506 
        9.40909        0.561967       0.0104043 
        9.42479        0.563035       0.0103582 
         9.4405         0.56475       0.0103124 
        9.45621        0.565024       0.0102668 
        9.47193        0.565707       0.0102216 
        9.48763        0.565662       0.0101766 
        9.50334        0.567423       0.0101319 
        9.51906        0.568066       0.0100874 
        9.53476        0.568718       0.0100433 
        9.55045        0.569323      0.00999937 
        9.56616        0.569019      0.00995572 
        9.58188        0.571143      0.00991227 
        9.59759        0.570348       0.0098691 
         9.6133        0.571057      0.00982619 
        9.62901        0.572864      0.00978351 
        9.64471        0.571703      0.00974109 
        9.66041        0.573724      0.00969891 
        9.67612        0.573825      0.00965693 
        9.69184        0.575885      0.00961519 
        9.70754        0.576034      0.00957374 
        9.72324        0.576811      0.00953256 
        9.73895        0.578102      0.00949161 
        9.75467        0.576529       0.0094509 
        9.77038        0.580168      0.00941049 
        9.78607        0.578602       0.0093704 
        9.80177        0.579533      0.00933056 
        9.81749        0.580827      0.00929095 
         9.8332        0.580372      0.00925165 
         9.8489        0.583837      0.00921264 
        9.86463        0.581968       0.0091738 
        9.88035        0.582398      0.00913518 
        9.89606        0.582837       0.0090968 
        9.91175        0.583546       0.0090586 
        9.92745        0.586182      0.00902053 
        9.94317        0.585314      0.00898254 
        9.95888        0.586594      0.00894465 
        9.97458        0.587196      0.00890684 
        9.99029        0.587002      0.00886904 
         10.006        0.587874       0.0088457 
        10.0217        0.587487       0.0088457 
        10.0374        0.589866       0.0088457 
        10.0531        0.589691       0.0088457 
        10.0688        0.590884       0.0088457 
        10.0845        0.592446       0.0088457 
        10.1002        0.591226       0.0088457 
        10.1159        0.593426       0.0088457 
        10.1317        0.593117       0.0088457 
        10.1474        0.594103       0.0088457 
        10.1631        0.594548       0.0088457 
        10.1788        0.593896       0.0088457 
        10.1945         0.59595       0.0088457 
        10.2102        0.595267       0.0088457 
        10.2259        0.597502       0.0088457 
        10.2416        0.597343       0.0088457 
        10.2573        0.598223       0.0088457 
         10.273        0.599407       0.0088457 
        10.2887         0.59852       0.0088457 
        10.3044        0.601807       0.0088457 
        10.3201        0.600032       0.0088457 
        10.3359        0.601684       0.0088457 
        10.3516        0.602081       0.0088457 
        10.3673        0.602153       0.0088457 
         10.383        0.604396       0.0088457 
        10.3987        0.604096       0.0088457 
        10.4144        0.604804       0.0088457 
        10.4301        0.604932       0.0088457 
        10.4458        0.605874       0.0088457 
        10.4615        0.606858       0.0088457 
        10.4772        0.606488       0.0088457 
        10.4929        0.608433       0.0088457 
        10.5086          0.6086       0.0088457 
        10.5244        0.607809       0.0088457 
        10.5401        0.610875       0.0088457 
        10.5558        0.609715       0.0088457 
        10.5715        0.612004       0.0088457 
        10.5872        0.610696       0.0088457 
        10.6029        0.611974       0.0088457 
        10.6186        0.613799       0.0088457 
        10.6343        0.613811       0.0088457 
          10.65        0.614867       0.0088457 
        10.6657        0.614249       0.0088457 
        10.6814         0.61726       0.0088457 
        10.6971        0.615625       0.0088457 
        10.7129        0.617034       0.0088457 
        10.7286        0.618619       0.0088457 
        10.7443        0.618524       0.0088457 
          10.76        0.620099       0.0088457 
        10.7757        0.619314       0.0088457 
        10.7914        0.621483       0.0088457 
        10.8071        0.621259       0.0088457 
        10.8228        0.620624       0.0088457 
        10.8385        0.622957       0.0088457 
        10.8542        0.622154       0.0088457 
        10.8699        0.624756       0.0088457 
        10.8856        0.624472       0.0088457 
        10.9014        0.624785       0.0088457 
        10.9171        0.626186       0.0088457 
        10.9328         0.62626       0.0088457 
        10.9485        0.626994       0.0088457 
        10.9642        0.627769       0.0088457 
        10.9799        0.628606       0.0088457 
        10.9956        0.630059       0.0088457 
        11.0113        0.629816       0.0088457 
         11.027        0.632912       0.0088457 
        11.0427        0.631792       0.0088457 
        11.0584        0.632843       0.0088457 
        11.0741        0.633189       0.0088457 
        11.0898        0.633203       0.0088457 
        11.1055        0.635464       0.0088457 
        11.1212        0.635246       0.0088457 
         11.137        0.637469       0.0088457 
        11.1527        0.637246       0.0088457 
        11.1684         0.63736       0.0088457 
        11.1841        0.639145       0.0088457 
        11.1998        0.638966       0.0088457 
        11.2155        0.640515       0.0088457 
        11.2312        0.640618       0.0088457 
        11.2469        0.641696       0.0088457 
        11.2626        0.642694       0.0088457 
        11.2783        0.643576       0.0088457 
         11.294        0.644353       0.0088457 
        11.3097        0.643901       0.0088457 
        11.3254         0.64585       0.0088457 
        11.3412        0.647145       0.0088457 
        11.3569        0.647125       0.0088457 
        11.3726        0.649287       0.0088457 
        11.3883        0.647832       0.0088457 
         11.404        0.650678       0.0088457 
        11.4197        0.651316       0.0088457 
        11.4354        0.651922       0.0088457 
        11.4511        0.653174       0.0088457 
        11.4668        0.653259       0.0088457 
        11.4825        0.655412       0.0088457 
        11.4982        0.654695       0.0088457 
         11.514        0.657404       0.0088457 
        11.5297         0.65736       0.0088457 
        11.5454         0.65825       0.0088457 
        11.5611        0.659854       0.0088457 
        11.5768        0.659988       0.0088457 
        11.5925        0.661813       0.0088457 
        11.6082        0.661635       0.0088457 
        11.6239        0.663796       0.0088457 
        11.6396        0.665017       0.0088457 
        11.6553        0.664859       0.0088457 
         11.671        0.666717       0.0088457 
        11.6867        0.667101       0.0088457 
        11.7024        0.668689       0.0088457 
        11.7182        0.669975       0.0088457 
        11.7339        0.670617       0.0088457 
        11.7496        0.672203       0.0088457 
        11.7653        0.673076       0.0088457 
         11.781        0.674542       0.0088457 
        11.7967        0.675655       0.0088457 
        11.8124        0.677154       0.0088457 
        11.8281        0.678063       0.0088457 
        11.8438        0.678775       0.0088457 
        11.8595        0.680719       0.0088457 
        11.8752        0.680697       0.0088457 
         11.891        0.681886       0.0088457 
        11.9067        0.684515       0.0088457 
        11.9224        0.685282       0.0088457 
        11.9381        0.686983       0.0088457 
        11.9538        0.686866       0.0088457 
        11.9695        0.689753       0.0088457 
        11.9852        0.689952       0.0088457 
        12.0009        0.691231       0.0088457 
        12.0166        0.693048       0.0088457 
        12.0323        0.692945       0.0088457 
         12.048        0.696119       0.0088457 
        12.0637        0.695082       0.0088457 
