# k  (h/Mpc)    Pcb(k)  (Mpc/h)^3    Pcb_linear(k) (Mpc/h)^3   ShotnoiseSubtracted = true
      0.0200456         4901.73         4973.26 
      0.0350414         3318.23         3364.04 
      0.0492313         2395.88         2395.03 
      0.0637834         2002.26         1970.88 
      0.0800726         1522.04         1492.51 
       0.096163         1047.48         1053.61 
       0.111083         845.562         858.036 
       0.126058         767.881         758.346 
       0.142273         634.561         612.038 
       0.158546         506.478         477.218 
        0.17375          420.69         414.196 
       0.188953          394.24         373.428 
       0.204907         355.846         317.631 
       0.220756         294.926         266.163 
        0.23588         260.492          236.92 
         0.2514         230.705         215.252 
       0.267535         212.447         189.478 
       0.283568         190.011          165.57 
       0.299022         174.695         149.478 
       0.314451         157.861          136.87 
       0.330372         145.439         123.512 
       0.346141         130.272         111.164 
       0.361624         122.733         101.605 
       0.377134         115.132         93.6541 
       0.392932         103.025         85.9189 
       0.408854         98.6664         78.6575 
       0.424564         93.8718         72.5769 
       0.440253          87.157         67.3336 
       0.455999         81.5845         62.4541 
       0.471626         75.6451         57.9713 
        0.48727         72.6463         53.9807 
       0.502856         68.8336          50.451 
       0.518488         65.9587         47.1934 
       0.534347         63.2489         44.1424 
       0.550082         57.8698         41.3906 
       0.565732         54.7262         38.9101 
       0.581496         52.9698         36.6099 
       0.597222         51.1093         34.4885 
       0.612804         48.0254         32.5505 
       0.628434         46.5733         30.7635 
       0.644267         45.1374         29.0921 
       0.660051         43.2742         27.5477 
       0.675724         41.1327         26.1235 
       0.691403         39.8293         24.7982 
       0.707174         38.4887          23.557 
       0.722871         37.1082         22.4053 
        0.73838         35.9253         21.3426 
       0.754018          34.224         20.3406 
       0.769845         33.3244         19.3918 
        0.78569         32.3245         18.5025 
       0.801365         31.0878         17.6777 
       0.817031         30.3054         16.9037 
       0.832809         29.7026         16.1711 
       0.848511         28.0032         15.4851 
       0.864097         27.4847         14.8436 
       0.879701         26.8158         14.2378 
       0.895507         26.3004         13.6586 
       0.911279         25.3698         13.1128 
        0.92691         24.8014         12.6012 
       0.942635         23.8002         12.1141 
       0.958396         23.4943         11.6517 
       0.974128         22.7403         11.2142 
       0.989692         22.4363         10.8034 
        1.00528         21.8996         10.4125 
        1.02113          21.054         10.0349 
        1.03692           20.58          9.6773 
        1.05264         20.2974         9.33877 
        1.06832         19.6624         9.01693 
        1.08405         19.2513         8.70939 
        1.09979          18.845         8.41598 
        1.11537         18.4177         8.13897 
        1.13105         18.1893         7.87276 
        1.14679         17.8922         7.61742 
        1.16256         17.2249         7.37288 
        1.17828         17.0999         7.13986 
        1.19395         16.5993         6.91768 
         1.2097         16.4483         6.70381 
        1.22537         16.0697         6.49999 
          1.241         15.7336         6.30525 
        1.25666         15.3293         6.11799 
        1.27241         15.0488         5.93744 
        1.28819         14.7294         5.76385 
        1.30392         14.5879         5.59769 
        1.31957         14.4067          5.4388 
        1.33529         14.1583         5.28549 
        1.35108         13.8206         5.13746 
        1.36674         13.6297         4.99615 
         1.3824         13.3201         4.86027 
        1.39811         13.1386         4.72897 
        1.41389         12.9775         4.60201 
        1.42964         12.7476         4.47992 
        1.44531         12.6462         4.36283 
        1.46101         12.2693         4.24967 
        1.47667         12.1396         4.14085 
        1.49229         11.9731         4.03612 
        1.50793         11.8047         3.93488 
        1.52367         11.6102         3.83646 
        1.53953         11.4688         3.74073 
        1.55526         11.2721         3.64902 
        1.57092         11.0609         3.56075 
        1.58662         10.9811         3.47519 
        1.60235         10.8002         3.39226 
        1.61809         10.6561         3.31199 
        1.63369         10.5077         3.23502 
        1.64941         10.3044         3.15993 
        1.66519         10.2469         3.08696 
        1.68085         10.0737          3.0168 
        1.69652         9.93313         2.94879 
        1.71228         9.79995         2.88248 
        1.72806         9.71659         2.81816 
        1.74368         9.54057         2.75643 
        1.75933         9.45344         2.69643 
        1.77505         9.33597         2.63792 
        1.79081         9.17471         2.58104 
         1.8065         9.11942         2.52608 
        1.82218          8.9391         2.47276 
        1.83797         8.84304          2.4206 
        1.85367         8.73363         2.37024 
        1.86928         8.70613          2.3216 
        1.88497         8.51336         2.27406 
        1.90073         8.49985         2.22767 
        1.91647         8.37769         2.18261 
        1.93218          8.3085         2.13889 
        1.94787         8.18186         2.09643 
        1.96363          8.1205         2.05494 
        1.97935         7.97718         2.01466 
        1.99499         7.86622         1.97569 
        2.01064         7.80762         1.93768 
         2.0264          7.7359         1.90043 
        2.04216         7.63531         1.86417 
        2.05781         7.52104         1.82909 
        2.07353         7.48229         1.79478 
        2.08928         7.38772         1.76127 
        2.10499         7.34286          1.7287 
        2.12065         7.21903         1.69705 
        2.13633         7.20412         1.66616 
        2.15211         7.08087         1.63584 
        2.16785         7.04043         1.60636 
        2.18349         6.98216         1.57778 
        2.19916          6.8945         1.54983 
        2.21489         6.81895         1.52247 
        2.23063         6.74364         1.49575 
         2.2463         6.66789         1.46978 
        2.26194         6.60065          1.4445 
        2.27765         6.57421         1.41967 
        2.29341         6.49789         1.39536 
        2.30914         6.39613         1.37167 
        2.32486         6.34429         1.34854 
        2.34061         6.29954          1.3259 
        2.35635         6.25308          1.3038 
        2.37203         6.20077         1.28228 
        2.38768         6.08101         1.26129 
        2.40339         6.07413         1.24069 
        2.41914         5.98358         1.22049 
        2.43483         5.97061         1.20082 
         2.4505          5.9072         1.18161 
        2.46622         5.84764         1.16276 
        2.48195         5.78425         1.14431 
        2.49759         5.74796         1.12636 
        2.51328         5.69193         1.10874 
        2.52906         5.65693         1.09139 
        2.54479         5.59247         1.07447 
        2.56049         5.56673         1.05795 
        2.57618         5.51333         1.04178 
        2.59189         5.43228         1.02593 
        2.60758         5.42268         1.01042 
        2.62325         5.35933         0.99526 
        2.63898         5.29088        0.980353 
        2.65468         5.23455        0.965781 
        2.67044         5.21459        0.951442 
        2.68618         5.17414        0.937425 
        2.70184         5.12534        0.923746 
        2.71755         5.08046        0.910304 
        2.73329          5.0404        0.897107 
        2.74897         5.01535        0.884214 
        2.76462         4.97916        0.871601 
        2.78034         4.90776        0.859182 
        2.79607         4.87958         0.84699 
        2.81179         4.84788        0.835047 
        2.82749         4.80352        0.823347 
        2.84321          4.7907        0.811857 
        2.85893         4.74825        0.800589 
        2.87462         4.68456        0.789553 
        2.89033         4.65397        0.778713 
        2.90605         4.61206        0.768067 
        2.92176         4.57522        0.757624 
        2.93747         4.54529         0.74738 
        2.95318         4.51824        0.737322 
        2.96891         4.47405        0.727443 
        2.98456          4.4282        0.717789 
        3.00023         4.39116        0.708295 
        3.01596         4.36778        0.698942 
        3.03164         4.34882        0.689783 
        3.04738         4.31791        0.680762 
         3.0631         4.26934        0.671903 
        3.07883         4.24085        0.663202 
        3.09456         4.20769        0.654655 
        3.11026         4.18646        0.646271 
        3.12596         4.15486        0.638034 
        3.14163         4.11046        0.629958 
        3.15734          4.0874        0.622003 
        3.17308         4.05678        0.614166 
        3.18879         4.02317        0.606484 
        3.20447         4.01169        0.598944 
         3.2202         3.95207        0.591509 
         3.2359         3.94372        0.584212 
        3.25157         3.91027        0.577055 
        3.26729         3.89893        0.569995 
        3.28304         3.86173        0.563039 
        3.29877         3.82466        0.556208 
        3.31446         3.80168        0.549505 
        3.33014         3.77926        0.542917 
        3.34585         3.75933        0.536426 
        3.36158         3.71874        0.530032 
        3.37727         3.70535        0.523761 
        3.39294         3.68913        0.517597 
        3.40867         3.64205        0.511509 
        3.42439         3.63636        0.505522 
        3.44008         3.59742        0.499642 
        3.45578         3.57132        0.493851 
        3.47153         3.54897        0.488138 
        3.48724         3.52568        0.482525 
        3.50292         3.50909        0.477013 
        3.51859          3.4853        0.471589 
        3.53431         3.45062        0.466232 
        3.55007         3.43781        0.460946 
        3.56577          3.4133        0.455761 
        3.58146         3.39997        0.450658 
        3.59719          3.3767        0.445621 
        3.61292          3.3541        0.440662 
        3.62859         3.31939        0.435797 
        3.64429         3.29979        0.430995 
        3.66003         3.27659        0.426251 
        3.67578         3.26297         0.42158 
        3.69146         3.22707        0.416996 
        3.70712         3.22114        0.412488 
        3.72284         3.19705        0.408029 
        3.73853         3.17342        0.403644 
        3.75422         3.15222        0.399321 
        3.76993         3.13687        0.395058 
        3.78564         3.11563        0.390858 
        3.80137         3.10345        0.386712 
        3.81707         3.07548        0.382635 
        3.83279         3.05122        0.378613 
        3.84853         3.03197        0.374641 
        3.86424         3.01042        0.370735 
        3.87992         2.99283        0.366889 
        3.89561         2.98967        0.363097 
        3.91134         2.95422        0.359351 
        3.92704         2.93763        0.355662 
        3.94273         2.92024        0.352028 
        3.95845         2.90096        0.348438 
        3.97418         2.88533        0.344897 
        3.98988         2.87061         0.34141 
        4.00554         2.84403         0.33798 
        4.02125         2.82405        0.334587 
        4.03698         2.80909        0.331235 
        4.05268         2.77967        0.327937 
        4.06839         2.77413         0.32468 
         4.0841         2.75247        0.321469 
        4.09983         2.73123        0.318296 
        4.11555         2.71646        0.315168 
        4.13124         2.69622        0.312089 
        4.14693         2.67879        0.309049 
        4.16266         2.66342        0.306042 
        4.17839         2.64246        0.303077 
        4.19408         2.62423        0.300158 
        4.20977         2.61166        0.297275 
        4.22551         2.58713        0.294423 
        4.24123          2.5743        0.291612 
        4.25691         2.55791        0.288844 
        4.27259         2.55128        0.286112 
        4.28831         2.52792        0.283409 
        4.30404         2.51157        0.280738 
        4.31974         2.49533        0.278107 
        4.33543         2.48071        0.275512 
        4.35116         2.46258        0.272943 
        4.36688          2.4545        0.270407 
        4.38255          2.4354        0.267913 
        4.39825         2.41886        0.265445 
        4.41398         2.41161        0.263003 
         4.4297         2.39082        0.260594 
        4.44541         2.38196        0.258216 
        4.46111         2.36578        0.255868 
        4.47683         2.34167        0.253549 
        4.49251         2.33966        0.251262 
        4.50819         2.32145        0.249004 
         4.5239         2.30712        0.246771 
        4.53962         2.29982        0.244561 
        4.55535         2.28156        0.242378 
        4.57106         2.27501        0.240225 
        4.58678         2.25891        0.238097 
         4.6025         2.24619        0.235994 
        4.61821         2.23487        0.233916 
        4.63391         2.22122        0.231866 
         4.6496         2.20954        0.229842 
        4.66532         2.19151        0.227838 
        4.68103         2.18013        0.225859 
        4.69673         2.16933        0.223906 
        4.71241         2.15442        0.221977 
        4.72811         2.14573        0.220067 
        4.74384         2.13646        0.218178 
        4.75955         2.12414        0.216313 
        4.77525         2.11657        0.214472 
        4.79096         2.09856        0.212649 
        4.80669         2.08554        0.210846 
         4.8224         2.08448        0.209066 
        4.83809         2.06702        0.207309 
        4.85379         2.05896        0.205571 
         4.8695         2.04799        0.203851 
        4.88521          2.0307        0.202151 
        4.90093         2.02544         0.20047 
        4.91663         2.01413         0.19881 
        4.93234         2.00048        0.197167 
        4.94807         1.99307        0.195541 
        4.96377         1.98386        0.193936 
        4.97943         1.97097        0.192353 
        4.99514         1.95822        0.190783 
        5.01086         1.94952        0.189229 
        5.02654         1.93578        0.187697 
        5.04227         1.93373        0.186177 
          5.058         1.92241        0.184673 
        5.07371         1.91448        0.183188 
        5.08942         1.90137         0.18172 
        5.10513          1.8923        0.180267 
        5.12084         1.88426        0.178829 
        5.13656         1.87428        0.177407 
        5.15225         1.86148        0.176003 
        5.16796         1.85308        0.174612 
        5.18369         1.84344        0.173235 
         5.1994         1.84186        0.171875 
        5.21509         1.82813         0.17053 
        5.23079          1.8227        0.169198 
        5.24649         1.81233        0.167882 
        5.26217         1.80343         0.16658 
        5.27788         1.79169         0.16529 
        5.29359          1.7866        0.164014 
        5.30933         1.78015        0.162749 
        5.32504         1.76574          0.1615 
        5.34073         1.76045        0.160264 
        5.35646         1.75052         0.15904 
        5.37218         1.73975        0.157827 
        5.38789         1.74002         0.15663 
        5.40357         1.72963        0.155446 
        5.41929         1.72187        0.154271 
        5.43502          1.7147        0.153109 
         5.4507         1.70916        0.151961 
        5.46639          1.6992        0.150825 
        5.48212         1.69109        0.149697 
        5.49786         1.68645         0.14858 
        5.51353         1.67425        0.147479 
        5.52921         1.66742        0.146389 
        5.54495         1.66341        0.145306 
        5.56066         1.65626        0.144236 
        5.57637         1.64672        0.143176 
        5.59207         1.64103        0.142128 
        5.60778         1.63583         0.14109 
        5.62346         1.62815        0.140063 
        5.63916         1.61725        0.139046 
        5.65487         1.61049        0.138038 
         5.6706          1.6066        0.137039 
        5.68633         1.59985         0.13605 
        5.70203         1.58956        0.135072 
        5.71773         1.58316        0.134104 
        5.73344         1.57884        0.133145 
        5.74916         1.56657        0.132194 
        5.76486         1.56598        0.131254 
        5.78054         1.55828        0.130324 
        5.79626         1.55118        0.129401 
          5.812         1.54458        0.128486 
         5.8277         1.53556        0.127582 
        5.84339         1.53139        0.126687 
        5.85911         1.52392        0.125799 
        5.87484         1.52061        0.124919 
        5.89053         1.51404        0.124049 
        5.90623         1.50666        0.123187 
        5.92195         1.49953        0.122332 
        5.93767         1.49762        0.121486 
        5.95336         1.48676        0.120648 
        5.96905         1.48262        0.119819 
        5.98476         1.47396        0.118997 
        6.00048         1.46786        0.118182 
        6.01617         1.46466        0.117375 
        6.03185         1.45868        0.116577 
        6.04756         1.45177        0.115785 
        6.06331         1.44886        0.114998 
        6.07903         1.44193         0.11422 
        6.09473         1.44022         0.11345 
        6.11044          1.4334        0.112687 
        6.12616         1.42641         0.11193 
        6.14186         1.41776        0.111181 
        6.15755         1.41365        0.110439 
        6.17326         1.41049        0.109703 
        6.18898         1.40294        0.108974 
        6.20467         1.39875        0.108252 
        6.22036         1.39232        0.107537 
         6.2361         1.38756        0.106826 
         6.2518         1.38333        0.106123 
        6.26748         1.37453        0.105428 
        6.28319         1.37223        0.104737 
        6.29893         1.37047        0.104051 
        6.31463         1.36176        0.103373 
        6.33033         1.35404        0.102701 
        6.34604         1.35059        0.102035 
        6.36177         1.34812        0.101374 
        6.37747         1.34306         0.10072 
        6.39316         1.33648        0.100071 
        6.40888         1.33369       0.0994279 
         6.4246         1.32667       0.0987898 
        6.44031         1.32189       0.0981577 
        6.45601         1.31855       0.0975319 
        6.47172         1.31548       0.0969107 
        6.48744         1.30747       0.0962947 
        6.50313         1.30451       0.0956851 
        6.51882         1.29794       0.0950809 
        6.53452          1.2967       0.0944813 
        6.55025         1.29096       0.0938859 
        6.56597          1.2878       0.0932963 
        6.58166         1.28189       0.0927125 
        6.59736         1.27481       0.0921333 
        6.61307         1.27296       0.0915585 
         6.6288         1.26836       0.0909883 
         6.6445         1.26455       0.0904236 
         6.6602         1.25958       0.0898639 
        6.67592         1.25267       0.0893082 
        6.69164         1.25231       0.0887574 
        6.70735         1.24818       0.0882113 
        6.72304         1.24266       0.0876703 
        6.73874         1.24102       0.0871338 
        6.75446         1.23506       0.0866011 
        6.77016          1.2305       0.0860735 
        6.78585         1.22558       0.0855503 
        6.80156         1.22181       0.0850313 
        6.81729         1.22017       0.0845156 
        6.83301          1.2135       0.0840043 
         6.8487          1.2111       0.0834984 
         6.8644         1.20482       0.0829963 
        6.88012         1.20319       0.0824978 
        6.89583         1.19707       0.0820038 
        6.91151         1.19606       0.0815145 
        6.92723         1.19109        0.081028 
        6.94296         1.18783       0.0805452 
        6.95866         1.18105       0.0800672 
        6.97436         1.17946       0.0795931 
        6.99007         1.17511       0.0791225 
        7.00578          1.1733       0.0786558 
        7.02147         1.16845       0.0781933 
        7.03718          1.1664        0.077734 
         7.0529         1.16092        0.077278 
        7.06863         1.16054       0.0768254 
        7.08433         1.15345       0.0763771 
        7.10004         1.15108       0.0759325 
        7.11575         1.14766       0.0754912 
        7.13145          1.1439       0.0750536 
        7.14715         1.13938       0.0746195 
        7.16284         1.13837       0.0741893 
        7.17855         1.13418       0.0737616 
        7.19428          1.1309       0.0733368 
        7.20998         1.12783       0.0729162 
        7.22568         1.12415       0.0724988 
        7.24139         1.11985       0.0720845 
        7.25711         1.11905       0.0716734 
        7.27282         1.11343       0.0712654 
        7.28852         1.11079        0.070861 
        7.30423          1.1065       0.0704593 
        7.31995         1.10577       0.0700607 
        7.33565         1.10058       0.0696655 
        7.35135         1.09638       0.0692732 
        7.36706         1.09465       0.0688841 
        7.38277         1.09104       0.0684975 
        7.39847         1.08968       0.0681142 
        7.41419         1.08616       0.0677336 
         7.4299         1.08353        0.067356 
        7.44561          1.0799       0.0669812 
        7.46132         1.07633       0.0666093 
        7.47701         1.07252       0.0662407 
        7.49272         1.06987       0.0658744 
        7.50842         1.06793        0.065511 
         7.5241         1.06587       0.0651509 
        7.53981         1.06227       0.0647928 
        7.55552         1.05917       0.0644374 
        7.57125         1.05688       0.0640841 
        7.58698         1.05418       0.0637335 
        7.60268         1.05132       0.0633862 
         7.6184         1.04917       0.0630412 
        7.63411         1.04582       0.0626987 
        7.64981         1.03932        0.062359 
        7.66552         1.03947       0.0620218 
        7.68123         1.03813       0.0616869 
        7.69695         1.03394       0.0613543 
        7.71264         1.03183       0.0610247 
        7.72834         1.02951       0.0606974 
        7.74407         1.02669       0.0603719 
        7.75978         1.02289        0.060049 
        7.77546         1.02284       0.0597291 
        7.79116         1.01831       0.0594113 
         7.8069         1.01585        0.059095 
         7.8226         1.01401       0.0587816 
        7.83828         1.01104       0.0584709 
        7.85399           1.009       0.0581621 
        7.86972         1.00495       0.0578548 
        7.88543          1.0041       0.0575503 
        7.90111         1.00126       0.0572485 
        7.91681        0.998432       0.0569484 
        7.93255        0.994726       0.0566499 
        7.94828        0.993739       0.0563536 
        7.96397        0.991554       0.0560599 
        7.97967        0.989158       0.0557684 
        7.99538        0.986995       0.0554787 
         8.0111        0.983925        0.055191 
         8.0268        0.982507       0.0549055 
        8.04248        0.980075       0.0546224 
         8.0582        0.978053       0.0543407 
        8.07393        0.977749       0.0540607 
        8.08963        0.973181       0.0537832 
        8.10533        0.971498       0.0535077 
        8.12104         0.96974       0.0532339 
        8.13675        0.967347        0.052962 
        8.15245        0.965339       0.0526921 
        8.16815        0.963374       0.0524242 
        8.18387        0.961324       0.0521578 
        8.19959        0.959892       0.0518932 
         8.2153        0.956177       0.0516306 
        8.23101        0.955371       0.0513698 
        8.24672        0.952355       0.0511108 
        8.26241        0.951008        0.050854 
         8.2781        0.949481       0.0505988 
        8.29381        0.947671       0.0503451 
        8.30952        0.946111       0.0500931 
        8.32524        0.942838       0.0498427 
        8.34095         0.94102       0.0495941 
        8.35666        0.940552       0.0493473 
        8.37237        0.937761       0.0491021 
        8.38808        0.936349       0.0488585 
        8.40379        0.934182       0.0486167 
         8.4195        0.934037       0.0483765 
         8.4352        0.929193       0.0481379 
        8.45091        0.929081        0.047901 
        8.46662        0.927486       0.0476655 
        8.48232        0.925606       0.0474318 
        8.49802        0.923836       0.0471996 
        8.51374        0.921677       0.0469687 
        8.52945        0.919664       0.0467395 
        8.54515        0.916932        0.046512 
        8.56086        0.916949       0.0462857 
        8.57658        0.915901        0.046061 
        8.59228        0.913219       0.0458379 
        8.60799        0.911687       0.0456161 
        8.62371        0.908831       0.0453958 
        8.63942        0.908622       0.0451769 
        8.65512        0.906397       0.0449597 
        8.67082        0.904955       0.0447438 
        8.68653        0.902337       0.0445293 
        8.70224        0.901397       0.0443161 
        8.71795        0.898681       0.0441044 
        8.73365        0.897969       0.0438941 
        8.74936        0.897053       0.0436851 
        8.76506        0.895048       0.0434776 
        8.78076        0.893215       0.0432714 
        8.79646        0.892998       0.0430665 
        8.81218        0.889196       0.0428628 
        8.82791        0.888838       0.0426602 
         8.8436        0.887066       0.0424593 
         8.8593        0.886576       0.0422598 
        8.87503        0.884494        0.042061 
        8.89076        0.883534       0.0418636 
        8.90644        0.882416        0.041668 
        8.92214        0.880327       0.0414735 
        8.93786         0.87938       0.0412799 
        8.95357        0.877737       0.0410876 
        8.96928        0.876031       0.0408967 
        8.98498        0.875108        0.040707 
        9.00069        0.874287       0.0405184 
        9.01639        0.872879        0.040331 
        9.03208        0.871547        0.040145 
        9.04778        0.869789       0.0399601 
        9.06351        0.866825        0.039776 
        9.07923        0.867154       0.0395931 
        9.09493         0.86568       0.0394116 
        9.11062        0.864158       0.0392314 
        9.12635        0.862903       0.0390519 
        9.14207        0.862052       0.0388735 
        9.15777        0.860627       0.0386965 
        9.17346        0.858423       0.0385207 
        9.18917        0.857905       0.0383458 
         9.2049        0.857374       0.0381717 
        9.22061        0.854154       0.0379989 
        9.23631        0.853304       0.0378273 
        9.25201        0.853212       0.0376568 
        9.26773        0.851381       0.0374871 
        9.28343        0.851079       0.0373186 
        9.29913        0.850844       0.0371512 
        9.31484        0.847648       0.0369847 
        9.33057        0.847408        0.036819 
        9.34627        0.845921       0.0366545 
        9.36197         0.84517       0.0364912 
        9.37768        0.843733       0.0363287 
        9.39338        0.843928       0.0361672 
        9.40909        0.841334       0.0360068 
        9.42479        0.840849       0.0358473 
         9.4405        0.839034       0.0356888 
        9.45621        0.838663       0.0355311 
        9.47193        0.837734       0.0353744 
        9.48763         0.83751       0.0352188 
        9.50334        0.835278        0.035064 
        9.51906        0.836403       0.0349102 
        9.53476        0.834683       0.0347574 
        9.55045        0.833448       0.0346055 
        9.56616        0.831304       0.0344544 
        9.58188        0.830477        0.034304 
        9.59759        0.829916       0.0341546 
         9.6133        0.829484       0.0340061 
        9.62901        0.829186       0.0338584 
        9.64471        0.828146       0.0337116 
        9.66041         0.82693       0.0335656 
        9.67612        0.826118       0.0334204 
        9.69184        0.824971       0.0332759 
        9.70754        0.823621       0.0331325 
        9.72324         0.82422       0.0329899 
        9.73895        0.822336       0.0328482 
        9.75467        0.821588       0.0327074 
        9.77038        0.820799       0.0325675 
        9.78607        0.819575       0.0324287 
        9.80177        0.818482       0.0322909 
        9.81749         0.81793       0.0321538 
         9.8332        0.817499       0.0320178 
         9.8489        0.816876       0.0318828 
        9.86463        0.816552       0.0317484 
        9.88035        0.814326       0.0316147 
        9.89606        0.814136       0.0314819 
        9.91175        0.813463       0.0313497 
        9.92745        0.813682       0.0312179 
        9.94317        0.812652       0.0310865 
        9.95888        0.811178       0.0309553 
        9.97458        0.811099       0.0308245 
        9.99029        0.810238       0.0306937 
         10.006        0.808527       0.0306129 
        10.0217        0.808724       0.0306129 
        10.0374        0.808832       0.0306129 
        10.0531        0.808113       0.0306129 
        10.0688        0.807191       0.0306129 
        10.0845        0.807136       0.0306129 
        10.1002        0.806415       0.0306129 
        10.1159         0.80583       0.0306129 
        10.1317         0.80546       0.0306129 
        10.1474        0.803997       0.0306129 
        10.1631        0.803631       0.0306129 
        10.1788        0.803218       0.0306129 
        10.1945        0.802493       0.0306129 
        10.2102        0.803145       0.0306129 
        10.2259        0.800714       0.0306129 
        10.2416        0.801062       0.0306129 
        10.2573        0.799989       0.0306129 
         10.273        0.800236       0.0306129 
        10.2887        0.799203       0.0306129 
        10.3044        0.798444       0.0306129 
        10.3201        0.799083       0.0306129 
        10.3359        0.798276       0.0306129 
        10.3516        0.797971       0.0306129 
        10.3673        0.797049       0.0306129 
         10.383        0.797125       0.0306129 
        10.3987         0.79594       0.0306129 
        10.4144        0.796239       0.0306129 
        10.4301        0.795678       0.0306129 
        10.4458        0.795491       0.0306129 
        10.4615          0.7949       0.0306129 
        10.4772        0.794275       0.0306129 
        10.4929        0.794773       0.0306129 
        10.5086        0.794181       0.0306129 
        10.5244        0.793462       0.0306129 
        10.5401        0.793692       0.0306129 
        10.5558        0.793422       0.0306129 
        10.5715        0.792997       0.0306129 
        10.5872        0.792736       0.0306129 
        10.6029        0.793436       0.0306129 
        10.6186        0.792224       0.0306129 
        10.6343        0.791521       0.0306129 
          10.65        0.792076       0.0306129 
        10.6657        0.792005       0.0306129 
        10.6814        0.791553       0.0306129 
        10.6971         0.79155       0.0306129 
        10.7129        0.791714       0.0306129 
        10.7286        0.791987       0.0306129 
        10.7443        0.791278       0.0306129 
          10.76        0.790555       0.0306129 
        10.7757         0.79051       0.0306129 
        10.7914        0.790507       0.0306129 
        10.8071        0.790019       0.0306129 
        10.8228         0.78992       0.0306129 
        10.8385          0.7909       0.0306129 
        10.8542        0.790852       0.0306129 
        10.8699        0.791063       0.0306129 
        10.8856        0.790476       0.0306129 
        10.9014        0.790327       0.0306129 
        10.9171        0.790886       0.0306129 
        10.9328         0.78995       0.0306129 
        10.9485        0.791205       0.0306129 
        10.9642        0.790343       0.0306129 
        10.9799        0.790483       0.0306129 
        10.9956        0.791487       0.0306129 
        11.0113        0.790928       0.0306129 
         11.027        0.790636       0.0306129 
        11.0427         0.79108       0.0306129 
        11.0584        0.791955       0.0306129 
        11.0741        0.792162       0.0306129 
        11.0898        0.791764       0.0306129 
        11.1055         0.79168       0.0306129 
        11.1212        0.791667       0.0306129 
         11.137        0.792833       0.0306129 
        11.1527         0.79231       0.0306129 
        11.1684        0.792215       0.0306129 
        11.1841        0.793277       0.0306129 
        11.1998        0.792368       0.0306129 
        11.2155        0.792806       0.0306129 
        11.2312        0.793412       0.0306129 
        11.2469        0.794779       0.0306129 
        11.2626        0.794768       0.0306129 
        11.2783         0.79542       0.0306129 
         11.294        0.795555       0.0306129 
        11.3097        0.795833       0.0306129 
        11.3254        0.796142       0.0306129 
        11.3412        0.797127       0.0306129 
        11.3569        0.796644       0.0306129 
        11.3726         0.79691       0.0306129 
        11.3883        0.798293       0.0306129 
         11.404        0.798618       0.0306129 
        11.4197        0.798162       0.0306129 
        11.4354        0.798807       0.0306129 
        11.4511        0.799251       0.0306129 
        11.4668        0.800964       0.0306129 
        11.4825        0.801006       0.0306129 
        11.4982        0.800368       0.0306129 
         11.514        0.801767       0.0306129 
        11.5297        0.803466       0.0306129 
        11.5454        0.802865       0.0306129 
        11.5611        0.804217       0.0306129 
        11.5768        0.804343       0.0306129 
        11.5925        0.806402       0.0306129 
        11.6082        0.805847       0.0306129 
        11.6239        0.807291       0.0306129 
        11.6396        0.808374       0.0306129 
        11.6553        0.808428       0.0306129 
         11.671        0.809578       0.0306129 
        11.6867         0.80914       0.0306129 
        11.7024        0.810862       0.0306129 
        11.7182        0.811604       0.0306129 
        11.7339        0.813073       0.0306129 
        11.7496        0.814247       0.0306129 
        11.7653        0.814388       0.0306129 
         11.781        0.815109       0.0306129 
        11.7967        0.816124       0.0306129 
        11.8124        0.817522       0.0306129 
        11.8281        0.818458       0.0306129 
        11.8438        0.819053       0.0306129 
        11.8595         0.82046       0.0306129 
        11.8752        0.821071       0.0306129 
         11.891        0.823049       0.0306129 
        11.9067        0.824016       0.0306129 
        11.9224        0.824904       0.0306129 
        11.9381        0.826421       0.0306129 
        11.9538        0.826537       0.0306129 
        11.9695        0.828116       0.0306129 
        11.9852        0.829109       0.0306129 
        12.0009        0.830393       0.0306129 
        12.0166         0.83278       0.0306129 
        12.0323        0.833696       0.0306129 
         12.048        0.835091       0.0306129 
        12.0637        0.835485       0.0306129 
