# k  (h/Mpc)    Pcb(k)  (Mpc/h)^3    Pcb_linear(k) (Mpc/h)^3   ShotnoiseSubtracted = true
      0.0200456         7125.59         7224.64 
      0.0350414         5282.08         5161.05 
      0.0492313         3724.93         3739.44 
      0.0637834         3027.95         3114.39 
      0.0800726         2365.13         2442.85 
       0.096163         1811.36         1756.82 
       0.111083         1476.51         1413.77 
       0.126058         1245.61         1257.83 
       0.142273         1052.65         1050.51 
       0.158546         856.095         824.815 
        0.17375         746.687         702.936 
       0.188953          683.86          638.56 
       0.204907         577.574         558.456 
       0.220756         512.904         469.858 
        0.23588         454.464         412.196 
         0.2514         408.166         376.121 
       0.267535         388.724         337.705 
       0.283568         337.862         296.308 
       0.299022         318.302         265.286 
       0.314451         311.414         243.358 
       0.330372         269.408         222.375 
       0.346141         248.558         201.053 
       0.361624         234.327         183.066 
       0.377134         215.066         168.895 
       0.392932         209.028         156.066 
       0.408854         196.888         143.494 
       0.424564         187.815         132.293 
       0.440253         169.761         122.835 
       0.455999         159.148         114.409 
       0.471626         155.013         106.543 
        0.48727         148.917         99.3023 
       0.502856         135.896         92.8929 
       0.518488         133.685         87.1183 
       0.534347         124.974         81.6984 
       0.550082          121.71         76.7158 
       0.565732         118.879         72.2035 
       0.581496         109.437         68.0597 
       0.597222         106.672         64.2408 
       0.612804         102.945         60.7266 
       0.628434         99.9999         57.4653 
       0.644267          94.657          54.421 
       0.660051          91.513         51.6091 
       0.675724         89.5274         49.0116 
       0.691403         87.4116         46.5907 
       0.707174         84.1649         44.3196 
       0.722871         82.2544         42.2089 
        0.73838         79.5728         40.2583 
       0.754018         74.7946         38.4164 
       0.769845         74.1657         36.6697 
        0.78569         71.7925         35.0303 
       0.801365         69.4834         33.5076 
       0.817031         66.9565         32.0769 
       0.832809         65.6964         30.7211 
       0.848511         63.9562         29.4502 
       0.864097         62.6575         28.2603 
       0.879701         61.2426         27.1353 
       0.895507         58.8581         26.0586 
       0.911279         57.8325         25.0428 
        0.92691          56.058         24.0899 
       0.942635         54.7495         23.1815 
       0.958396         54.4329         22.3182 
       0.974128         52.9595         21.5006 
       0.989692         51.4406         20.7322 
        1.00528         50.3793         20.0004 
        1.02113          49.129         19.2926 
        1.03692         48.7414         18.6218 
        1.05264         47.5479         17.9861 
        1.06832         46.2175         17.3812 
        1.08405         45.2923         16.8026 
        1.09979         44.9099         16.2501 
        1.11537          43.553          15.728 
        1.13105         42.4295         15.2259 
        1.14679         41.8476         14.7438 
        1.16256         41.1567         14.2817 
        1.17828         40.5148         13.8411 
        1.19395         39.3308         13.4205 
         1.2097         39.2079         13.0154 
        1.22537          38.184         12.6291 
          1.241         37.5699         12.2596 
        1.25666         36.6325          11.904 
        1.27241           36.39          11.561 
        1.28819         35.3822         11.2309 
        1.30392         34.9717         10.9147 
        1.31957         34.5244         10.6122 
        1.33529         33.8456           10.32 
        1.35108         33.1478         10.0377 
        1.36674          32.647         9.76802 
         1.3824         32.0617         9.50853 
        1.39811         31.3891         9.25763 
        1.41389         30.9254         9.01485 
        1.42964         30.6459         8.78122 
        1.44531         29.8626         8.55703 
        1.46101         29.5907         8.34021 
        1.47667         29.1407         8.13157 
        1.49229          28.539         7.93064 
        1.50793         28.2203          7.7363 
        1.52367          27.669         7.54723 
        1.53953          27.438         7.36323 
        1.55526         26.9605         7.18685 
        1.57092         26.5886         7.01699 
        1.58662         26.0753         6.85223 
        1.60235         25.7057         6.69245 
        1.61809         25.3407          6.5377 
        1.63369         25.0098         6.38923 
        1.64941         24.6206         6.24432 
        1.66519         24.1792         6.10339 
        1.68085          23.772         5.96782 
        1.69652         23.4951         5.83634 
        1.71228         23.2597         5.70808 
        1.72806         22.8384         5.58358 
        1.74368         22.4615         5.46406 
        1.75933         22.2589          5.3478 
        1.77505         22.0195         5.23439 
        1.79081         21.6366         5.12407 
         1.8065         21.2978         5.01741 
        1.82218          21.004         4.91388 
        1.83797         20.8356         4.81258 
        1.85367         20.4461         4.71469 
        1.86928         20.3811         4.62012 
        1.88497         19.9561         4.52764 
        1.90073         19.6911         4.43734 
        1.91647         19.4468          4.3496 
        1.93218         19.3588         4.26442 
        1.94787         19.0123         4.18165 
        1.96363         18.7459         4.10075 
        1.97935         18.4449         4.02216 
        1.99499         18.2898         3.94608 
        2.01064         17.9585         3.87186 
         2.0264         17.7702         3.79908 
        2.04216         17.6851         3.72822 
        2.05781          17.377         3.65961 
        2.07353         17.1674         3.59249 
        2.08928         16.8404          3.5269 
        2.10499          16.664         3.46313 
        2.12065         16.4613         3.40113 
        2.13633         16.3524          3.3406 
        2.15211         16.0115         3.28115 
        2.16785          15.952         3.22332 
        2.18349         15.7196         3.16725 
        2.19916         15.5033         3.11239 
        2.21489         15.3154         3.05865 
        2.23063         15.1758         3.00615 
         2.2463         14.9726         2.95511 
        2.26194         14.8033         2.90539 
        2.27765         14.5463         2.85656 
        2.29341         14.3782         2.80872 
        2.30914         14.2113         2.76209 
        2.32486         14.1091         2.71653 
        2.34061         13.9254         2.67193 
        2.35635         13.7011         2.62837 
        2.37203         13.5962         2.58594 
        2.38768         13.4318         2.54453 
        2.40339         13.3328         2.50387 
        2.41914         13.1477         2.46402 
        2.43483          12.973         2.42517 
         2.4505         12.7694         2.38722 
        2.46622         12.6907         2.34996 
        2.48195         12.5304         2.31349 
        2.49759          12.327         2.27799 
        2.51328         12.2417         2.24314 
        2.52906         12.1319          2.2088 
        2.54479         11.9527         2.17531 
        2.56049         11.8174         2.14258 
        2.57618          11.766         2.11055 
        2.59189         11.5444         2.07913 
        2.60758         11.4194         2.04839 
        2.62325         11.3118         2.01832 
        2.63898         11.2303         1.98875 
        2.65468         11.0498         1.95983 
        2.67044         10.9457         1.93136 
        2.68618           10.85         1.90352 
        2.70184         10.7079         1.87635 
        2.71755         10.5898         1.84963 
        2.73329         10.4798          1.8234 
        2.74897         10.3733         1.79776 
        2.76462         10.2631         1.77267 
        2.78034         10.1336         1.74796 
        2.79607         10.0436         1.72369 
        2.81179         9.94251         1.69991 
        2.82749         9.81822         1.67661 
        2.84321         9.72133         1.65372 
        2.85893         9.58911         1.63126 
        2.87462         9.54255         1.60925 
        2.89033          9.4108         1.58764 
        2.90605         9.33788          1.5664 
        2.92176         9.22325         1.54556 
        2.93747         9.12198         1.52511 
        2.95318         9.04001         1.50503 
        2.96891         8.93854          1.4853 
        2.98456         8.85553         1.46601 
        3.00023         8.77594         1.44703 
        3.01596         8.69675         1.42833 
        3.03164         8.59196         1.41002 
        3.04738         8.50815         1.39197 
         3.0631          8.4038         1.37425 
        3.07883          8.3264         1.35683 
        3.09456         8.24653         1.33972 
        3.11026         8.17394         1.32293 
        3.12596         8.09931         1.30643 
        3.14163         7.99288         1.29025 
        3.15734         7.93377          1.2743 
        3.17308         7.87324         1.25859 
        3.18879         7.76369         1.24319 
        3.20447         7.71553         1.22806 
         3.2202         7.61147         1.21314 
         3.2359         7.53626         1.19849 
        3.25157         7.48714         1.18412 
        3.26729          7.3907         1.16995 
        3.28304         7.32525         1.15597 
        3.29877         7.28345         1.14225 
        3.31446         7.19271         1.12877 
        3.33014         7.13296         1.11553 
        3.34585         7.03787         1.10248 
        3.36158         6.99265         1.08961 
        3.37727         6.93997           1.077 
        3.39294         6.86585         1.06459 
        3.40867         6.80601         1.05234 
        3.42439         6.72094         1.04028 
        3.44008         6.68611         1.02844 
        3.45578         6.58993         1.01677 
        3.47153         6.56268         1.00526 
        3.48724          6.4943        0.993943 
        3.50292         6.43518        0.982829 
        3.51859         6.37118        0.971891 
        3.53431         6.30804        0.961085 
        3.55007         6.24934        0.950418 
        3.56577         6.18033        0.939954 
        3.58146         6.13023        0.929652 
        3.59719         6.07801         0.91948 
        3.61292         6.03045        0.909465 
        3.62859         5.97721        0.899636 
        3.64429         5.91325        0.889934 
        3.66003         5.87179        0.880345 
        3.67578           5.813        0.870901 
        3.69146         5.76828        0.861631 
        3.70712         5.70873        0.852512 
        3.72284         5.66041        0.843492 
        3.73853         5.61515        0.834618 
        3.75422         5.56703        0.825869 
        3.76993          5.5046        0.817237 
        3.78564         5.46075        0.808732 
        3.80137         5.41601        0.800334 
        3.81707         5.35896        0.792073 
        3.83279         5.31555        0.783922 
        3.84853         5.27501        0.775873 
        3.86424         5.23538        0.767952 
        3.87992         5.20426        0.760154 
        3.89561         5.14093        0.752463 
        3.91134         5.09597        0.744863 
        3.92704         5.05252        0.737377 
        3.94273         5.01523        0.730001 
        3.95845         4.96854        0.722712 
        3.97418         4.92111        0.715522 
        3.98988         4.88861        0.708439 
        4.00554         4.84198        0.701471 
        4.02125         4.80916        0.694577 
        4.03698         4.76658        0.687764 
        4.05268         4.72545        0.681059 
        4.06839          4.6718        0.674438 
         4.0841         4.63523        0.667907 
        4.09983         4.59576        0.661453 
        4.11555          4.5481        0.655088 
        4.13124         4.51232        0.648823 
        4.14693         4.47478        0.642635 
        4.16266         4.44237        0.636513 
        4.17839         4.40792        0.630475 
        4.19408         4.37776        0.624529 
        4.20977         4.31715        0.618657 
        4.22551         4.30297        0.612846 
        4.24123          4.2693        0.607116 
        4.25691         4.24335        0.601475 
        4.27259         4.18444        0.595903 
        4.28831         4.16362        0.590391 
        4.30404         4.12952        0.584943 
        4.31974         4.09391        0.579576 
        4.33543         4.05357         0.57428 
        4.35116         4.01957        0.569036 
        4.36688         3.99667        0.563861 
        4.38255         3.96268        0.558769 
        4.39825         3.92465        0.553728 
        4.41398         3.89409         0.54874 
         4.4297         3.86714        0.543819 
        4.44541          3.8331        0.538958 
        4.46111         3.82007        0.534161 
        4.47683         3.77968        0.529419 
        4.49251          3.7497        0.524744 
        4.50819         3.72462        0.520126 
         4.5239         3.68157        0.515558 
        4.53962         3.66603        0.511038 
        4.55535         3.63085        0.506571 
        4.57106         3.60897        0.502164 
        4.58678         3.57522        0.497807 
         4.6025         3.55501        0.493502 
        4.61821         3.53049        0.489248 
        4.63391         3.48863         0.48505 
         4.6496         3.47539        0.480903 
        4.66532         3.44609        0.476797 
        4.68103         3.42357        0.472742 
        4.69673         3.39981        0.468737 
        4.71241         3.36616        0.464783 
        4.72811         3.34681        0.460868 
        4.74384          3.3267        0.456993 
        4.75955         3.29704        0.453169 
        4.77525         3.27477         0.44939 
        4.79096         3.24992         0.44565 
        4.80669         3.22259         0.44195 
         4.8224         3.20779        0.438297 
        4.83809         3.17676        0.434689 
        4.85379         3.14914        0.431119 
         4.8695         3.13471        0.427587 
        4.88521         3.11258        0.424095 
        4.90093         3.08727        0.420642 
        4.91663         3.06669         0.41723 
        4.93234         3.04719        0.413853 
        4.94807         3.02161        0.410511 
        4.96377         3.00408        0.407212 
        4.97943         2.98121        0.403956 
        4.99514         2.95985        0.400727 
        5.01086         2.94344        0.397531 
        5.02654         2.92396        0.394378 
        5.04227         2.90394         0.39125 
          5.058         2.87687        0.388155 
        5.07371         2.85537        0.385099 
        5.08942         2.84151        0.382075 
        5.10513         2.82066        0.379084 
        5.12084         2.80436        0.376123 
        5.13656         2.77787        0.373194 
        5.15225         2.76061        0.370302 
        5.16796         2.74595        0.367435 
        5.18369         2.71843        0.364596 
         5.1994          2.7005        0.361792 
        5.21509         2.68908        0.359021 
        5.23079         2.67255        0.356275 
        5.24649         2.65473         0.35356 
        5.26217         2.63464        0.350875 
        5.27788         2.61885        0.348214 
        5.29359         2.59919         0.34558 
        5.30933         2.58166         0.34297 
        5.32504         2.56902        0.340391 
        5.34073         2.55048        0.337841 
        5.35646         2.53927        0.335312 
        5.37218         2.51373        0.332809 
        5.38789         2.50248        0.330335 
        5.40357         2.48448        0.327889 
        5.41929         2.46911        0.325463 
        5.43502         2.45197        0.323061 
         5.4507         2.43873        0.320688 
        5.46639          2.4197         0.31834 
        5.48212         2.41131        0.316009 
        5.49786         2.38932        0.313699 
        5.51353          2.3762        0.311423 
        5.52921         2.36792        0.309168 
        5.54495         2.35177        0.306928 
        5.56066         2.33437        0.304713 
        5.57637         2.31504         0.30252 
        5.59207         2.30357        0.300351 
        5.60778         2.29325        0.298202 
        5.62346         2.27977        0.296077 
        5.63916         2.26295        0.293971 
        5.65487         2.25162        0.291884 
         5.6706         2.24154        0.289815 
        5.68633         2.22649        0.287765 
        5.70203         2.20936        0.285739 
        5.71773         2.19797        0.283733 
        5.73344          2.1848        0.281745 
        5.74916          2.1758        0.279775 
        5.76486         2.16032        0.277826 
        5.78054         2.14755        0.275898 
        5.79626         2.13312        0.273984 
          5.812         2.11859        0.272086 
         5.8277         2.10375        0.270211 
        5.84339         2.09844        0.268354 
        5.85911         2.08627         0.26651 
        5.87484         2.07181        0.264685 
        5.89053          2.0586         0.26288 
        5.90623         2.05032        0.261091 
        5.92195         2.03593        0.259315 
        5.93767         2.02554        0.257557 
        5.95336         2.01357        0.255819 
        5.96905         2.00234        0.254097 
        5.98476         1.99317        0.252388 
        6.00048         1.97755        0.250694 
        6.01617         1.96751        0.249019 
        6.03185          1.9591         0.24736 
        6.04756         1.94472        0.245713 
        6.06331         1.93931        0.244077 
        6.07903         1.92329         0.24246 
        6.09473         1.91427        0.240859 
        6.11044         1.90369         0.23927 
        6.12616         1.89634        0.237697 
        6.14186         1.88529        0.236139 
        6.15755          1.8727        0.234595 
        6.17326         1.86478        0.233063 
        6.18898         1.85003        0.231545 
        6.20467         1.84212        0.230043 
        6.22036         1.83317        0.228554 
         6.2361         1.82293        0.227074 
         6.2518         1.81239         0.22561 
        6.26748          1.8042        0.224162 
        6.28319         1.79531        0.222723 
        6.29893         1.78804        0.221295 
        6.31463         1.77749        0.219882 
        6.33033         1.76947        0.218482 
        6.34604         1.75875        0.217093 
        6.36177         1.75046        0.215715 
        6.37747         1.73971        0.214351 
        6.39316         1.73201           0.213 
        6.40888         1.72345        0.211658 
         6.4246         1.71594        0.210327 
        6.44031         1.70836        0.209009 
        6.45601         1.69787        0.207704 
        6.47172         1.68944        0.206408 
        6.48744         1.67933        0.205122 
        6.50313         1.67248         0.20385 
        6.51882         1.66643        0.202589 
        6.53452         1.65649        0.201337 
        6.55025         1.64704        0.200094 
        6.56597         1.64114        0.198863 
        6.58166         1.63225        0.197644 
        6.59736         1.62602        0.196434 
        6.61307         1.61474        0.195234 
         6.6288         1.60594        0.194042 
         6.6445         1.60018        0.192863 
         6.6602         1.59271        0.191693 
        6.67592          1.5869        0.190532 
        6.69164          1.5763         0.18938 
        6.70735         1.57072        0.188239 
        6.72304         1.56127        0.187108 
        6.73874         1.55611        0.185986 
        6.75446          1.5498        0.184872 
        6.77016         1.54118        0.183768 
        6.78585         1.53439        0.182674 
        6.80156         1.52785        0.181588 
        6.81729         1.51966        0.180509 
        6.83301         1.51235        0.179439 
         6.8487         1.50651         0.17838 
         6.8644         1.50124        0.177329 
        6.88012         1.49439        0.176286 
        6.89583         1.48459        0.175252 
        6.91151         1.48013        0.174227 
        6.92723         1.47114        0.173208 
        6.94296          1.4663        0.172197 
        6.95866         1.45727        0.171196 
        6.97436         1.45542        0.170203 
        6.99007         1.44587        0.169217 
        7.00578         1.44025        0.168239 
        7.02147         1.43671        0.167269 
        7.03718         1.42928        0.166307 
         7.0529         1.42219        0.165351 
        7.06863         1.41504        0.164402 
        7.08433         1.41088        0.163462 
        7.10004         1.40197         0.16253 
        7.11575         1.39879        0.161604 
        7.13145         1.39086        0.160686 
        7.14715         1.38483        0.159776 
        7.16284         1.37958        0.158873 
        7.17855         1.37739        0.157976 
        7.19428         1.36928        0.157084 
        7.20998         1.36302        0.156202 
        7.22568         1.35929        0.155326 
        7.24139         1.35357        0.154456 
        7.25711         1.34598        0.153593 
        7.27282         1.34018        0.152736 
        7.28852         1.33635        0.151887 
        7.30423         1.33033        0.151043 
        7.31995         1.32516        0.150206 
        7.33565         1.32044        0.149376 
        7.35135          1.3152        0.148552 
        7.36706         1.30999        0.147734 
        7.38277         1.30439        0.146922 
        7.39847         1.29878        0.146116 
        7.41419         1.29381        0.145316 
         7.4299         1.29068        0.144522 
        7.44561         1.28561        0.143734 
        7.46132          1.2784        0.142952 
        7.47701         1.27385        0.142177 
        7.49272         1.27033        0.141407 
        7.50842         1.26343        0.140642 
         7.5241         1.25915        0.139885 
        7.53981         1.25557        0.139131 
        7.55552         1.24973        0.138384 
        7.57125          1.2475         0.13764 
        7.58698         1.24032        0.136902 
        7.60268         1.23514        0.136171 
         7.6184         1.23314        0.135445 
        7.63411         1.22791        0.134724 
        7.64981         1.22213        0.134009 
        7.66552         1.22042        0.133299 
        7.68123         1.21414        0.132593 
        7.69695         1.21084        0.131893 
        7.71264          1.2051        0.131199 
        7.72834         1.20418        0.130509 
        7.74407         1.19831        0.129823 
        7.75978         1.19226        0.129143 
        7.77546         1.18695        0.128469 
        7.79116         1.18577        0.127799 
         7.8069         1.17979        0.127132 
         7.8226         1.17805        0.126471 
        7.83828         1.17265        0.125816 
        7.85399         1.17014        0.125165 
        7.86972         1.16168        0.124517 
        7.88543         1.16039        0.123875 
        7.90111         1.15709        0.123239 
        7.91681         1.15334        0.122605 
        7.93255         1.15044        0.121976 
        7.94828         1.14575         0.12135 
        7.96397          1.1411        0.120731 
        7.97967         1.13907        0.120116 
        7.99538         1.13461        0.119504 
         8.0111         1.13005        0.118897 
         8.0268         1.12664        0.118294 
        8.04248         1.12264        0.117696 
         8.0582         1.11975        0.117102 
        8.07393           1.115         0.11651 
        8.08963         1.11123        0.115924 
        8.10533         1.10868        0.115342 
        8.12104         1.10485        0.114764 
        8.13675         1.10172         0.11419 
        8.15245         1.09973        0.113619 
        8.16815         1.09539        0.113053 
        8.18387         1.09267         0.11249 
        8.19959         1.08808        0.111931 
         8.2153         1.08421        0.111376 
        8.23101         1.08103        0.110825 
        8.24672         1.07831        0.110277 
        8.26241         1.07677        0.109734 
         8.2781         1.07287        0.109195 
        8.29381         1.07076        0.108658 
        8.30952           1.066        0.108125 
        8.32524         1.06325        0.107595 
        8.34095         1.05989        0.107069 
        8.35666         1.05622        0.106547 
        8.37237         1.05505        0.106028 
        8.38808          1.0512        0.105513 
        8.40379         1.04835        0.105001 
         8.4195         1.04512        0.104493 
         8.4352         1.04352        0.103988 
        8.45091         1.03922        0.103486 
        8.46662          1.0355        0.102988 
        8.48232         1.03287        0.102493 
        8.49802         1.03016        0.102001 
        8.51374         1.02668        0.101512 
        8.52945         1.02476        0.101027 
        8.54515         1.02206        0.100545 
        8.56086         1.01975        0.100065 
        8.57658         1.01688       0.0995891 
        8.59228         1.01406       0.0991164 
        8.60799         1.01093       0.0986463 
        8.62371         1.00976       0.0981794 
        8.63942         1.00695       0.0977156 
        8.65512         1.00293       0.0972551 
        8.67082        0.999941       0.0967975 
        8.68653        0.996826       0.0963426 
        8.70224        0.995185       0.0958906 
        8.71795        0.993803       0.0954417 
        8.73365        0.990398       0.0949956 
        8.74936        0.988762       0.0945524 
        8.76506        0.987049       0.0941122 
        8.78076        0.984493       0.0936748 
        8.79646        0.981387       0.0932401 
        8.81218        0.979052       0.0928079 
        8.82791        0.976042       0.0923779 
         8.8436         0.97387       0.0919516 
         8.8593        0.971917        0.091528 
        8.87503        0.968718       0.0911061 
        8.89076        0.968086       0.0906871 
        8.90644        0.965276       0.0902717 
        8.92214        0.963137       0.0898587 
        8.93786        0.960159       0.0894476 
        8.95357        0.957129       0.0890394 
        8.96928        0.955717       0.0886338 
        8.98498        0.954133       0.0882308 
        9.00069        0.950941       0.0878302 
        9.01639        0.950107       0.0874321 
        9.03208        0.947995        0.087037 
        9.04778        0.944208        0.086644 
        9.06351        0.943817       0.0862528 
        9.07923        0.940613       0.0858642 
        9.09493        0.939147       0.0854784 
        9.11062        0.937846       0.0850952 
        9.12635        0.935601       0.0847137 
        9.14207        0.932966       0.0843345 
        9.15777        0.930626       0.0839581 
        9.17346        0.929839       0.0835842 
        9.18917        0.927979       0.0832122 
         9.2049        0.925712        0.082842 
        9.22061        0.923255       0.0824745 
        9.23631         0.92103       0.0821094 
        9.25201        0.920021       0.0817466 
        9.26773        0.918148       0.0813856 
        9.28343        0.913993        0.081027 
        9.29913         0.91451       0.0806707 
        9.31484        0.912067       0.0803164 
        9.33057        0.911183       0.0799637 
        9.34627        0.909094       0.0796136 
        9.36197        0.907475       0.0792659 
        9.37768        0.905405       0.0789199 
        9.39338        0.903908       0.0785762 
        9.40909        0.902745       0.0782345 
        9.42479        0.900551       0.0778949 
         9.4405        0.898476       0.0775572 
        9.45621        0.897989       0.0772214 
        9.47193        0.896446       0.0768876 
        9.48763        0.894114       0.0765561 
        9.50334        0.892216       0.0762263 
        9.51906        0.891238       0.0758985 
        9.53476        0.889511       0.0755729 
        9.55045        0.887814       0.0752492 
        9.56616          0.8869       0.0749272 
        9.58188        0.885121       0.0746067 
        9.59759        0.882875       0.0742882 
         9.6133        0.881573       0.0739716 
        9.62901        0.880434       0.0736567 
        9.64471        0.879406       0.0733436 
        9.66041        0.877588       0.0730324 
        9.67612        0.876714       0.0727225 
        9.69184        0.875475       0.0724144 
        9.70754        0.873665       0.0721085 
        9.72324        0.871317       0.0718044 
        9.73895        0.871469       0.0715021 
        9.75467        0.869172       0.0712015 
        9.77038        0.868672       0.0709031 
        9.78607        0.867201        0.070607 
        9.80177        0.864476       0.0703127 
        9.81749        0.863526       0.0700202 
         9.8332        0.862286       0.0697299 
         9.8489        0.860028       0.0694416 
        9.86463        0.860552       0.0691546 
        9.88035         0.85808       0.0688692 
        9.89606         0.85726       0.0685856 
        9.91175        0.856159       0.0683033 
        9.92745        0.856026       0.0680219 
        9.94317        0.854563       0.0677411 
        9.95888        0.853219        0.067461 
        9.97458        0.852218       0.0671815 
        9.99029        0.851137       0.0669021 
         10.006        0.849278       0.0667296 
        10.0217        0.848661       0.0667296 
        10.0374        0.847756       0.0667296 
        10.0531        0.846287       0.0667296 
        10.0688        0.845567       0.0667296 
        10.0845        0.846043       0.0667296 
        10.1002         0.84331       0.0667296 
        10.1159        0.843034       0.0667296 
        10.1317        0.842582       0.0667296 
        10.1474        0.841196       0.0667296 
        10.1631        0.841047       0.0667296 
        10.1788        0.839515       0.0667296 
        10.1945         0.83766       0.0667296 
        10.2102        0.837385       0.0667296 
        10.2259        0.836323       0.0667296 
        10.2416        0.834766       0.0667296 
        10.2573        0.834699       0.0667296 
         10.273        0.832903       0.0667296 
        10.2887        0.833555       0.0667296 
        10.3044        0.832035       0.0667296 
        10.3201        0.832416       0.0667296 
        10.3359        0.830598       0.0667296 
        10.3516        0.830025       0.0667296 
        10.3673        0.830076       0.0667296 
         10.383        0.828059       0.0667296 
        10.3987        0.827752       0.0667296 
        10.4144        0.827076       0.0667296 
        10.4301        0.826736       0.0667296 
        10.4458        0.825498       0.0667296 
        10.4615        0.824739       0.0667296 
        10.4772        0.824873       0.0667296 
        10.4929        0.823588       0.0667296 
        10.5086        0.823892       0.0667296 
        10.5244        0.823082       0.0667296 
        10.5401        0.821607       0.0667296 
        10.5558         0.82216       0.0667296 
        10.5715        0.820735       0.0667296 
        10.5872        0.819908       0.0667296 
        10.6029        0.818959       0.0667296 
        10.6186         0.81964       0.0667296 
        10.6343        0.819371       0.0667296 
          10.65        0.817845       0.0667296 
        10.6657        0.818228       0.0667296 
        10.6814        0.816718       0.0667296 
        10.6971        0.817413       0.0667296 
        10.7129        0.816744       0.0667296 
        10.7286        0.816782       0.0667296 
        10.7443        0.816418       0.0667296 
          10.76         0.81636       0.0667296 
        10.7757        0.815181       0.0667296 
        10.7914        0.815321       0.0667296 
        10.8071        0.814607       0.0667296 
        10.8228        0.813008       0.0667296 
        10.8385        0.814201       0.0667296 
        10.8542        0.813885       0.0667296 
        10.8699        0.813204       0.0667296 
        10.8856        0.813402       0.0667296 
        10.9014        0.812182       0.0667296 
        10.9171        0.813847       0.0667296 
        10.9328        0.813328       0.0667296 
        10.9485        0.812519       0.0667296 
        10.9642        0.812351       0.0667296 
        10.9799        0.812384       0.0667296 
        10.9956        0.811967       0.0667296 
        11.0113        0.811884       0.0667296 
         11.027        0.811604       0.0667296 
        11.0427         0.81315       0.0667296 
        11.0584        0.811523       0.0667296 
        11.0741        0.813131       0.0667296 
        11.0898        0.811987       0.0667296 
        11.1055        0.812061       0.0667296 
        11.1212        0.812332       0.0667296 
         11.137        0.812684       0.0667296 
        11.1527         0.81233       0.0667296 
        11.1684        0.812592       0.0667296 
        11.1841        0.812252       0.0667296 
        11.1998        0.812419       0.0667296 
        11.2155        0.813446       0.0667296 
        11.2312        0.813069       0.0667296 
        11.2469        0.813916       0.0667296 
        11.2626        0.812944       0.0667296 
        11.2783        0.812888       0.0667296 
         11.294        0.813562       0.0667296 
        11.3097        0.813821       0.0667296 
        11.3254        0.813997       0.0667296 
        11.3412        0.814254       0.0667296 
        11.3569        0.814791       0.0667296 
        11.3726        0.815024       0.0667296 
        11.3883        0.814876       0.0667296 
         11.404        0.815435       0.0667296 
        11.4197        0.815944       0.0667296 
        11.4354        0.816623       0.0667296 
        11.4511        0.816586       0.0667296 
        11.4668         0.81778       0.0667296 
        11.4825        0.817776       0.0667296 
        11.4982         0.81846       0.0667296 
         11.514        0.819588       0.0667296 
        11.5297        0.819733       0.0667296 
        11.5454        0.819828       0.0667296 
        11.5611        0.820245       0.0667296 
        11.5768        0.821253       0.0667296 
        11.5925        0.821647       0.0667296 
        11.6082         0.82214       0.0667296 
        11.6239        0.823392       0.0667296 
        11.6396        0.823283       0.0667296 
        11.6553        0.823723       0.0667296 
         11.671        0.824946       0.0667296 
        11.6867        0.825133       0.0667296 
        11.7024        0.825907       0.0667296 
        11.7182        0.826347       0.0667296 
        11.7339        0.827993       0.0667296 
        11.7496        0.828543       0.0667296 
        11.7653        0.829639       0.0667296 
         11.781        0.829444       0.0667296 
        11.7967        0.831824       0.0667296 
        11.8124        0.832316       0.0667296 
        11.8281        0.833914       0.0667296 
        11.8438        0.833937       0.0667296 
        11.8595        0.834904       0.0667296 
        11.8752        0.835871       0.0667296 
         11.891        0.836191       0.0667296 
        11.9067        0.838202       0.0667296 
        11.9224        0.839185       0.0667296 
        11.9381        0.840312       0.0667296 
        11.9538        0.841593       0.0667296 
        11.9695        0.841897       0.0667296 
        11.9852        0.844043       0.0667296 
        12.0009        0.844822       0.0667296 
        12.0166        0.846192       0.0667296 
        12.0323        0.847238       0.0667296 
         12.048        0.848643       0.0667296 
        12.0637        0.849094       0.0667296 
