# k  (h/Mpc)    Pcb(k)  (Mpc/h)^3    Pcb_linear(k) (Mpc/h)^3   ShotnoiseSubtracted = true
      0.0200456         23638.5         27717.1 
      0.0350414           16928         19800.2 
      0.0492313         12568.5         14346.2 
      0.0637834         10946.8         11948.2 
      0.0800726         8545.73         9371.89 
       0.096163         6935.95         6739.97 
       0.111083         5566.91         5423.86 
       0.126058         4469.42         4825.62 
       0.142273         3828.03         4030.25 
       0.158546         3318.09         3164.37 
        0.17375          2871.8         2696.78 
       0.188953          2733.6         2449.81 
       0.204907         2353.56         2142.49 
       0.220756         2158.27         1802.59 
        0.23588         1990.76         1581.37 
         0.2514         1796.67         1442.97 
       0.267535         1720.94         1295.59 
       0.283568         1573.05         1136.77 
       0.299022         1436.25         1017.76 
       0.314451         1415.98         933.634 
       0.330372         1340.12         853.134 
       0.346141         1184.75         771.332 
       0.361624          1193.8         702.325 
       0.377134          1154.5         647.959 
       0.392932         1024.84         598.741 
       0.408854         1026.78         550.507 
       0.424564         975.232         507.536 
       0.440253         951.969          471.25 
       0.455999          906.04         438.927 
       0.471626         870.864         408.746 
        0.48727         861.765         380.969 
       0.502856         829.066          356.38 
       0.518488         794.984         334.226 
       0.534347          767.97         313.433 
       0.550082         738.342         294.317 
       0.565732         720.149         277.006 
       0.581496         692.492         261.108 
       0.597222         692.325         246.457 
       0.612804         660.413         232.975 
       0.628434         646.338         220.463 
       0.644267         626.701         208.784 
       0.660051          610.46         197.996 
       0.675724         598.475         188.031 
       0.691403         575.001         178.743 
       0.707174         574.025          170.03 
       0.722871         548.728         161.933 
        0.73838         550.279         154.449 
       0.754018         527.642         147.383 
       0.769845         510.674         140.682 
        0.78569         508.064         134.392 
       0.801365         493.023         128.551 
       0.817031         483.431         123.062 
       0.832809         472.792          117.86 
       0.848511         467.567         112.985 
       0.864097         453.021         108.419 
       0.879701         441.273         104.104 
       0.895507         433.502         99.9728 
       0.911279         430.304         96.0758 
        0.92691         418.719         92.4198 
       0.942635         408.639         88.9348 
       0.958396         402.129         85.6228 
       0.974128         397.464         82.4862 
       0.989692         386.625         79.5383 
        1.00528         379.517         76.7308 
        1.02113         371.724         74.0152 
        1.03692         363.628         71.4417 
        1.05264          357.63         69.0029 
        1.06832         352.136         66.6822 
        1.08405         346.566         64.4625 
        1.09979         340.693         62.3429 
        1.11537         333.781           60.34 
        1.13105         326.741         58.4135 
        1.14679          323.85          56.564 
        1.16256         314.108         54.7913 
        1.17828         310.114         53.1007 
        1.19395         304.843         51.4874 
         1.2097         299.346         49.9332 
        1.22537         296.524         48.4509 
          1.241         289.995         47.0334 
        1.25666         284.228         45.6694 
        1.27241         279.032         44.3532 
        1.28819         272.501         43.0869 
        1.30392         269.863         41.8739 
        1.31957         265.416         40.7131 
        1.33529         261.152         39.5922 
        1.35108         254.898         38.5092 
        1.36674         251.082         37.4746 
         1.3824         245.951         36.4791 
        1.39811         243.626         35.5165 
        1.41389         237.282         34.5851 
        1.42964         234.186         33.6888 
        1.44531         231.751         32.8287 
        1.46101         226.628         31.9969 
        1.47667         223.096         31.1964 
        1.49229         220.001         30.4256 
        1.50793         215.992           29.68 
        1.52367         211.787         28.9546 
        1.53953         207.433         28.2487 
        1.55526         206.462         27.5721 
        1.57092         201.867         26.9204 
        1.58662         200.581         26.2883 
        1.60235         195.649         25.6753 
        1.61809         192.682         25.0816 
        1.63369         189.593          24.512 
        1.64941          187.41         23.9561 
        1.66519         184.164         23.4154 
        1.68085         181.782         22.8953 
        1.69652         178.281         22.3909 
        1.71228         174.696         21.8988 
        1.72806         173.149         21.4212 
        1.74368         170.827         20.9626 
        1.75933          166.93         20.5166 
        1.77505         164.502         20.0815 
        1.79081         161.755         19.6583 
         1.8065         159.823         19.2491 
        1.82218         157.394         18.8519 
        1.83797         154.265         18.4633 
        1.85367          152.01         18.0877 
        1.86928         149.754         17.7249 
        1.88497         147.929         17.3701 
        1.90073         145.386         17.0237 
        1.91647         142.946         16.6871 
        1.93218         141.438         16.3603 
        1.94787         138.877         16.0427 
        1.96363         137.104         15.7324 
        1.97935          134.93         15.4309 
        1.99499         132.529          15.139 
        2.01064         129.706         14.8542 
         2.0264         128.702          14.575 
        2.04216         126.815         14.3032 
        2.05781         124.714         14.0399 
        2.07353         122.852         13.7824 
        2.08928          121.68         13.5308 
        2.10499         119.327         13.2862 
        2.12065         118.453         13.0483 
        2.13633          115.61         12.8161 
        2.15211         114.221          12.588 
        2.16785         112.797         12.3661 
        2.18349         111.341          12.151 
        2.19916         108.801         11.9406 
        2.21489         107.702         11.7344 
        2.23063         106.072          11.533 
         2.2463         104.683         11.3372 
        2.26194         102.835         11.1464 
        2.27765         101.822         10.9591 
        2.29341         100.277         10.7756 
        2.30914         98.8348         10.5966 
        2.32486         97.6553         10.4219 
        2.34061         96.6818         10.2508 
        2.35635          94.829         10.0836 
        2.37203          93.707         9.92084 
        2.38768         92.7486         9.76197 
        2.40339         91.3335         9.60601 
        2.41914         90.3421          9.4531 
        2.43483         88.8135         9.30406 
         2.4505         87.1335         9.15848 
        2.46622         86.4844         9.01552 
        2.48195         85.2441          8.8756 
        2.49759         84.2915         8.73941 
        2.51328          83.168         8.60571 
        2.52906         81.7239         8.47398 
        2.54479         80.7228         8.34549 
        2.56049         79.6179         8.21992 
        2.57618         78.4877         8.09704 
        2.59189         77.8306         7.97649 
        2.60758         77.0091         7.85858 
        2.62325         75.6336         7.74321 
        2.63898         74.4361         7.62975 
        2.65468         73.8961          7.5188 
        2.67044         72.5083         7.40958 
        2.68618          71.741         7.30279 
        2.70184         70.7414         7.19853 
        2.71755         70.0793         7.09605 
        2.73329         69.0296          6.9954 
        2.74897         68.1348         6.89704 
        2.76462         67.2535         6.80079 
        2.78034         66.4865         6.70598 
        2.79607         65.5655         6.61287 
        2.81179         64.8131         6.52164 
        2.82749         63.8376         6.43224 
        2.84321         63.1545         6.34441 
        2.85893         62.3104         6.25825 
        2.87462         61.6058         6.17384 
        2.89033         60.8063         6.09091 
        2.90605         60.3098         6.00943 
        2.92176         59.5636         5.92948 
        2.93747         58.5004         5.85103 
        2.95318         57.8676         5.77398 
        2.96891         57.1621         5.69828 
        2.98456         56.3783         5.62428 
        3.00023         55.9698         5.55148 
        3.01596         54.8887         5.47975 
        3.03164         54.3467         5.40949 
        3.04738         53.9595         5.34025 
         3.0631         53.0936         5.27225 
        3.07883         52.4975         5.20544 
        3.09456         51.8741         5.13979 
        3.11026         51.3042         5.07537 
        3.12596         50.5972         5.01207 
        3.14163         50.1803         4.94999 
        3.15734         49.5259         4.88882 
        3.17308         48.8658         4.82853 
        3.18879         48.2976         4.76943 
        3.20447         47.8431          4.7114 
         3.2202         47.1838         4.65416 
         3.2359         46.6775         4.59797 
        3.25157         46.1245         4.54284 
        3.26729         45.4273         4.48845 
        3.28304          45.026         4.43485 
        3.29877         44.5917         4.38218 
        3.31446         44.0345         4.33049 
        3.33014         43.6999         4.27968 
        3.34585         43.2163         4.22961 
        3.36158         42.5773         4.18026 
        3.37727         42.2607         4.13185 
        3.39294         41.7261         4.08426 
        3.40867         41.2827         4.03724 
        3.42439         40.7713         3.99099 
        3.44008         40.3267         3.94556 
        3.45578         39.8668         3.90079 
        3.47153         39.6179         3.85663 
        3.48724         39.1754         3.81322 
        3.50292         38.6112         3.77059 
        3.51859         38.1719         3.72862 
        3.53431         37.7732         3.68716 
        3.55007         37.4601         3.64624 
        3.56577         36.9559         3.60609 
        3.58146          36.525         3.56657 
        3.59719         36.3079         3.52755 
        3.61292         35.9001         3.48913 
        3.62859         35.4183         3.45142 
        3.64429         35.0441         3.41419 
        3.66003         34.7062         3.37741 
        3.67578         34.3277         3.34118 
        3.69146         33.8535         3.30561 
        3.70712         33.6611         3.27063 
        3.72284         33.1751         3.23602 
        3.73853         32.8195         3.20198 
        3.75422          32.556         3.16841 
        3.76993         32.1797          3.1353 
        3.78564         31.8406         3.10267 
        3.80137         31.5201         3.07045 
        3.81707          31.226         3.03876 
        3.83279         30.9759         3.00749 
        3.84853         30.5206          2.9766 
        3.86424         30.2209         2.94622 
        3.87992         29.9242          2.9163 
        3.89561         29.6514         2.88679 
        3.91134         29.4171         2.85764 
        3.92704         29.0842         2.82892 
        3.94273         28.8145         2.80062 
        3.95845         28.4583         2.77266 
        3.97418         28.2287         2.74507 
        3.98988         27.9259          2.7179 
        4.00554         27.7489         2.69116 
        4.02125         27.4661         2.66472 
        4.03698         27.1443         2.63858 
        4.05268         26.8974         2.61286 
        4.06839         26.6565         2.58745 
         4.0841         26.2595          2.5624 
        4.09983         26.0866         2.53764 
        4.11555         25.8602         2.51322 
        4.13124         25.5751         2.48918 
        4.14693         25.3616         2.46544 
        4.16266         25.1227         2.44196 
        4.17839         24.7945         2.41879 
        4.19408         24.5799         2.39598 
        4.20977         24.3509         2.37345 
        4.22551         24.1812         2.35116 
        4.24123         23.8736         2.32918 
        4.25691         23.6216         2.30753 
        4.27259         23.4573         2.28616 
        4.28831         23.2257         2.26501 
        4.30404          23.022         2.24411 
        4.31974         22.8141         2.22352 
        4.33543         22.5707          2.2032 
        4.35116         22.3571         2.18309 
        4.36688         22.1413         2.16323 
        4.38255         21.9247         2.14369 
        4.39825         21.7805         2.12436 
        4.41398         21.5804         2.10522 
         4.4297          21.333         2.08634 
        4.44541         21.2395         2.06769 
        4.46111          20.915         2.04929 
        4.47683         20.7333         2.03109 
        4.49251          20.611         2.01316 
        4.50819         20.3558         1.99544 
         4.5239         20.2161         1.97792 
        4.53962         20.0343         1.96058 
        4.55535          19.831         1.94344 
        4.57106         19.6895         1.92653 
        4.58678         19.4409         1.90982 
         4.6025         19.2884          1.8933 
        4.61821         19.1207         1.87698 
        4.63391         18.9824         1.86087 
         4.6496         18.8008         1.84496 
        4.66532         18.6335         1.82921 
        4.68103         18.4741         1.81366 
        4.69673         18.2989         1.79829 
        4.71241         18.1388         1.78312 
        4.72811         18.0013          1.7681 
        4.74384         17.8346         1.75324 
        4.75955         17.7048         1.73856 
        4.77525         17.5059         1.72407 
        4.79096         17.3428         1.70972 
        4.80669         17.2254         1.69552 
         4.8224         17.0808         1.68151 
        4.83809         16.9324         1.66767 
        4.85379         16.7932         1.65397 
         4.8695         16.5939         1.64042 
        4.88521         16.4596         1.62702 
        4.90093         16.3381         1.61378 
        4.91663         16.1991         1.60069 
        4.93234           16.09         1.58773 
        4.94807         15.9222         1.57491 
        4.96377         15.7868         1.56225 
        4.97943         15.6514         1.54976 
        4.99514         15.5063         1.53737 
        5.01086         15.3946         1.52511 
        5.02654         15.2867         1.51302 
        5.04227         15.1401         1.50102 
          5.058         15.0472         1.48914 
        5.07371          14.873         1.47742 
        5.08942         14.7557         1.46582 
        5.10513         14.6439         1.45434 
        5.12084          14.538         1.44298 
        5.13656         14.4261         1.43174 
        5.15225         14.2709         1.42065 
        5.16796         14.1596         1.40965 
        5.18369          14.057         1.39876 
         5.1994         13.9302           1.388 
        5.21509         13.8235         1.37737 
        5.23079         13.7425         1.36683 
        5.24649         13.5764         1.35642 
        5.26217         13.4885         1.34612 
        5.27788         13.3751         1.33591 
        5.29359         13.2816          1.3258 
        5.30933         13.1734         1.31579 
        5.32504         13.0669         1.30589 
        5.34073         12.9415         1.29611 
        5.35646         12.8732         1.28641 
        5.37218         12.7676         1.27681 
        5.38789         12.6439         1.26732 
        5.40357         12.5429         1.25793 
        5.41929         12.4455         1.24863 
        5.43502         12.3576         1.23941 
         5.4507         12.2812         1.23031 
        5.46639         12.1526          1.2213 
        5.48212         12.0904         1.21236 
        5.49786         11.9773         1.20349 
        5.51353         11.8749         1.19476 
        5.52921         11.7795         1.18611 
        5.54495         11.7196         1.17752 
        5.56066         11.6053         1.16902 
        5.57637         11.5112         1.16061 
        5.59207         11.4252         1.15228 
        5.60778         11.3599         1.14404 
        5.62346         11.2749         1.13589 
        5.63916         11.1647         1.12781 
        5.65487         11.0833          1.1198 
         5.6706         11.0222         1.11186 
        5.68633         10.9058           1.104 
        5.70203          10.824         1.09623 
        5.71773         10.7625         1.08853 
        5.73344         10.6742         1.08091 
        5.74916         10.5708         1.07335 
        5.76486         10.5012         1.06587 
        5.78054          10.445         1.05847 
        5.79626         10.3362         1.05113 
          5.812         10.2794         1.04385 
         5.8277         10.1969         1.03665 
        5.84339         10.1319         1.02953 
        5.85911         10.0512         1.02246 
        5.87484         9.95679         1.01545 
        5.89053         9.90172         1.00853 
        5.90623         9.83997         1.00166 
        5.92195         9.75934        0.994853 
        5.93767          9.6909        0.988108 
        5.95336         9.61653        0.981438 
        5.96905         9.55822        0.974831 
        5.98476         9.46595        0.968276 
        6.00048         9.40105        0.961779 
        6.01617         9.33456         0.95535 
        6.03185         9.26975        0.948988 
        6.04756         9.19977        0.942668 
        6.06331         9.13492        0.936393 
        6.07903         9.06892        0.930188 
        6.09473         9.01244        0.924044 
        6.11044         8.94227        0.917951 
        6.12616         8.86832        0.911914 
        6.14186         8.81754        0.905937 
        6.15755         8.74213        0.900013 
        6.17326         8.69955        0.894138 
        6.18898         8.62694        0.888313 
        6.20467         8.55499         0.88255 
        6.22036         8.50494        0.876838 
         6.2361         8.44353        0.871162 
         6.2518         8.37802        0.865545 
        6.26748         8.31285         0.85999 
        6.28319         8.25531        0.854468 
        6.29893         8.20514         0.84899 
        6.31463         8.15281         0.84357 
        6.33033         8.10585        0.838198 
        6.34604         8.02755        0.832869 
        6.36177         7.97326        0.827582 
        6.37747         7.92154         0.82235 
        6.39316         7.86173        0.817167 
        6.40888         7.81918        0.812018 
         6.4246         7.75272        0.806913 
        6.44031         7.72054        0.801855 
        6.45601         7.64264        0.796846 
        6.47172         7.60533        0.791874 
        6.48744         7.55443        0.786943 
        6.50313         7.50734        0.782062 
        6.51882         7.45108        0.777224 
        6.53452         7.39951        0.772422 
        6.55025         7.35061        0.767653 
        6.56597         7.29344         0.76293 
        6.58166         7.24302        0.758253 
        6.59736         7.20072        0.753612 
        6.61307         7.16185        0.749006 
         6.6288         7.11479        0.744436 
         6.6445         7.06574         0.73991 
         6.6602         7.01362        0.735422 
        6.67592         6.97696        0.730967 
        6.69164         6.92121         0.72655 
        6.70735         6.87632         0.72217 
        6.72304         6.82675        0.717831 
        6.73874         6.78542        0.713527 
        6.75446         6.73377        0.709253 
        6.77016         6.68973         0.70502 
        6.78585         6.65262        0.700821 
        6.80156         6.60631        0.696655 
        6.81729         6.57414        0.692516 
        6.83301         6.51683        0.688411 
         6.8487         6.47163        0.684349 
         6.8644         6.43822        0.680317 
        6.88012         6.39411        0.676314 
        6.89583         6.35543        0.672346 
        6.91151         6.32053        0.668415 
        6.92723         6.26885        0.664506 
        6.94296         6.23535        0.660627 
        6.95866         6.19576        0.656786 
        6.97436         6.14885        0.652975 
        6.99007         6.11181        0.649193 
        7.00578         6.08646        0.645441 
        7.02147          6.0386        0.641722 
        7.03718          6.0024         0.63803 
         7.0529         5.96559        0.634362 
        7.06863         5.92364        0.630722 
        7.08433           5.894        0.627116 
        7.10004         5.84224        0.623539 
        7.11575         5.80788        0.619989 
        7.13145         5.77229        0.616467 
        7.14715         5.73748        0.612973 
        7.16284         5.70708        0.609511 
        7.17855         5.67145        0.606068 
        7.19428         5.64186        0.602648 
        7.20998         5.60058        0.599261 
        7.22568         5.56153        0.595901 
        7.24139         5.52556        0.592564 
        7.25711         5.48964        0.589252 
        7.27282         5.46936        0.585966 
        7.28852          5.4333        0.582708 
        7.30423         5.40293        0.579471 
        7.31995         5.36697        0.576259 
        7.33565         5.33292        0.573074 
        7.35135         5.29428        0.569912 
        7.36706         5.26676        0.566775 
        7.38277         5.23349        0.563659 
        7.39847         5.20127        0.560568 
        7.41419         5.17548        0.557499 
         7.4299         5.13837        0.554453 
        7.44561         5.10768        0.551431 
        7.46132         5.07438        0.548431 
        7.47701         5.04779        0.545457 
        7.49272         5.02157        0.542501 
        7.50842         4.98111        0.539569 
         7.5241         4.95821        0.536662 
        7.53981         4.92478        0.533772 
        7.55552         4.90271        0.530903 
        7.57125         4.87592        0.528051 
        7.58698         4.84603        0.525221 
        7.60268         4.81278        0.522416 
         7.6184         4.78532        0.519629 
        7.63411         4.75242        0.516863 
        7.64981         4.72634        0.514119 
        7.66552          4.7059        0.511395 
        7.68123         4.67343        0.508689 
        7.69695         4.64938        0.506002 
        7.71264          4.6236        0.503338 
        7.72834         4.59858        0.500693 
        7.74407         4.56349        0.498062 
        7.75978         4.54414        0.495451 
        7.77546         4.51366        0.492865 
        7.79116         4.49246        0.490295 
         7.8069         4.46476        0.487738 
         7.8226         4.44034        0.485202 
        7.83828         4.41571         0.48269 
        7.85399           4.392        0.480191 
        7.86972         4.36472        0.477706 
        7.88543         4.34315        0.475242 
        7.90111         4.31815          0.4728 
        7.91681         4.29008        0.470371 
        7.93255         4.26591        0.467955 
        7.94828         4.24611        0.465556 
        7.96397         4.22407        0.463179 
        7.97967          4.1894        0.460819 
        7.99538         4.16856        0.458473 
         8.0111         4.15012        0.456143 
         8.0268         4.12639        0.453831 
        8.04248         4.10699        0.451538 
         8.0582         4.08919        0.449256 
        8.07393         4.06289        0.446987 
        8.08963         4.03656        0.444739 
        8.10533         4.01222        0.442506 
        8.12104         3.99232        0.440287 
        8.13675         3.97188        0.438084 
        8.15245         3.94267        0.435896 
        8.16815         3.93027        0.433725 
        8.18387         3.90313        0.431565 
        8.19959         3.88601        0.429419 
         8.2153         3.86394        0.427289 
        8.23101          3.8463        0.425174 
        8.24672         3.82894        0.423074 
        8.26241         3.80498         0.42099 
         8.2781         3.78478         0.41892 
        8.29381         3.75971        0.416862 
        8.30952         3.74423        0.414817 
        8.32524         3.71672        0.412785 
        8.34095         3.70627        0.410767 
        8.35666         3.68038        0.408764 
        8.37237         3.66015        0.406774 
        8.38808         3.64069        0.404796 
        8.40379         3.62689        0.402833 
         8.4195         3.60147        0.400882 
         8.4352         3.58832        0.398945 
        8.45091         3.56957         0.39702 
        8.46662         3.55092        0.395108 
        8.48232          3.5324        0.393209 
        8.49802         3.51137        0.391323 
        8.51374          3.5038        0.389447 
        8.52945         3.47967        0.387584 
        8.54515         3.46151        0.385735 
        8.56086         3.44624        0.383896 
        8.57658         3.42767        0.382069 
        8.59228         3.40449        0.380256 
        8.60799         3.39166        0.378453 
        8.62371         3.37828        0.376661 
        8.63942         3.35757        0.374882 
        8.65512         3.34196        0.373115 
        8.67082         3.32793         0.37136 
        8.68653         3.30624        0.369614 
        8.70224         3.29107         0.36788 
        8.71795         3.27811        0.366158 
        8.73365         3.25841        0.364447 
        8.74936         3.24198        0.362746 
        8.76506         3.22674        0.361058 
        8.78076         3.21366         0.35938 
        8.79646         3.19596        0.357712 
        8.81218         3.18093        0.356054 
        8.82791         3.16483        0.354404 
         8.8436         3.14946        0.352768 
         8.8593         3.13343        0.351144 
        8.87503         3.11438        0.349525 
        8.89076         3.10513        0.347917 
        8.90644         3.09023        0.346324 
        8.92214         3.07465        0.344739 
        8.93786         3.05887        0.343162 
        8.95357         3.04634        0.341596 
        8.96928         3.03279         0.34004 
        8.98498         3.01615        0.338494 
        9.00069         3.00048        0.336957 
        9.01639         2.98579         0.33543 
        9.03208         2.97122        0.333914 
        9.04778          2.9585        0.332406 
        9.06351          2.9463        0.330905 
        9.07923         2.92935        0.329414 
        9.09493         2.91947        0.327934 
        9.11062         2.90437        0.326464 
        9.12635         2.89169        0.325001 
        9.14207         2.87699        0.323546 
        9.15777         2.86079        0.322102 
        9.17346         2.85475        0.320668 
        9.18917         2.83737         0.31924 
         9.2049         2.82413         0.31782 
        9.22061         2.80988         0.31641 
        9.23631         2.79998        0.315009 
        9.25201           2.786        0.313618 
        9.26773          2.7761        0.312233 
        9.28343         2.76406        0.310857 
        9.29913         2.74923         0.30949 
        9.31484         2.73911        0.308131 
        9.33057         2.72199        0.306778 
        9.34627         2.70967        0.305434 
        9.36197         2.70264        0.304101 
        9.37768         2.69092        0.302773 
        9.39338         2.67628        0.301454 
        9.40909         2.66377        0.300143 
        9.42479         2.65548         0.29884 
         9.4405          2.6437        0.297545 
        9.45621         2.63334        0.296257 
        9.47193         2.61917        0.294976 
        9.48763         2.60779        0.293704 
        9.50334         2.59827        0.292439 
        9.51906         2.58617        0.291182 
        9.53476         2.57559        0.289932 
        9.55045         2.56516         0.28869 
        9.56616         2.55498        0.287455 
        9.58188         2.54486        0.286225 
        9.59759         2.53142        0.285004 
         9.6133         2.52196        0.283789 
        9.62901         2.51272        0.282581 
        9.64471         2.49896         0.28138 
        9.66041         2.48906        0.280186 
        9.67612         2.48221        0.278997 
        9.69184         2.46934        0.277815 
        9.70754         2.45993        0.276641 
        9.72324         2.44912        0.275475 
        9.73895         2.44183        0.274315 
        9.75467         2.42938        0.273162 
        9.77038         2.42078        0.272017 
        9.78607         2.41456        0.270881 
        9.80177         2.40097        0.269752 
        9.81749         2.39319         0.26863 
         9.8332          2.3824        0.267516 
         9.8489         2.37144         0.26641 
        9.86463         2.36436        0.265309 
        9.88035         2.35524        0.264214 
        9.89606         2.34462        0.263126 
        9.91175          2.3363        0.262043 
        9.92745         2.32677        0.260963 
        9.94317         2.31867        0.259886 
        9.95888         2.31054        0.258811 
        9.97458         2.30221        0.257739 
        9.99029         2.29473        0.256667 
         10.006         2.28705        0.256005 
        10.0217         2.27658        0.256005 
        10.0374         2.26936        0.256005 
        10.0531         2.25855        0.256005 
        10.0688         2.24804        0.256005 
        10.0845         2.24145        0.256005 
        10.1002         2.23409        0.256005 
        10.1159         2.22431        0.256005 
        10.1317         2.21986        0.256005 
        10.1474          2.2113        0.256005 
        10.1631         2.20266        0.256005 
        10.1788         2.19458        0.256005 
        10.1945         2.18876        0.256005 
        10.2102         2.17706        0.256005 
        10.2259         2.17117        0.256005 
        10.2416         2.16323        0.256005 
        10.2573          2.1551        0.256005 
         10.273         2.14406        0.256005 
        10.2887         2.13902        0.256005 
        10.3044         2.13432        0.256005 
        10.3201         2.12445        0.256005 
        10.3359         2.11926        0.256005 
        10.3516         2.11251        0.256005 
        10.3673         2.10393        0.256005 
         10.383         2.09659        0.256005 
        10.3987         2.09052        0.256005 
        10.4144         2.08444        0.256005 
        10.4301         2.07771        0.256005 
        10.4458         2.07088        0.256005 
        10.4615         2.06446        0.256005 
        10.4772         2.05548        0.256005 
        10.4929         2.05034        0.256005 
        10.5086         2.04607        0.256005 
        10.5244         2.03614        0.256005 
        10.5401         2.02998        0.256005 
        10.5558         2.02374        0.256005 
        10.5715         2.01948        0.256005 
        10.5872         2.01116        0.256005 
        10.6029         2.00682        0.256005 
        10.6186         1.99878        0.256005 
        10.6343         1.99524        0.256005 
          10.65         1.98801        0.256005 
        10.6657         1.98199        0.256005 
        10.6814         1.97558        0.256005 
        10.6971         1.97008        0.256005 
        10.7129          1.9667        0.256005 
        10.7286         1.95974        0.256005 
        10.7443         1.95368        0.256005 
          10.76         1.94997        0.256005 
        10.7757         1.94677        0.256005 
        10.7914         1.93785        0.256005 
        10.8071         1.93276        0.256005 
        10.8228         1.92906        0.256005 
        10.8385          1.9221        0.256005 
        10.8542         1.91872        0.256005 
        10.8699         1.91336        0.256005 
        10.8856         1.90757        0.256005 
        10.9014         1.90241        0.256005 
        10.9171         1.89787        0.256005 
        10.9328          1.8944        0.256005 
        10.9485         1.88862        0.256005 
        10.9642         1.88122        0.256005 
        10.9799         1.87772        0.256005 
        10.9956         1.87328        0.256005 
        11.0113         1.86897        0.256005 
         11.027         1.86454        0.256005 
        11.0427         1.86273        0.256005 
        11.0584         1.85568        0.256005 
        11.0741         1.85241        0.256005 
        11.0898         1.84617        0.256005 
        11.1055         1.84524        0.256005 
        11.1212         1.84099        0.256005 
         11.137         1.83494        0.256005 
        11.1527          1.8295        0.256005 
        11.1684         1.82614        0.256005 
        11.1841         1.82504        0.256005 
        11.1998          1.8207        0.256005 
        11.2155         1.81621        0.256005 
        11.2312         1.81126        0.256005 
        11.2469         1.80675        0.256005 
        11.2626         1.80421        0.256005 
        11.2783         1.80205        0.256005 
         11.294         1.79854        0.256005 
        11.3097         1.79476        0.256005 
        11.3254         1.79128        0.256005 
        11.3412         1.78848        0.256005 
        11.3569          1.7861        0.256005 
        11.3726         1.78295        0.256005 
        11.3883         1.77906        0.256005 
         11.404         1.77564        0.256005 
        11.4197         1.77327        0.256005 
        11.4354         1.77057        0.256005 
        11.4511         1.76584        0.256005 
        11.4668         1.76458        0.256005 
        11.4825          1.7613        0.256005 
        11.4982         1.75957        0.256005 
         11.514         1.75706        0.256005 
        11.5297         1.75379        0.256005 
        11.5454          1.7515        0.256005 
        11.5611         1.74914        0.256005 
        11.5768         1.74572        0.256005 
        11.5925         1.74366        0.256005 
        11.6082         1.74133        0.256005 
        11.6239          1.7391        0.256005 
        11.6396         1.73899        0.256005 
        11.6553         1.73656        0.256005 
         11.671         1.73423        0.256005 
        11.6867         1.73208        0.256005 
        11.7024         1.73133        0.256005 
        11.7182         1.72895        0.256005 
        11.7339         1.72789        0.256005 
        11.7496         1.72612        0.256005 
        11.7653         1.72509        0.256005 
         11.781         1.72213        0.256005 
        11.7967         1.71995        0.256005 
        11.8124         1.71834        0.256005 
        11.8281         1.71796        0.256005 
        11.8438         1.71639        0.256005 
        11.8595         1.71447        0.256005 
        11.8752         1.71366        0.256005 
         11.891         1.71341        0.256005 
        11.9067         1.71569        0.256005 
        11.9224         1.71082        0.256005 
        11.9381         1.71179        0.256005 
        11.9538         1.71037        0.256005 
        11.9695         1.71006        0.256005 
        11.9852          1.7079        0.256005 
        12.0009         1.70732        0.256005 
        12.0166         1.70774        0.256005 
        12.0323         1.70892        0.256005 
         12.048          1.7069        0.256005 
        12.0637         1.70656        0.256005 
