# k  (h/Mpc)    Pcb(k)  (Mpc/h)^3    Pcb_linear(k) (Mpc/h)^3   ShotnoiseSubtracted = true
      0.0200456         204.189         194.941 
      0.0350414         116.629         139.259 
      0.0492313         102.062           100.9 
      0.0637834          84.982         84.0347 
      0.0800726         67.2445         65.9147 
       0.096163         44.7495         47.4038 
       0.111083         38.4161         38.1473 
       0.126058         34.6462         33.9397 
       0.142273         28.2688         28.3457 
       0.158546         21.5639         22.2558 
        0.17375          19.167         18.9671 
       0.188953         18.3257         17.2301 
       0.204907         15.5808         15.0687 
       0.220756         12.7648         12.6781 
        0.23588         10.9771         11.1222 
         0.2514         10.2216         10.1488 
       0.267535          9.1207         9.11221 
       0.283568         8.35244         7.99519 
       0.299022         7.09144         7.15815 
       0.314451         6.43367         6.56647 
       0.330372         6.09773         6.00029 
       0.346141         5.59668         5.42496 
       0.361624         4.82289         4.93961 
       0.377134         4.63191         4.55725 
       0.392932         4.32931         4.21109 
       0.408854         3.84704         3.87185 
       0.424564         3.64922         3.56962 
       0.440253         3.26243         3.31441 
       0.455999         3.12161         3.08708 
       0.471626         2.87862         2.87481 
        0.48727         2.69217         2.67945 
       0.502856         2.48028          2.5065 
       0.518488         2.40685         2.35069 
       0.534347         2.27217         2.20445 
       0.550082         2.08971            2.07 
       0.565732         1.95248         1.94825 
       0.581496          1.8373         1.83644 
       0.597222         1.74361         1.73339 
       0.612804         1.64601         1.63857 
       0.628434         1.57663         1.55057 
       0.644267         1.47762         1.46843 
       0.660051         1.42543         1.39255 
       0.675724         1.31853         1.32247 
       0.691403         1.25678         1.25714 
       0.707174         1.20393         1.19586 
       0.722871         1.15295         1.13891 
        0.73838         1.08414         1.08628 
       0.754018         1.04125         1.03658 
       0.769845         1.01023        0.989449 
        0.78569        0.953622        0.945213 
       0.801365         0.90303        0.904126 
       0.817031        0.884506        0.865522 
       0.832809        0.842936         0.82894 
       0.848511        0.799527        0.794647 
       0.864097        0.770703         0.76254 
       0.879701        0.740158        0.732185 
       0.895507        0.714652        0.703132 
       0.911279        0.688466        0.675724 
        0.92691        0.656984        0.650011 
       0.942635        0.628624        0.625499 
       0.958396        0.615703        0.602205 
       0.974128        0.582239        0.580145 
       0.989692        0.566549        0.559412 
        1.00528        0.543383        0.539666 
        1.02113        0.525082        0.520567 
        1.03692        0.506701        0.502467 
        1.05264         0.49345        0.485314 
        1.06832        0.478023        0.468992 
        1.08405        0.461659         0.45338 
        1.09979        0.440007        0.438472 
        1.11537        0.430195        0.424385 
        1.13105        0.419258        0.410836 
        1.14679        0.400751        0.397828 
        1.16256        0.390209         0.38536 
        1.17828        0.375072         0.37347 
        1.19395        0.365334        0.362123 
         1.2097        0.355016        0.351192 
        1.22537        0.343584        0.340766 
          1.241        0.336299        0.330797 
        1.25666        0.324544        0.321204 
        1.27241         0.31343        0.311947 
        1.28819        0.307503         0.30304 
        1.30392        0.298574        0.294509 
        1.31957        0.290312        0.286345 
        1.33529        0.281009        0.278461 
        1.35108        0.272035        0.270845 
        1.36674        0.268207        0.263568 
         1.3824         0.26143        0.256566 
        1.39811        0.253208        0.249796 
        1.41389        0.246968        0.243245 
        1.42964        0.238782        0.236941 
        1.44531         0.23325        0.230892 
        1.46101        0.227815        0.225042 
        1.47667        0.220534        0.219412 
        1.49229        0.215427         0.21399 
        1.50793        0.211539        0.208746 
        1.52367        0.204426        0.203645 
        1.53953        0.199239         0.19868 
        1.55526        0.196436        0.193921 
        1.57092        0.192246        0.189338 
        1.58662        0.186364        0.184892 
        1.60235        0.181107        0.180581 
        1.61809        0.178583        0.176405 
        1.63369        0.172949        0.172399 
        1.64941        0.169718        0.168489 
        1.66519        0.165718        0.164686 
        1.68085        0.161948        0.161028 
        1.69652        0.157563         0.15748 
        1.71228        0.154889         0.15402 
        1.72806         0.15141         0.15066 
        1.74368        0.148279        0.147435 
        1.75933         0.14538        0.144298 
        1.77505        0.141193        0.141238 
        1.79081        0.139131        0.138261 
         1.8065        0.135841        0.135383 
        1.82218        0.131985         0.13259 
        1.83797        0.129974        0.129856 
        1.85367        0.126784        0.127215 
        1.86928        0.124925        0.124664 
        1.88497        0.121873        0.122168 
        1.90073         0.11923        0.119732 
        1.91647        0.117599        0.117364 
        1.93218        0.115323        0.115066 
        1.94787        0.113046        0.112832 
        1.96363        0.110381        0.110649 
        1.97935        0.108077        0.108529 
        1.99499        0.106276        0.106476 
        2.01064        0.104182        0.104473 
         2.0264        0.102125         0.10251 
        2.04216        0.100122        0.100598 
        2.05781       0.0986952       0.0987463 
        2.07353       0.0964552       0.0969351 
        2.08928       0.0941024       0.0951655 
        2.10499       0.0927449       0.0934448 
        2.12065       0.0912921       0.0917719 
        2.13633       0.0892124       0.0901386 
        2.15211       0.0878692       0.0885345 
        2.16785       0.0859116        0.086974 
        2.18349       0.0848309       0.0854609 
        2.19916         0.08342       0.0839807 
        2.21489       0.0813931       0.0825307 
        2.23063       0.0803967        0.081114 
         2.2463       0.0789852        0.079737 
        2.26194       0.0772598       0.0783954 
        2.27765       0.0763304       0.0770778 
        2.29341       0.0749615       0.0757871 
        2.30914       0.0734248       0.0745286 
        2.32486       0.0721575       0.0732995 
        2.34061       0.0707851        0.072096 
        2.35635       0.0696022       0.0709207 
        2.37203       0.0685401       0.0697756 
        2.38768         0.06744       0.0686583 
        2.40339       0.0665148       0.0675614 
        2.41914       0.0653604       0.0664859 
        2.43483       0.0645269       0.0654376 
         2.4505       0.0630091       0.0644137 
        2.46622       0.0622182       0.0634083 
        2.48195       0.0612136       0.0624242 
        2.49759       0.0604462       0.0614663 
        2.51328       0.0592096        0.060526 
        2.52906       0.0582493       0.0595995 
        2.54479       0.0573438       0.0586958 
        2.56049        0.056509       0.0578126 
        2.57618       0.0557645       0.0569484 
        2.59189       0.0549101       0.0561005 
        2.60758       0.0539748       0.0552713 
        2.62325       0.0530183       0.0544598 
        2.63898       0.0521856       0.0536618 
        2.65468       0.0514836       0.0528815 
        2.67044       0.0506104       0.0521134 
        2.68618       0.0498307       0.0513623 
        2.70184       0.0491305        0.050629 
        2.71755       0.0484925       0.0499082 
        2.73329       0.0479324       0.0492003 
        2.74897       0.0470023       0.0485085 
        2.76462       0.0464489       0.0478316 
        2.78034       0.0456687       0.0471647 
        2.79607       0.0450146       0.0465099 
        2.81179       0.0445763       0.0458683 
        2.82749       0.0438138       0.0452395 
        2.84321       0.0431927       0.0446217 
        2.85893       0.0426388       0.0440158 
        2.87462       0.0418657       0.0434221 
        2.89033       0.0415055       0.0428388 
        2.90605       0.0407855       0.0422657 
        2.92176       0.0403018       0.0417034 
        2.93747       0.0398187       0.0411517 
        2.95318       0.0392879       0.0406098 
        2.96891       0.0384618       0.0400774 
        2.98456       0.0379489       0.0395569 
        3.00023       0.0377259       0.0390449 
        3.01596       0.0372495       0.0385404 
        3.03164       0.0366426       0.0380462 
        3.04738       0.0361213       0.0375593 
         3.0631       0.0356502        0.037081 
        3.07883       0.0352826       0.0366111 
        3.09456       0.0347746       0.0361493 
        3.11026       0.0342368       0.0356963 
        3.12596       0.0338965       0.0352511 
        3.14163       0.0334015       0.0348145 
        3.15734       0.0330544       0.0343842 
        3.17308       0.0326882       0.0339602 
        3.18879       0.0322056       0.0335445 
        3.20447       0.0317929       0.0331364 
         3.2202       0.0315186       0.0327338 
         3.2359       0.0310933       0.0323386 
        3.25157       0.0307615       0.0319509 
        3.26729       0.0303236       0.0315683 
        3.28304       0.0299588       0.0311913 
        3.29877       0.0296686       0.0308209 
        3.31446        0.029345       0.0304574 
        3.33014       0.0289503          0.0301 
        3.34585        0.028582       0.0297478 
        3.36158       0.0283029       0.0294008 
        3.37727       0.0279606       0.0290603 
        3.39294        0.027648       0.0287256 
        3.40867       0.0273346       0.0283949 
        3.42439       0.0270074       0.0280696 
        3.44008       0.0267434         0.02775 
        3.45578       0.0264968       0.0274352 
        3.47153       0.0262104       0.0271246 
        3.48724       0.0259508       0.0268193 
        3.50292       0.0256684       0.0265194 
        3.51859       0.0253376       0.0262243 
        3.53431       0.0251524       0.0259327 
        3.55007       0.0249164       0.0256449 
        3.56577       0.0247093       0.0253625 
        3.58146        0.024364       0.0250845 
        3.59719       0.0240478       0.0248101 
        3.61292       0.0239859       0.0245398 
        3.62859       0.0237022       0.0242746 
        3.64429       0.0234799       0.0240128 
        3.66003       0.0232842       0.0237541 
        3.67578       0.0229819       0.0234993 
        3.69146       0.0227563       0.0232491 
        3.70712       0.0225578       0.0230031 
        3.72284       0.0223957       0.0227597 
        3.73853       0.0221865       0.0225203 
        3.75422       0.0220379       0.0222842 
        3.76993       0.0218813       0.0220513 
        3.78564       0.0216482       0.0218218 
        3.80137       0.0214796       0.0215952 
        3.81707       0.0212529       0.0213723 
        3.83279       0.0211535       0.0211524 
        3.84853       0.0209542       0.0209352 
        3.86424       0.0207395       0.0207214 
        3.87992       0.0206082        0.020511 
        3.89561       0.0204511       0.0203035 
        3.91134       0.0202044       0.0200984 
        3.92704       0.0201191       0.0198964 
        3.94273       0.0199749       0.0196974 
        3.95845       0.0198049       0.0195008 
        3.97418       0.0196167       0.0193067 
        3.98988       0.0194667       0.0191156 
        4.00554       0.0193276       0.0189276 
        4.02125       0.0191408       0.0187416 
        4.03698       0.0188617       0.0185578 
        4.05268       0.0185925       0.0183768 
        4.06839       0.0183375       0.0181982 
         4.0841       0.0180589        0.018022 
        4.09983       0.0177992       0.0178478 
        4.11555       0.0175491       0.0176761 
        4.13124       0.0173567        0.017507 
        4.14693       0.0171487         0.01734 
        4.16266       0.0169157       0.0171749 
        4.17839       0.0166916       0.0170119 
        4.19408       0.0164783       0.0168515 
        4.20977       0.0163394        0.016693 
        4.22551       0.0161076       0.0165363 
        4.24123       0.0159357       0.0163816 
        4.25691       0.0157451       0.0162294 
        4.27259       0.0156127       0.0160791 
        4.28831       0.0154689       0.0159304 
        4.30404       0.0152787       0.0157834 
        4.31974       0.0152088       0.0156386 
        4.33543       0.0150852       0.0154956 
        4.35116       0.0149148       0.0153542 
        4.36688       0.0148063       0.0152145 
        4.38255       0.0147239       0.0150771 
        4.39825       0.0146435       0.0149411 
        4.41398       0.0145264       0.0148065 
         4.4297       0.0144493       0.0146737 
        4.44541       0.0143935       0.0145426 
        4.46111       0.0142685       0.0144131 
        4.47683         0.01425       0.0142852 
        4.49251       0.0141331        0.014159 
        4.50819       0.0141115       0.0140344 
         4.5239       0.0140557       0.0139112 
        4.53962        0.014026       0.0137892 
        4.55535       0.0139647       0.0136687 
        4.57106        0.013963       0.0135497 
        4.58678       0.0139454       0.0134322 
         4.6025        0.013934        0.013316 
        4.61821       0.0138968       0.0132013 
        4.63391       0.0139219        0.013088 
         4.6496       0.0139368       0.0129761 
        4.66532       0.0138969       0.0128653 
        4.68103       0.0139759       0.0127559 
        4.69673       0.0139794       0.0126478 
        4.71241       0.0140292       0.0125411 
        4.72811       0.0140722       0.0124355 
        4.74384       0.0140782       0.0123309 
        4.75955        0.014124       0.0122277 
        4.77525       0.0141971       0.0121258 
        4.79096       0.0142716       0.0120248 
        4.80669       0.0142878        0.011925 
         4.8224       0.0144193       0.0118265 
        4.83809       0.0144718       0.0117291 
        4.85379       0.0145852       0.0116328 
         4.8695       0.0146195       0.0115375 
        4.88521       0.0147447       0.0114432 
        4.90093       0.0149177       0.0113501 
        4.91663       0.0149625        0.011258 
        4.93234       0.0150358       0.0111669 
        4.94807       0.0151733       0.0110767 
        4.96377       0.0153962       0.0109877 
        4.97943         0.01553       0.0108998 
        4.99514       0.0156123       0.0108127 
        5.01086       0.0157473       0.0107265 
        5.02654       0.0159501       0.0106414 
        5.04227       0.0161112        0.010557 
          5.058       0.0162826       0.0104735 
        5.07371       0.0164727        0.010391 
        5.08942       0.0167106       0.0103094 
        5.10513       0.0169015       0.0102287 
        5.12084       0.0170833       0.0101488 
        5.13656       0.0172812       0.0100698 
        5.15225       0.0175127      0.00999175 
        5.16796       0.0177519       0.0099144 
        5.18369       0.0179241       0.0098378 
         5.1994       0.0182847      0.00976215 
        5.21509       0.0184645      0.00968736 
        5.23079       0.0187553      0.00961326 
        5.24649        0.018976         0.00954 
        5.26217       0.0193178      0.00946756 
        5.27788       0.0196303      0.00939576 
        5.29359       0.0198205      0.00932469 
        5.30933       0.0202385      0.00925426 
        5.32504       0.0205679      0.00918467 
        5.34073       0.0209339      0.00911587 
        5.35646        0.021209      0.00904764 
        5.37218       0.0216829      0.00898009 
        5.38789       0.0219817      0.00891334 
        5.40357        0.022362      0.00884735 
        5.41929       0.0226573      0.00878188 
        5.43502       0.0231678      0.00871706 
         5.4507       0.0235052      0.00865305 
        5.46639        0.023885      0.00858968 
        5.48212       0.0242941      0.00852679 
        5.49786       0.0248597      0.00846445 
        5.51353       0.0253559      0.00840305 
        5.52921       0.0256044      0.00834219 
        5.54495       0.0263011      0.00828176 
        5.56066       0.0267781      0.00822199 
        5.57637         0.02732      0.00816282 
        5.59207        0.027833      0.00810429 
        5.60778       0.0284034       0.0080463 
        5.62346         0.02893      0.00798896 
        5.63916       0.0294606      0.00793213 
        5.65487       0.0300972      0.00787582 
         5.6706       0.0305041      0.00781999 
        5.68633       0.0312115      0.00776468 
        5.70203       0.0321124      0.00771002 
        5.71773       0.0327955       0.0076559 
        5.73344       0.0333345      0.00760226 
        5.74916       0.0341759      0.00754909 
        5.76486       0.0348186       0.0074965 
        5.78054       0.0356239      0.00744449 
        5.79626       0.0362709      0.00739283 
          5.812       0.0372297      0.00734161 
         5.8277       0.0379615      0.00729102 
        5.84339       0.0387412      0.00724091 
        5.85911       0.0396946      0.00719117 
        5.87484       0.0406616      0.00714191 
        5.89053       0.0415993      0.00709321 
        5.90623       0.0424343      0.00704494 
        5.92195       0.0435614      0.00699703 
        5.93767       0.0444079       0.0069496 
        5.95336       0.0454317      0.00690268 
        5.96905       0.0465937      0.00685622 
        5.98476       0.0473363      0.00681012 
        6.00048       0.0486437      0.00676442 
        6.01617       0.0500687      0.00671921 
        6.03185       0.0513705      0.00667446 
        6.04756       0.0520972      0.00663001 
        6.06331       0.0539097      0.00658587 
        6.07903        0.055215      0.00654223 
        6.09473        0.056229      0.00649902 
        6.11044       0.0582399      0.00645617 
        6.12616       0.0592907      0.00641371 
        6.14186       0.0609403      0.00637167 
        6.15755       0.0617423      0.00633001 
        6.17326       0.0635458      0.00628869 
        6.18898       0.0653374      0.00624772 
        6.20467       0.0670513      0.00620718 
        6.22036       0.0689303      0.00616701 
         6.2361       0.0703956      0.00612709 
         6.2518       0.0722945      0.00608758 
        6.26748       0.0741097      0.00604851 
        6.28319       0.0759119      0.00600968 
        6.29893       0.0785419      0.00597115 
        6.31463       0.0801231      0.00593303 
        6.33033       0.0821252      0.00589525 
        6.34604        0.084756      0.00585777 
        6.36177       0.0861928      0.00582058 
        6.37747       0.0888603      0.00578378 
        6.39316       0.0911455      0.00574733 
        6.40888       0.0934457      0.00571111 
         6.4246       0.0969329      0.00567521 
        6.44031       0.0988599      0.00563963 
        6.45601        0.102231      0.00560441 
        6.47172        0.103772      0.00556944 
        6.48744        0.107292      0.00553476 
        6.50313        0.111138      0.00550043 
        6.51882        0.113853       0.0054664 
        6.53452        0.116306      0.00543263 
        6.55025        0.119065      0.00539909 
        6.56597        0.123637      0.00536587 
        6.58166        0.126798      0.00533297 
        6.59736         0.13072      0.00530033 
        6.61307        0.134164      0.00526794 
         6.6288        0.137699      0.00523579 
         6.6445        0.141272      0.00520396 
         6.6602        0.145209       0.0051724 
        6.67592        0.150984      0.00514106 
        6.69164        0.154137         0.00511 
        6.70735        0.158984      0.00507919 
        6.72304        0.163403      0.00504868 
        6.73874        0.167601       0.0050184 
        6.75446        0.173757      0.00498834 
        6.77016        0.179414      0.00495857 
        6.78585        0.183174      0.00492904 
        6.80156        0.189556      0.00489974 
        6.81729        0.194531      0.00487063 
        6.83301         0.20078      0.00484176 
         6.8487         0.20792      0.00481319 
         6.8644        0.214921      0.00478483 
        6.88012        0.219862      0.00475667 
        6.89583        0.228327      0.00472877 
        6.91151        0.232919      0.00470112 
        6.92723        0.238797      0.00467363 
        6.94296        0.247026      0.00464635 
        6.95866        0.256377      0.00461933 
        6.97436        0.264345      0.00459253 
        6.99007        0.273203      0.00456593 
        7.00578        0.279372      0.00453954 
        7.02147        0.289098      0.00451339 
        7.03718        0.297181      0.00448741 
         7.0529        0.305964      0.00446162 
        7.06863        0.316177      0.00443602 
        7.08433        0.327338      0.00441066 
        7.10004        0.337661       0.0043855 
        7.11575         0.34405      0.00436053 
        7.13145        0.355993      0.00433576 
        7.14715        0.370017      0.00431119 
        7.16284        0.383845      0.00428683 
        7.17855        0.392622      0.00426262 
        7.19428        0.398045      0.00423857 
        7.20998        0.413569      0.00421475 
        7.22568        0.426586      0.00419111 
        7.24139        0.439645      0.00416764 
        7.25711        0.462445      0.00414435 
        7.27282        0.466563      0.00412123 
        7.28852        0.479021      0.00409832 
        7.30423        0.491352      0.00407556 
        7.31995        0.513778      0.00405297 
        7.33565        0.524119      0.00403056 
        7.35135         0.53781      0.00400833 
        7.36706        0.549664      0.00398626 
        7.38277        0.564836      0.00396435 
        7.39847        0.580254      0.00394261 
        7.41419        0.608275      0.00392102 
         7.4299        0.621565       0.0038996 
        7.44561        0.645592      0.00387834 
        7.46132         0.65091      0.00385724 
        7.47701        0.673738      0.00383633 
        7.49272        0.687025      0.00381554 
        7.50842        0.708009      0.00379492 
         7.5241        0.723509      0.00377447 
        7.53981        0.743985      0.00375415 
        7.55552        0.757344      0.00373397 
        7.57125         0.78235      0.00371391 
        7.58698        0.793562        0.003694 
        7.60268        0.807379      0.00367428 
         7.6184        0.840442      0.00365468 
        7.63411        0.854372      0.00363522 
        7.64981        0.859205      0.00361592 
        7.66552        0.875308      0.00359676 
        7.68123        0.898296      0.00357773 
        7.69695        0.918924      0.00355883 
        7.71264         0.94236       0.0035401 
        7.72834        0.946377      0.00352149 
        7.74407        0.971335      0.00350299 
        7.75978        0.989882      0.00348462 
        7.77546         0.99927      0.00346644 
        7.79116         1.00814      0.00344836 
         7.8069         1.01672      0.00343037 
         7.8226         1.03635      0.00341254 
        7.83828         1.02363      0.00339487 
        7.85399          1.0585       0.0033773 
        7.86972         1.05782      0.00335982 
        7.88543         1.08513      0.00334249 
        7.90111         1.07544      0.00332531 
        7.91681          1.0729      0.00330823 
        7.93255         1.09298      0.00329124 
        7.94828         1.09249      0.00327437 
        7.96397         1.08686      0.00325765 
        7.97967         1.07935      0.00324105 
        7.99538         1.08614      0.00322455 
         8.0111         1.08699      0.00320816 
         8.0268         1.08633       0.0031919 
        8.04248         1.07814      0.00317577 
         8.0582         1.05934      0.00315972 
        8.07393         1.06698      0.00314377 
        8.08963         1.05344      0.00312795 
        8.10533          1.0505      0.00311225 
        8.12104         1.05097      0.00309665 
        8.13675         1.03696      0.00308115 
        8.15245         1.02237      0.00306576 
        8.16815         1.01518      0.00305049 
        8.18387        0.991811       0.0030353 
        8.19959        0.984002       0.0030202 
         8.2153        0.981281      0.00300523 
        8.23101        0.964963      0.00299035 
        8.24672        0.935794      0.00297558 
        8.26241        0.932233      0.00296092 
         8.2781        0.922409      0.00294637 
        8.29381        0.912709      0.00293189 
        8.30952        0.895223      0.00291751 
        8.32524        0.887449      0.00290321 
        8.34095        0.856921      0.00288902 
        8.35666        0.847282      0.00287493 
        8.37237        0.833506      0.00286093 
        8.38808        0.828365      0.00284703 
        8.40379        0.806919      0.00283322 
         8.4195        0.801571       0.0028195 
         8.4352        0.780839      0.00280587 
        8.45091        0.769958      0.00279234 
        8.46662        0.755626      0.00277889 
        8.48232        0.752335      0.00276553 
        8.49802        0.736818      0.00275227 
        8.51374        0.717626      0.00273907 
        8.52945        0.713337      0.00272597 
        8.54515        0.705998      0.00271297 
        8.56086        0.693387      0.00270003 
        8.57658        0.672866      0.00268718 
        8.59228        0.663656      0.00267443 
        8.60799        0.655466      0.00266175 
        8.62371        0.643113      0.00264915 
        8.63942        0.630985      0.00263663 
        8.65512        0.623881      0.00262421 
        8.67082        0.615526      0.00261186 
        8.68653        0.601554      0.00259959 
        8.70224        0.603452      0.00258739 
        8.71795        0.586591      0.00257528 
        8.73365        0.571484      0.00256324 
        8.74936        0.569582      0.00255128 
        8.76506        0.559892      0.00253941 
        8.78076        0.550436       0.0025276 
        8.79646        0.544483      0.00251587 
        8.81218        0.532295      0.00250421 
        8.82791        0.528049      0.00249261 
         8.8436        0.522615       0.0024811 
         8.8593        0.513501      0.00246968 
        8.87503         0.51221      0.00245829 
        8.89076        0.501481      0.00244698 
        8.90644        0.493809      0.00243578 
        8.92214        0.483693      0.00242463 
        8.93786        0.486103      0.00241354 
        8.95357        0.474738      0.00240253 
        8.96928        0.470519      0.00239158 
        8.98498        0.464994      0.00238071 
        9.00069        0.458574       0.0023699 
        9.01639        0.454297      0.00235916 
        9.03208        0.448115       0.0023485 
        9.04778        0.443679      0.00233789 
        9.06351        0.438643      0.00232734 
        9.07923        0.437616      0.00231685 
        9.09493         0.42964      0.00230644 
        9.11062        0.425281       0.0022961 
        9.12635        0.424906      0.00228581 
        9.14207        0.419423      0.00227557 
        9.15777        0.415977      0.00226542 
        9.17346        0.412289      0.00225533 
        9.18917        0.406441      0.00224529 
         9.2049        0.406971       0.0022353 
        9.22061         0.40227      0.00222539 
        9.23631        0.400545      0.00221554 
        9.25201        0.399901      0.00220575 
        9.26773        0.395414      0.00219601 
        9.28343        0.393667      0.00218633 
        9.29913         0.39015      0.00217672 
        9.31484        0.390192      0.00216716 
        9.33057        0.388112      0.00215764 
        9.34627        0.385567      0.00214819 
        9.36197        0.383554      0.00213881 
        9.37768        0.379598      0.00212947 
        9.39338        0.380638       0.0021202 
        9.40909        0.378013      0.00211098 
        9.42479        0.379159      0.00210182 
         9.4405        0.376485       0.0020927 
        9.45621        0.374326      0.00208364 
        9.47193         0.37717      0.00207464 
        9.48763        0.374557      0.00206569 
        9.50334        0.375424      0.00205679 
        9.51906        0.374268      0.00204795 
        9.53476        0.373512      0.00203916 
        9.55045        0.376025      0.00203043 
        9.56616        0.373263      0.00202174 
        9.58188        0.377121      0.00201309 
        9.59759        0.374335       0.0020045 
         9.6133           0.376      0.00199596 
        9.62901        0.377679      0.00198746 
        9.64471        0.374532      0.00197901 
        9.66041        0.380841      0.00197061 
        9.67612        0.376928      0.00196225 
        9.69184        0.382619      0.00195394 
        9.70754        0.381517      0.00194568 
        9.72324        0.381862      0.00193748 
        9.73895        0.387488      0.00192932 
        9.75467        0.384278      0.00192121 
        9.77038        0.392927      0.00191316 
        9.78607        0.389273      0.00190517 
        9.80177        0.392283      0.00189723 
        9.81749        0.396054      0.00188934 
         9.8332        0.392111       0.0018815 
         9.8489        0.405109      0.00187372 
        9.86463        0.398736      0.00186598 
        9.88035        0.407299      0.00185828 
        9.89606        0.408949      0.00185063 
        9.91175        0.407431      0.00184301 
        9.92745        0.416774      0.00183542 
        9.94317        0.412138      0.00182784 
        9.95888        0.425514      0.00182028 
        9.97458        0.423527      0.00181274 
        9.99029        0.424207       0.0018052 
         10.006        0.434963      0.00180055 
        10.0217        0.427366      0.00180055 
        10.0374        0.445899      0.00180055 
        10.0531        0.438954      0.00180055 
        10.0688        0.447968      0.00180055 
        10.0845        0.453412      0.00180055 
        10.1002        0.448806      0.00180055 
        10.1159        0.468466      0.00180055 
        10.1317        0.458536      0.00180055 
        10.1474        0.474177      0.00180055 
        10.1631        0.473159      0.00180055 
        10.1788        0.474398      0.00180055 
        10.1945        0.489794      0.00180055 
        10.2102        0.479865      0.00180055 
        10.2259        0.502975      0.00180055 
        10.2416        0.494959      0.00180055 
        10.2573        0.503873      0.00180055 
         10.273        0.513687      0.00180055 
        10.2887        0.503263      0.00180055 
        10.3044        0.535309      0.00180055 
        10.3201        0.517454      0.00180055 
        10.3359        0.536918      0.00180055 
        10.3516        0.538885      0.00180055 
        10.3673        0.537349      0.00180055 
         10.383        0.558602      0.00180055 
        10.3987        0.543302      0.00180055 
        10.4144        0.574384      0.00180055 
        10.4301        0.567204      0.00180055 
        10.4458        0.573898      0.00180055 
        10.4615        0.586972      0.00180055 
        10.4772        0.569254      0.00180055 
        10.4929        0.612551      0.00180055 
        10.5086        0.591111      0.00180055 
        10.5244        0.608735      0.00180055 
        10.5401        0.610701      0.00180055 
        10.5558        0.604219      0.00180055 
        10.5715        0.640288      0.00180055 
        10.5872        0.615527      0.00180055 
        10.6029        0.645353      0.00180055 
        10.6186        0.640914      0.00180055 
        10.6343        0.639171      0.00180055 
          10.65        0.666773      0.00180055 
        10.6657        0.638724      0.00180055 
        10.6814        0.689434      0.00180055 
        10.6971        0.660453      0.00180055 
        10.7129        0.683167      0.00180055 
        10.7286        0.686604      0.00180055 
        10.7443        0.669168      0.00180055 
          10.76        0.716428      0.00180055 
        10.7757        0.683327      0.00180055 
        10.7914        0.716894      0.00180055 
        10.8071         0.70634      0.00180055 
        10.8228        0.704664      0.00180055 
        10.8385        0.740408      0.00180055 
        10.8542        0.698358      0.00180055 
        10.8699        0.760957      0.00180055 
        10.8856        0.723175      0.00180055 
        10.9014        0.740792      0.00180055 
        10.9171        0.750073      0.00180055 
        10.9328        0.719928      0.00180055 
        10.9485        0.781921      0.00180055 
        10.9642        0.738244      0.00180055 
        10.9799        0.772738      0.00180055 
        10.9956        0.768572      0.00180055 
        11.0113        0.744192      0.00180055 
         11.027        0.792613      0.00180055 
        11.0427        0.750219      0.00180055 
        11.0584        0.795189      0.00180055 
        11.0741        0.773896      0.00180055 
        11.0898         0.77358      0.00180055 
        11.1055        0.799244      0.00180055 
        11.1212         0.75338      0.00180055 
         11.137        0.822003      0.00180055 
        11.1527        0.775131      0.00180055 
        11.1684        0.796463      0.00180055 
        11.1841        0.795828      0.00180055 
        11.1998        0.770464      0.00180055 
        11.2155        0.826246      0.00180055 
        11.2312        0.772784      0.00180055 
        11.2469        0.811621      0.00180055 
        11.2626        0.791994      0.00180055 
        11.2783        0.787015      0.00180055 
         11.294        0.813837      0.00180055 
        11.3097        0.770865      0.00180055 
        11.3254        0.825806      0.00180055 
        11.3412        0.787304      0.00180055 
        11.3569        0.798415      0.00180055 
        11.3726        0.800565      0.00180055 
        11.3883         0.76604      0.00180055 
         11.404        0.826217      0.00180055 
        11.4197        0.779558      0.00180055 
        11.4354        0.802195      0.00180055 
        11.4511        0.794316      0.00180055 
        11.4668        0.778988      0.00180055 
        11.4825        0.809269      0.00180055 
        11.4982        0.769662      0.00180055 
         11.514        0.802761      0.00180055 
        11.5297        0.775705      0.00180055 
        11.5454        0.779349      0.00180055 
        11.5611        0.795578      0.00180055 
        11.5768        0.755781      0.00180055 
        11.5925        0.800958      0.00180055 
        11.6082        0.765582      0.00180055 
        11.6239        0.775906      0.00180055 
        11.6396        0.772805      0.00180055 
        11.6553        0.751221      0.00180055 
         11.671        0.789973      0.00180055 
        11.6867        0.746799      0.00180055 
        11.7024         0.77306      0.00180055 
        11.7182        0.757018      0.00180055 
        11.7339         0.75156      0.00180055 
        11.7496        0.762301      0.00180055 
        11.7653        0.732339      0.00180055 
         11.781        0.766938      0.00180055 
        11.7967        0.741302      0.00180055 
        11.8124        0.742447      0.00180055 
        11.8281        0.742996      0.00180055 
        11.8438        0.722495      0.00180055 
        11.8595        0.752779      0.00180055 
        11.8752        0.719904      0.00180055 
         11.891        0.732325      0.00180055 
        11.9067        0.728991      0.00180055 
        11.9224        0.715069      0.00180055 
        11.9381        0.730548      0.00180055 
        11.9538        0.704729      0.00180055 
        11.9695        0.727122      0.00180055 
        11.9852        0.709152      0.00180055 
        12.0009        0.706469      0.00180055 
        12.0166         0.71684      0.00180055 
        12.0323        0.690861      0.00180055 
         12.048        0.715688      0.00180055 
        12.0637        0.693454      0.00180055 
