# k  (h/Mpc)    Pcb(k)  (Mpc/h)^3    Pcb_linear(k) (Mpc/h)^3   ShotnoiseSubtracted = true
      0.0200456         28005.8         28593.1 
      0.0350414         20647.6         19929.4 
      0.0492313         13588.9         13931.1 
      0.0637834         11108.9         11746.1 
      0.0800726         8908.57         9634.58 
       0.096163         7116.23         6820.95 
       0.111083         5662.08         5268.54 
       0.126058         4721.61         4762.54 
       0.142273         4236.13          4183.9 
       0.158546         3451.63         3268.29 
        0.17375         3086.88         2672.01 
       0.188953          2964.7         2438.55 
       0.204907         2564.17         2228.41 
       0.220756         2336.69         1892.31 
        0.23588         2077.02         1610.86 
         0.2514         1895.31         1457.88 
       0.267535         1820.87         1347.68 
       0.283568         1640.15         1201.18 
       0.299022         1556.94          1059.3 
       0.314451         1627.41         961.689 
       0.330372         1465.41          891.49 
       0.346141         1346.73         817.855 
       0.361624         1289.25         741.999 
       0.377134         1246.16         679.367 
       0.392932         1174.97         630.845 
       0.408854         1136.43         586.029 
       0.424564         1111.48         541.441 
       0.440253         1042.35         501.033 
       0.455999         995.062         467.302 
       0.471626         1006.12         437.761 
        0.48727         952.201         409.397 
       0.502856         930.356         382.949 
       0.518488         889.397         359.378 
       0.534347         864.198         338.094 
       0.550082         825.619         318.488 
       0.565732         807.544         300.165 
       0.581496         790.391         283.235 
       0.597222         779.454         267.879 
       0.612804         755.989         253.829 
       0.628434         727.296         240.658 
       0.644267          708.19         228.218 
       0.660051         699.611         216.771 
       0.675724         687.534         206.229 
       0.691403         660.639         196.387 
       0.707174         645.423         187.134 
       0.722871         644.306         178.519 
        0.73838         621.246         170.541 
       0.754018         612.621         162.994 
       0.769845         600.866         155.825 
        0.78569          587.34         149.085 
       0.801365          570.89         142.814 
       0.817031         562.227         136.913 
       0.832809         551.487         131.313 
       0.848511          541.11         126.057 
       0.864097         532.323          121.13 
       0.879701         533.937         116.467 
       0.895507         513.591         111.998 
       0.911279         508.567         107.777 
        0.92691         499.225         103.812 
       0.942635         490.096         100.027 
       0.958396          480.39         96.4271 
       0.974128         470.516         93.0133 
       0.989692         461.135         89.8012 
        1.00528         452.465         86.7384 
        1.02113         444.481         83.7726 
        1.03692         438.333         80.9585 
        1.05264         433.511         78.2885 
        1.06832         423.203         75.7449 
        1.08405         420.655         73.3091 
        1.09979         409.359         70.9806 
        1.11537         401.105         68.7778 
        1.13105         395.136         66.6566 
        1.14679         388.814         64.6181 
        1.16256          385.63          62.662 
        1.17828         379.279         60.7945 
        1.19395         371.576         59.0106 
         1.2097         363.935         57.2902 
        1.22537         360.198         55.6476 
          1.241         352.128         54.0754 
        1.25666         348.056         52.5609 
        1.27241         345.956         51.0981 
        1.28819         335.838         49.6893 
        1.30392         333.486         48.3386 
        1.31957          326.71         47.0447 
        1.33529         322.203         45.7942 
        1.35108         321.483         44.5848 
        1.36674         312.791         43.4284 
         1.3824         306.137         42.3147 
        1.39811         302.535         41.2368 
        1.41389         298.165         40.1929 
        1.42964         293.053         39.1874 
        1.44531          288.57         38.2217 
        1.46101         281.237         37.2869 
        1.47667         280.394         36.3866 
        1.49229         276.788         35.5189 
        1.50793         270.398         34.6788 
        1.52367         266.528         33.8609 
        1.53953         263.205         33.0642 
        1.55526          257.79         32.2999 
        1.57092         255.715         31.5632 
        1.58662         250.482          30.848 
        1.60235         246.591         30.1539 
        1.61809          244.48         29.4811 
        1.63369         239.294          28.835 
        1.64941         236.949          28.204 
        1.66519         232.917         27.5898 
        1.68085         228.822         26.9985 
        1.69652         225.566         26.4246 
        1.71228         222.194         25.8643 
        1.72806         219.323           25.32 
        1.74368         215.621         24.7971 
        1.75933         213.453          24.288 
        1.77505         209.772         23.7911 
        1.79081         207.092         23.3073 
         1.8065         205.833         22.8393 
        1.82218         200.397         22.3847 
        1.83797         198.531         21.9395 
        1.85367         195.547          21.509 
        1.86928         192.128         21.0928 
        1.88497         189.733         20.6854 
        1.90073          188.09         20.2875 
        1.91647         185.108         19.9005 
        1.93218         181.907         19.5246 
        1.94787         178.695          19.159 
        1.96363         177.595         18.8015 
        1.97935         174.223         18.4539 
        1.99499         173.064         18.1172 
        2.01064         168.597         17.7886 
         2.0264         167.572         17.4661 
        2.04216           164.8         17.1518 
        2.05781         162.568         16.8474 
        2.07353         161.506         16.5494 
        2.08928         159.562          16.258 
        2.10499         156.413         15.9745 
        2.12065         154.663         15.6987 
        2.13633         152.527         15.4292 
        2.15211         150.502         15.1644 
        2.16785         148.886         14.9066 
        2.18349         146.324         14.6565 
        2.19916         146.007         14.4117 
        2.21489         142.318         14.1718 
        2.23063         140.684         13.9372 
         2.2463         138.858          13.709 
        2.26194         137.794         13.4866 
        2.27765         135.525          13.268 
        2.29341         134.029         13.0537 
        2.30914         132.211         12.8447 
        2.32486         130.766         12.6404 
        2.34061         128.494         12.4403 
        2.35635          126.71         12.2448 
        2.37203         125.872         12.0542 
        2.38768         123.864          11.868 
        2.40339         122.473         11.6852 
        2.41914         120.652         11.5058 
        2.43483         119.229         11.3309 
         2.4505         118.148           11.16 
        2.46622         116.217          10.992 
        2.48195         114.576         10.8276 
        2.49759          113.02         10.6674 
        2.51328         111.866           10.51 
        2.52906         110.549         10.3549 
        2.54479         109.331         10.2035 
        2.56049         107.681         10.0555 
        2.57618          106.82         9.91059 
        2.59189         105.706         9.76834 
        2.60758         104.528         9.62914 
        2.62325         102.682         9.49285 
        2.63898         100.995         9.35875 
        2.65468         100.224         9.22755 
        2.67044         99.2003         9.09833 
        2.68618          97.994         8.97191 
        2.70184         97.0322         8.84843 
        2.71755         95.1866         8.72699 
        2.73329         94.3797         8.60767 
        2.74897         93.1278         8.49099 
        2.76462         92.2603         8.37676 
        2.78034         91.4685         8.26418 
        2.79607         90.2516         8.15357 
        2.81179         89.2479         8.04514 
        2.82749         88.3024         7.93882 
        2.84321         86.9297         7.83433 
        2.85893         86.0813         7.73177 
        2.87462         84.8921         7.63124 
        2.89033         84.0942         7.53242 
        2.90605         83.0945         7.43529 
        2.92176         82.0548         7.33994 
        2.93747         81.3693         7.24633 
        2.95318         80.4396         7.15435 
        2.96891         79.7199         7.06395 
        2.98456         78.4375         6.97552 
        3.00023         77.7367         6.88849 
        3.01596         77.0175          6.8027 
        3.03164         76.0776         6.71862 
        3.04738         75.3206         6.63574 
         3.0631         74.7783          6.5543 
        3.07883         73.7672         6.47423 
        3.09456         72.8859         6.39553 
        3.11026         72.2941         6.31828 
        3.12596         71.4177         6.24232 
        3.14163         70.5356          6.1678 
        3.15734         69.8515         6.09433 
        3.17308          69.081          6.0219 
        3.18879         68.2918         5.95086 
        3.20447         67.7322         5.88107 
         3.2202         66.8787         5.81221 
         3.2359          66.426         5.74458 
        3.25157         65.6658          5.6782 
        3.26729         64.9554         5.61267 
        3.28304         64.0804         5.54807 
        3.29877         63.5407         5.48457 
        3.31446          62.959         5.42222 
        3.33014         62.2118         5.36091 
        3.34585           61.65         5.30045 
        3.36158         60.9731         5.24085 
        3.37727         60.2598         5.18237 
        3.39294         59.8204         5.12483 
        3.40867         59.1755         5.06798 
        3.42439         58.2564         5.01203 
        3.44008         57.8105         4.95703 
        3.45578           57.42         4.90284 
        3.47153         56.8281         4.84934 
        3.48724         56.1711         4.79674 
        3.50292         55.7828         4.74505 
        3.51859          55.129         4.69416 
        3.53431         54.4537         4.64387 
        3.55007         54.0146         4.59419 
        3.56577          53.457         4.54545 
        3.58146         52.8245         4.49744 
        3.59719         52.5336         4.45002 
        3.61292         51.9938         4.40331 
        3.62859         51.4369         4.35745 
        3.64429         50.9339         4.31216 
        3.66003         50.5084         4.26739 
        3.67578         49.9441         4.22327 
        3.69146         49.4521         4.17995 
        3.70712         48.8292         4.13733 
        3.72284         48.3418         4.09514 
        3.73853         48.0437         4.05363 
        3.75422         47.5725         4.01268 
        3.76993         47.1481         3.97226 
        3.78564         46.5888         3.93243 
        3.80137         46.1505         3.89308 
        3.81707         45.7369         3.85436 
        3.83279         45.2774         3.81614 
        3.84853         44.8977         3.77838 
        3.86424         44.5262         3.74121 
        3.87992         43.9282          3.7046 
        3.89561         43.7557         3.66849 
        3.91134         43.2602         3.63278 
        3.92704         42.8819          3.5976 
        3.94273         42.3938         3.56293 
        3.95845         41.9508         3.52865 
        3.97418          41.636         3.49482 
        3.98988         41.1218         3.46149 
        4.00554          40.847         3.42868 
        4.02125         40.4014         3.39621 
        4.03698          40.134         3.36412 
        4.05268         39.7711         3.33251 
        4.06839         39.4545          3.3013 
         4.0841         39.1149         3.27049 
        4.09983          38.784         3.24004 
        4.11555         38.4129            3.21 
        4.13124         38.0655         3.18042 
        4.14693          37.692          3.1512 
        4.16266         37.4415         3.12227 
        4.17839           36.99         3.09373 
        4.19408         36.7563         3.06562 
        4.20977         36.3325         3.03785 
        4.22551         36.0219         3.01036 
        4.24123         35.7374         2.98324 
        4.25691         35.3589         2.95653 
        4.27259         35.1292         2.93014 
        4.28831         34.7701         2.90403 
        4.30404         34.5027         2.87821 
        4.31974         34.1342         2.85276 
        4.33543         33.8587         2.82765 
        4.35116         33.5721         2.80277 
        4.36688         33.3218         2.77821 
        4.38255         33.0543         2.75404 
        4.39825         32.7844          2.7301 
        4.41398         32.4539         2.70641 
         4.4297          32.142         2.68302 
        4.44541         31.9399         2.65992 
        4.46111         31.7278         2.63711 
        4.47683         31.4575         2.61455 
        4.49251         31.1437         2.59231 
        4.50819         30.8551         2.57033 
         4.5239         30.5581         2.54858 
        4.53962         30.3457         2.52705 
        4.55535         30.0722         2.50577 
        4.57106         29.8259         2.48476 
        4.58678         29.5476           2.464 
         4.6025         29.2946         2.44347 
        4.61821         29.0514         2.42317 
        4.63391         28.8628         2.40314 
         4.6496         28.5914         2.38335 
        4.66532         28.4048         2.36374 
        4.68103         28.1192         2.34438 
        4.69673         27.8737         2.32524 
        4.71241         27.6358         2.30635 
        4.72811         27.4456         2.28763 
        4.74384          27.201          2.2691 
        4.75955         27.0353          2.2508 
        4.77525         26.7984         2.23272 
        4.79096         26.5932         2.21482 
        4.80669           26.37         2.19711 
         4.8224          26.141         2.17961 
        4.83809         25.8991         2.16232 
        4.85379         25.6472         2.14522 
         4.8695         25.5033         2.12828 
        4.88521         25.2561         2.11154 
        4.90093          25.031         2.09498 
        4.91663         24.9248         2.07861 
        4.93234         24.6749          2.0624 
        4.94807         24.5092         2.04635 
        4.96377         24.2994         2.03051 
        4.97943         24.1228         2.01487 
        4.99514         23.9321         1.99935 
        5.01086          23.715         1.98399 
        5.02654         23.5165         1.96883 
        5.04227         23.3736         1.95379 
          5.058         23.2466          1.9389 
        5.07371         23.0113         1.92419 
        5.08942         22.8651         1.90964 
        5.10513         22.6421         1.89524 
        5.12084          22.468         1.88098 
        5.13656         22.3575         1.86687 
        5.15225         22.1336         1.85293 
        5.16796         21.9143         1.83911 
        5.18369         21.8109         1.82542 
         5.1994         21.6274          1.8119 
        5.21509         21.4281         1.79853 
        5.23079          21.263         1.78527 
        5.24649         21.0923         1.77217 
        5.26217         20.9784          1.7592 
        5.27788         20.8118         1.74635 
        5.29359         20.6305         1.73363 
        5.30933         20.4609         1.72101 
        5.32504         20.3375         1.70855 
        5.34073         20.1811         1.69622 
        5.35646         20.0797         1.68399 
        5.37218         19.8733         1.67188 
        5.38789         19.7392         1.65991 
        5.40357         19.5277         1.64807 
        5.41929          19.448         1.63632 
        5.43502         19.2899         1.62469 
         5.4507         19.1852         1.61319 
        5.46639         18.9828         1.60181 
        5.48212         18.8371         1.59051 
        5.49786         18.7065         1.57931 
        5.51353         18.5964         1.56828 
        5.52921          18.417         1.55734 
        5.54495         18.3111         1.54647 
        5.56066         18.1707         1.53572 
        5.57637         18.0234         1.52507 
        5.59207          17.901         1.51454 
        5.60778         17.8108          1.5041 
        5.62346         17.6024         1.49378 
        5.63916         17.5062         1.48354 
        5.65487         17.3765         1.47339 
         5.6706         17.2477         1.46333 
        5.68633         17.1114         1.45336 
        5.70203         17.0183         1.44351 
        5.71773         16.8689         1.43375 
        5.73344         16.7676         1.42407 
        5.74916         16.6379         1.41448 
        5.76486         16.5407         1.40499 
        5.78054         16.4296          1.3956 
        5.79626         16.2894         1.38627 
          5.812         16.2172         1.37702 
         5.8277         16.0861         1.36788 
        5.84339          15.947         1.35882 
        5.85911         15.8282         1.34983 
        5.87484         15.7064         1.34092 
        5.89053         15.6082         1.33212 
        5.90623         15.4852         1.32338 
        5.92195         15.3967         1.31472 
        5.93767         15.2891         1.30613 
        5.95336         15.1778         1.29764 
        5.96905          15.072         1.28922 
        5.98476         14.9467         1.28087 
        6.00048         14.8393         1.27259 
        6.01617         14.7504          1.2644 
        6.03185          14.682         1.25629 
        6.04756         14.5315         1.24823 
        6.06331         14.4442         1.24023 
        6.07903         14.3465         1.23231 
        6.09473         14.2435         1.22447 
        6.11044         14.1415         1.21669 
        6.12616          14.077         1.20899 
        6.14186         13.9208         1.20135 
        6.15755         13.8734         1.19379 
        6.17326         13.7916         1.18628 
        6.18898         13.6921         1.17884 
        6.20467         13.5729         1.17147 
        6.22036         13.4911         1.16417 
         6.2361         13.3926         1.15691 
         6.2518         13.2996         1.14972 
        6.26748         13.2166         1.14262 
        6.28319          13.113         1.13555 
        6.29893         13.0363         1.12854 
        6.31463         12.9497          1.1216 
        6.33033         12.8791         1.11472 
        6.34604         12.7775         1.10789 
        6.36177         12.6948         1.10112 
        6.37747          12.601         1.09441 
        6.39316         12.5404         1.08777 
        6.40888         12.4446         1.08117 
         6.4246         12.3478         1.07462 
        6.44031         12.2702         1.06813 
        6.45601         12.2067         1.06171 
        6.47172         12.1071         1.05532 
        6.48744         12.0094         1.04899 
        6.50313         11.9518         1.04273 
        6.51882         11.8847         1.03652 
        6.53452         11.7975         1.03035 
        6.55025         11.7246         1.02422 
        6.56597          11.638         1.01815 
        6.58166         11.5725         1.01214 
        6.59736          11.493         1.00617 
        6.61307         11.4232         1.00025 
         6.6288         11.3364         0.99437 
         6.6445         11.2622        0.988547 
         6.6602         11.2093        0.982772 
        6.67592         11.1305        0.977037 
        6.69164          11.073        0.971351 
        6.70735         10.9746        0.965711 
        6.72304         10.8929        0.960123 
        6.73874         10.8657        0.954578 
        6.75446         10.7785         0.94907 
        6.77016         10.6938        0.943614 
        6.78585         10.6366        0.938202 
        6.80156         10.5494         0.93283 
        6.81729         10.5051        0.927492 
        6.83301         10.4306        0.922197 
         6.8487         10.3769        0.916956 
         6.8644         10.3141        0.911752 
        6.88012         10.2564        0.906585 
        6.89583         10.1721        0.901462 
        6.91151         10.1034        0.896386 
        6.92723         10.0529        0.891337 
        6.94296         9.99262        0.886326 
        6.95866         9.92046        0.881362 
        6.97436         9.83797        0.876437 
        6.99007         9.80645        0.871547 
        7.00578         9.72609        0.866696 
        7.02147         9.67214        0.861886 
        7.03718         9.63139        0.857109 
         7.0529         9.53606        0.852365 
        7.06863          9.4865        0.847654 
        7.08433         9.43536        0.842986 
        7.10004         9.36948        0.838355 
        7.11575          9.3367        0.833758 
        7.13145         9.27093        0.829196 
        7.14715          9.2108         0.82467 
        7.16284         9.13084        0.820183 
        7.17855         9.08358        0.815721 
        7.19428         9.02702        0.811288 
        7.20998         8.97563        0.806897 
        7.22568         8.92138        0.802539 
        7.24139         8.87035        0.798211 
        7.25711          8.8053        0.793914 
        7.27282         8.76343         0.78965 
        7.28852         8.70238        0.785422 
        7.30423         8.66059        0.781219 
        7.31995         8.59751        0.777049 
        7.33565         8.56516        0.772912 
        7.35135         8.48814        0.768806 
        7.36706         8.45376         0.76473 
        7.38277         8.40068         0.76068 
        7.39847         8.34253        0.756663 
        7.41419         8.29306        0.752674 
         7.4299         8.23895        0.748713 
        7.44561         8.19496        0.744782 
        7.46132          8.1416         0.74088 
        7.47701         8.09843         0.73701 
        7.49272         8.05757        0.733164 
        7.50842         8.00173        0.729348 
         7.5241         7.96095        0.725564 
        7.53981         7.90654        0.721801 
        7.55552         7.85904        0.718064 
        7.57125         7.81454         0.71435 
        7.58698         7.76624        0.710661 
        7.60268         7.73372        0.707007 
         7.6184         7.68239        0.703375 
        7.63411         7.63883        0.699769 
        7.64981         7.58104        0.696191 
        7.66552         7.54549        0.692638 
        7.68123         7.49043        0.689109 
        7.69695         7.46201        0.685603 
        7.71264         7.40719        0.682127 
        7.72834         7.36628        0.678674 
        7.74407         7.32692        0.675239 
        7.75978         7.28302        0.671831 
        7.77546         7.25098        0.668454 
        7.79116         7.19292        0.665097 
         7.8069         7.14819        0.661756 
         7.8226         7.11384        0.658443 
        7.83828         7.06558        0.655159 
        7.85399         7.02891        0.651894 
        7.86972         7.00323        0.648644 
        7.88543         6.96643        0.645422 
        7.90111         6.91301        0.642228 
        7.91681         6.87274        0.639051 
        7.93255         6.83088        0.635889 
        7.94828         6.79639         0.63275 
        7.96397         6.74733        0.629639 
        7.97967         6.71474        0.626549 
        7.99538         6.67706        0.623478 
         8.0111         6.64258        0.620426 
         8.0268         6.60385        0.617398 
        8.04248         6.55893        0.614393 
         8.0582         6.53423        0.611403 
        8.07393         6.48747         0.60843 
        8.08963         6.46334        0.605482 
        8.10533          6.4278        0.602555 
        8.12104         6.39288        0.599645 
        8.13675          6.3558        0.596755 
        8.15245         6.31696        0.593886 
        8.16815           6.285        0.591036 
        8.18387         6.24283        0.588201 
        8.19959         6.20569        0.585385 
         8.2153          6.1725        0.582589 
        8.23101         6.14351        0.579812 
        8.24672         6.09685        0.577054 
        8.26241         6.07582        0.574317 
         8.2781         6.03744        0.571598 
        8.29381         6.00331        0.568893 
        8.30952          5.9695        0.566206 
        8.32524         5.93659        0.563534 
        8.34095         5.91236        0.560882 
        8.35666         5.87994        0.558248 
        8.37237         5.84365         0.55563 
        8.38808         5.80609        0.553029 
        8.40379         5.78102        0.550445 
         8.4195         5.75252        0.547879 
         8.4352         5.72657        0.545329 
        8.45091         5.68599        0.542796 
        8.46662         5.65162        0.540278 
        8.48232         5.62643        0.537777 
        8.49802         5.60116        0.535293 
        8.51374         5.56432        0.532822 
        8.52945         5.53626        0.530368 
        8.54515         5.50355        0.527931 
        8.56086         5.47723        0.525507 
        8.57658         5.44245        0.523099 
        8.59228         5.41245        0.520708 
        8.60799         5.39541         0.51833 
        8.62371         5.36175        0.515967 
        8.63942          5.3374         0.51362 
        8.65512         5.30636        0.511289 
        8.67082         5.27938        0.508972 
        8.68653         5.24872        0.506669 
        8.70224         5.22482         0.50438 
        8.71795         5.19647        0.502106 
        8.73365         5.17372        0.499846 
        8.74936         5.14497          0.4976 
        8.76506          5.1216         0.49537 
        8.78076         5.08343        0.493152 
        8.79646         5.06449        0.490948 
        8.81218         5.03995        0.488757 
        8.82791         5.00404        0.486576 
         8.8436         4.98771        0.484414 
         8.8593          4.9571        0.482265 
        8.87503          4.9377        0.480124 
        8.89076         4.91589        0.477997 
        8.90644         4.87915        0.475889 
        8.92214         4.85759        0.473792 
        8.93786         4.83546        0.471705 
        8.95357         4.81025        0.469632 
        8.96928         4.78742        0.467572 
        8.98498         4.76187        0.465524 
        9.00069         4.73892        0.463489 
        9.01639         4.71393        0.461466 
        9.03208         4.68768        0.459458 
        9.04778         4.66158        0.457459 
        9.06351         4.64407         0.45547 
        9.07923         4.62138        0.453494 
        9.09493         4.60248        0.451532 
        9.11062         4.57923        0.449583 
        9.12635         4.55307        0.447641 
        9.14207         4.52565        0.445712 
        9.15777         4.51416        0.443796 
        9.17346         4.48511        0.441893 
        9.18917         4.45402        0.439999 
         9.2049         4.44138        0.438114 
        9.22061         4.42339        0.436242 
        9.23631         4.40114        0.434382 
        9.25201         4.37524        0.432534 
        9.26773         4.35728        0.430695 
        9.28343         4.33175        0.428867 
        9.29913         4.31261        0.427051 
        9.31484         4.29139        0.425245 
        9.33057         4.26976        0.423446 
        9.34627         4.24983        0.421661 
        9.36197         4.22933        0.419888 
        9.37768         4.20723        0.418122 
        9.39338         4.19139        0.416368 
        9.40909          4.1758        0.414625 
        9.42479         4.15181        0.412891 
         9.4405         4.13207        0.411168 
        9.45621         4.11446        0.409453 
        9.47193         4.09221        0.407749 
        9.48763         4.07279        0.406056 
        9.50334         4.05618        0.404371 
        9.51906         4.03622        0.402696 
        9.53476         4.02384        0.401033 
        9.55045         4.00258        0.399378 
        9.56616         3.98825        0.397732 
        9.58188         3.96559        0.396094 
        9.59759         3.94379        0.394466 
         9.6133         3.92897        0.392847 
        9.62901         3.90907        0.391236 
        9.64471         3.89196        0.389635 
        9.66041         3.87469        0.388042 
        9.67612         3.85835        0.386457 
        9.69184         3.83812         0.38488 
        9.70754         3.82052        0.383314 
        9.72324         3.80269        0.381758 
        9.73895         3.78763         0.38021 
        9.75467         3.77301        0.378671 
        9.77038         3.75679        0.377142 
        9.78607         3.74014        0.375625 
        9.80177         3.72403        0.374118 
        9.81749         3.70415        0.372618 
         9.8332         3.69343         0.37113 
         9.8489         3.67923        0.369652 
        9.86463         3.65836        0.368181 
        9.88035         3.64232        0.366717 
        9.89606         3.62445        0.365263 
        9.91175         3.61148        0.363815 
        9.92745         3.59517        0.362371 
        9.94317          3.5822         0.36093 
        9.95888         3.57125        0.359493 
        9.97458         3.54297        0.358059 
        9.99029         3.53799        0.356626 
         10.006         3.51907        0.355741 
        10.0217          3.5015        0.355741 
        10.0374         3.48996        0.355741 
        10.0531         3.47429        0.355741 
        10.0688         3.45962        0.355741 
        10.0845         3.44666        0.355741 
        10.1002         3.43306        0.355741 
        10.1159         3.41702        0.355741 
        10.1317         3.40261        0.355741 
        10.1474         3.38755        0.355741 
        10.1631         3.37316        0.355741 
        10.1788         3.35931        0.355741 
        10.1945         3.34887        0.355741 
        10.2102         3.33323        0.355741 
        10.2259         3.32157        0.355741 
        10.2416         3.31068        0.355741 
        10.2573         3.29378        0.355741 
         10.273         3.27709        0.355741 
        10.2887         3.26608        0.355741 
        10.3044         3.25842        0.355741 
        10.3201         3.24547        0.355741 
        10.3359         3.22883        0.355741 
        10.3516         3.22015        0.355741 
        10.3673         3.20428        0.355741 
         10.383         3.19375        0.355741 
        10.3987         3.17948        0.355741 
        10.4144         3.16663        0.355741 
        10.4301          3.1574        0.355741 
        10.4458         3.14547        0.355741 
        10.4615         3.13639        0.355741 
        10.4772         3.12241        0.355741 
        10.4929         3.10873        0.355741 
        10.5086         3.09813        0.355741 
        10.5244         3.08541        0.355741 
        10.5401          3.0734        0.355741 
        10.5558         3.06188        0.355741 
        10.5715         3.05491        0.355741 
        10.5872         3.04649        0.355741 
        10.6029         3.02996        0.355741 
        10.6186         3.02322        0.355741 
        10.6343         3.00805        0.355741 
          10.65         2.99735        0.355741 
        10.6657         2.98532        0.355741 
        10.6814          2.9799        0.355741 
        10.6971          2.9691        0.355741 
        10.7129         2.95791        0.355741 
        10.7286         2.94611        0.355741 
        10.7443         2.93665        0.355741 
          10.76         2.92857        0.355741 
        10.7757         2.91694        0.355741 
        10.7914         2.90895        0.355741 
        10.8071          2.8977        0.355741 
        10.8228         2.88815        0.355741 
        10.8385         2.88085        0.355741 
        10.8542         2.87127        0.355741 
        10.8699         2.86014        0.355741 
        10.8856          2.8491        0.355741 
        10.9014         2.84204        0.355741 
        10.9171         2.83326        0.355741 
        10.9328          2.8223        0.355741 
        10.9485         2.81195        0.355741 
        10.9642         2.80706        0.355741 
        10.9799         2.79648        0.355741 
        10.9956         2.78702        0.355741 
        11.0113         2.78178        0.355741 
         11.027         2.77563        0.355741 
        11.0427         2.76087        0.355741 
        11.0584         2.75522        0.355741 
        11.0741         2.74969        0.355741 
        11.0898         2.74116        0.355741 
        11.1055         2.73211        0.355741 
        11.1212         2.72626        0.355741 
         11.137         2.71785        0.355741 
        11.1527         2.70745        0.355741 
        11.1684         2.69914        0.355741 
        11.1841         2.69525        0.355741 
        11.1998         2.69088        0.355741 
        11.2155         2.67897        0.355741 
        11.2312         2.67523        0.355741 
        11.2469         2.66652        0.355741 
        11.2626         2.66082        0.355741 
        11.2783         2.65308        0.355741 
         11.294         2.64397        0.355741 
        11.3097         2.64059        0.355741 
        11.3254         2.63254        0.355741 
        11.3412         2.62699        0.355741 
        11.3569         2.62121        0.355741 
        11.3726         2.61511        0.355741 
        11.3883          2.6084        0.355741 
         11.404         2.60141        0.355741 
        11.4197         2.59499        0.355741 
        11.4354         2.58949        0.355741 
        11.4511           2.583        0.355741 
        11.4668         2.57877        0.355741 
        11.4825         2.57238        0.355741 
        11.4982         2.56946        0.355741 
         11.514         2.56197        0.355741 
        11.5297         2.55938        0.355741 
        11.5454         2.55041        0.355741 
        11.5611         2.54761        0.355741 
        11.5768         2.54389        0.355741 
        11.5925         2.53711        0.355741 
        11.6082         2.53411        0.355741 
        11.6239         2.53177        0.355741 
        11.6396         2.52216        0.355741 
        11.6553          2.5213        0.355741 
         11.671         2.51506        0.355741 
        11.6867         2.50993        0.355741 
        11.7024         2.50592        0.355741 
        11.7182         2.50256        0.355741 
        11.7339         2.49994        0.355741 
        11.7496         2.49266        0.355741 
        11.7653         2.49329        0.355741 
         11.781          2.4879        0.355741 
        11.7967         2.48408        0.355741 
        11.8124         2.48143        0.355741 
        11.8281         2.47714        0.355741 
        11.8438          2.4765        0.355741 
        11.8595         2.46943        0.355741 
        11.8752         2.46827        0.355741 
         11.891         2.46813        0.355741 
        11.9067          2.4624        0.355741 
        11.9224         2.46155        0.355741 
        11.9381         2.45816        0.355741 
        11.9538         2.45599        0.355741 
        11.9695         2.45075        0.355741 
        11.9852         2.45119        0.355741 
        12.0009         2.44853        0.355741 
        12.0166         2.44612        0.355741 
        12.0323          2.4439        0.355741 
         12.048         2.44276        0.355741 
        12.0637         2.43934        0.355741 
