# k  (h/Mpc)    Pcb(k)  (Mpc/h)^3    Pcb_linear(k) (Mpc/h)^3   ShotnoiseSubtracted = true
      0.0200456         29799.5         30279.6 
      0.0350414         20404.3         19532.4 
      0.0492313         13366.9         13631.8 
      0.0637834         10526.5         11053.3 
      0.0800726         7764.08         8151.86 
       0.096163         6136.03         5673.44 
       0.111083         5027.75         4630.15 
       0.126058         4115.21         4051.19 
       0.142273         3489.96         3199.74 
       0.158546         2816.01         2485.91 
        0.17375         2551.15         2170.07 
       0.188953         2423.22         1936.84 
       0.204907         2044.34         1620.62 
       0.220756            1849         1357.51 
        0.23588          1648.7         1213.82 
         0.2514            1489         1094.16 
       0.267535         1421.35         951.963 
       0.283568         1268.39         831.461 
       0.299022         1195.29         752.168 
       0.314451         1250.65         684.907 
       0.330372         1106.29         613.352 
       0.346141         1012.28         551.339 
       0.361624         967.414         504.063 
       0.377134         931.087         462.977 
       0.392932         871.427         422.602 
       0.408854         841.859          386.13 
       0.424564         821.453         356.015 
       0.440253         762.333         329.434 
       0.455999         724.136          304.52 
       0.471626         735.098         282.084 
        0.48727         688.376         262.359 
       0.502856         671.446         244.684 
       0.518488         640.451         228.342 
       0.534347         622.294         213.159 
       0.550082         592.231         199.586 
       0.565732         577.718         187.293 
       0.581496         563.774         175.888 
       0.597222         552.283         165.401 
       0.612804         535.801         155.884 
       0.628434         513.218         147.103 
       0.644267         498.111         138.885 
       0.660051         492.412         131.306 
       0.675724         479.748         124.332 
       0.691403         462.157         117.854 
       0.707174         449.188         111.798 
       0.722871         449.723         106.188 
        0.73838         431.479          101.02 
       0.754018         422.342         96.1539 
       0.769845         416.288         91.5531 
        0.78569         406.265         87.2468 
       0.801365         392.595         83.2574 
       0.817031         386.694         79.5181 
       0.832809         381.344         75.9828 
       0.848511         374.181         72.6765 
       0.864097         363.253         69.5879 
       0.879701          364.69         66.6744 
       0.895507         350.039          63.892 
       0.911279         345.001         61.2729 
        0.92691         339.436          58.821 
       0.942635         333.147         56.4887 
       0.958396         323.267         54.2769 
       0.974128          316.62         52.1866 
       0.989692         310.817          50.226 
        1.00528          302.91         48.3626 
        1.02113         299.843         46.5638 
        1.03692         294.584         44.8625 
        1.05264         290.448         43.2534 
        1.06832         282.944         41.7251 
        1.08405         281.274         40.2661 
        1.09979           274.5         38.8755 
        1.11537         267.303         37.5638 
        1.13105         264.038         36.3043 
        1.14679         259.119         35.0974 
        1.16256         256.574         33.9425 
        1.17828          252.98          32.843 
        1.19395         246.705         31.7955 
         1.2097         242.963          30.788 
        1.22537          239.89         29.8287 
          1.241         233.931         28.9128 
        1.25666         231.323         28.0328 
        1.27241         229.066          27.185 
        1.28819         223.104         26.3706 
        1.30392         222.013         25.5916 
        1.31957         216.466         24.8472 
        1.33529         211.753         24.1295 
        1.35108         211.622         23.4371 
        1.36674         207.261         22.7765 
         1.3824         202.596         22.1418 
        1.39811         199.217          21.529 
        1.41389         196.522         20.9368 
        1.42964         192.799         20.3677 
        1.44531         191.151         19.8223 
        1.46101         186.463         19.2956 
        1.47667         183.554         18.7894 
        1.49229         182.498         18.3026 
        1.50793         178.088         17.8323 
        1.52367           175.6         17.3754 
        1.53953         172.971         16.9313 
        1.55526         169.379         16.5061 
        1.57092         168.313         16.0971 
        1.58662          165.39         15.7009 
        1.60235         162.302         15.3171 
        1.61809         160.447         14.9459 
        1.63369         156.984         14.5902 
        1.64941         155.753         14.2433 
        1.66519         152.296         13.9064 
        1.68085         149.712         13.5827 
        1.69652         148.411         13.2691 
        1.71228         146.248         12.9636 
        1.72806         144.307         12.6673 
        1.74368          141.72         12.3832 
        1.75933         140.121         12.1071 
        1.77505         138.041         11.8381 
        1.79081           135.6         11.5768 
         1.8065         134.453         11.3243 
        1.82218         131.142         11.0795 
        1.83797         129.814         10.8403 
        1.85367         128.207         10.6093 
        1.86928         126.093         10.3864 
        1.88497         125.651         10.1686 
        1.90073          123.31         9.95623 
        1.91647         121.318         9.75003 
        1.93218         119.361         9.55006 
        1.94787          117.03         9.35593 
        1.96363         116.385         9.16638 
        1.97935          114.92         8.98242 
        1.99499         113.017          8.8045 
        2.01064         111.405         8.63109 
         2.0264         110.329         8.46122 
        2.04216         108.115         8.29596 
        2.05781          106.78         8.13611 
        2.07353         105.557         7.97987 
        2.08928         103.462         7.82734 
        2.10499         102.833         7.67918 
        2.12065         101.784         7.53525 
        2.13633         100.051         7.39485 
        2.15211         98.6832         7.25709 
        2.16785         97.7305         7.12319 
        2.18349         96.3562         6.99347 
        2.19916         95.4238         6.86668 
        2.21489           93.44         6.74258 
        2.23063         92.1809         6.62143 
         2.2463         90.9003         6.50377 
        2.26194         89.9979         6.38924 
        2.27765         88.5954         6.27685 
        2.29341         87.2681         6.16685 
        2.30914         86.4942         6.05968 
        2.32486         85.5666         5.95509 
        2.34061         84.3762         5.85277 
        2.35635         83.1804         5.75292 
        2.37203         82.1255         5.65573 
        2.38768         80.7038         5.56095 
        2.40339         80.2938         5.46799 
        2.41914         79.0174         5.37691 
        2.43483          78.126         5.28821 
         2.4505         77.3372         5.20163 
        2.46622         76.0158         5.11668 
        2.48195         74.8507          5.0336 
        2.49759         73.9791         4.95278 
        2.51328         73.1884         4.87352 
        2.52906         72.3496         4.79547 
        2.54479         71.5833          4.7194 
        2.56049         70.4333         4.64511 
        2.57618         69.6286         4.57247 
        2.59189         68.9405         4.50125 
        2.60758         67.8261         4.43165 
        2.62325         66.9418         4.36359 
        2.63898         66.0767         4.29671 
        2.65468          65.545         4.23136 
        2.67044         64.5541         4.16707 
        2.68618         63.6823         4.10425 
        2.70184         63.1131         4.04296 
        2.71755         62.3729         3.98276 
        2.73329         61.3356         3.92368 
        2.74897         60.9241         3.86598 
        2.76462         60.1625         3.80955 
        2.78034         59.4788         3.75401 
        2.79607         58.8971          3.6995 
        2.81179         57.9898         3.64613 
        2.82749         57.3936         3.59385 
        2.84321         56.5568         3.54254 
        2.85893         56.0111         3.49223 
        2.87462          55.143         3.44297 
        2.89033         54.8192         3.39461 
        2.90605         54.1455         3.34712 
        2.92176         53.4495         3.30056 
        2.93747         52.7062          3.2549 
        2.95318         52.1265         3.21008 
        2.96891         51.8329         3.16608 
        2.98456         51.0616         3.12308 
        3.00023         50.4116         3.08082 
        3.01596         49.9266          3.0392 
        3.03164         49.3582         2.99845 
        3.04738         48.7146         2.95833 
         3.0631         48.2143         2.91895 
        3.07883         47.7997         2.88027 
        3.09456         46.9683          2.8423 
        3.11026         46.7702         2.80506 
        3.12596         46.1125         2.76848 
        3.14163         45.7567         2.73263 
        3.15734         44.9649         2.69733 
        3.17308         44.5988         2.66256 
        3.18879         44.1671         2.62849 
        3.20447         43.7249         2.59506 
         3.2202          43.008          2.5621 
         3.2359         42.6824         2.52977 
        3.25157         42.1684         2.49806 
        3.26729          41.876          2.4668 
        3.28304         41.4123         2.43601 
        3.29877         40.8839         2.40577 
        3.31446         40.4043         2.37611 
        3.33014         40.1014         2.34697 
        3.34585         39.4893         2.31827 
        3.36158         39.3088            2.29 
        3.37727         38.8031         2.26228 
        3.39294         38.4308         2.23505 
        3.40867         37.9777         2.20816 
        3.42439         37.5494         2.18172 
        3.44008         37.1747         2.15576 
        3.45578         36.7543          2.1302 
        3.47153         36.3648         2.10499 
        3.48724         35.9224         2.08024 
        3.50292         35.6636         2.05593 
        3.51859         35.3187         2.03202 
        3.53431         34.8529         2.00841 
        3.55007         34.5823         1.98511 
        3.56577         34.1572         1.96227 
        3.58146         33.8224          1.9398 
        3.59719         33.5105         1.91762 
        3.61292         33.1439          1.8958 
        3.62859         32.8584         1.87439 
        3.64429         32.5977         1.85327 
        3.66003         32.1804          1.8324 
        3.67578         31.8827         1.81186 
        3.69146         31.5053         1.79171 
        3.70712          31.243          1.7719 
        3.72284         30.9155         1.75231 
        3.73853         30.6729         1.73305 
        3.75422         30.3071         1.71407 
        3.76993         30.1643         1.69535 
        3.78564         29.7672         1.67691 
        3.80137         29.4761         1.65872 
        3.81707         29.1985         1.64084 
        3.83279         28.8745         1.62319 
        3.84853         28.6813         1.60578 
        3.86424         28.3797         1.58866 
        3.87992         28.0534          1.5718 
        3.89561         27.7673         1.55519 
        3.91134         27.5209         1.53878 
        3.92704         27.2213         1.52262 
        3.94273         27.1078         1.50671 
        3.95845         26.7424           1.491 
        3.97418         26.4887          1.4755 
        3.98988         26.2532         1.46024 
        4.00554          26.023         1.44524 
        4.02125         25.7766          1.4304 
        4.03698         25.5615         1.41575 
        4.05268         25.2447         1.40133 
        4.06839          25.055          1.3871 
         4.0841          24.807         1.37307 
        4.09983         24.5349         1.35921 
        4.11555          24.408         1.34555 
        4.13124         24.1202         1.33211 
        4.14693         23.9714         1.31884 
        4.16266         23.7503         1.30571 
        4.17839         23.5041         1.29278 
        4.19408         23.2648         1.28004 
        4.20977         22.9955         1.26747 
        4.22551          22.812         1.25504 
        4.24123         22.6375         1.24278 
        4.25691         22.4595         1.23072 
        4.27259         22.1754         1.21881 
        4.28831         22.0172         1.20704 
        4.30404         21.8085         1.19541 
        4.31974         21.6167         1.18395 
        4.33543         21.4475         1.17265 
        4.35116         21.2995         1.16147 
        4.36688         21.0147         1.15044 
        4.38255         20.9155         1.13959 
        4.39825         20.7322         1.12885 
        4.41398         20.5405         1.11823 
         4.4297          20.332         1.10776 
        4.44541         20.1503         1.09742 
        4.46111         19.9841         1.08722 
        4.47683          19.814         1.07714 
        4.49251         19.6789         1.06721 
        4.50819         19.4865          1.0574 
         4.5239         19.2369          1.0477 
        4.53962         19.1609         1.03811 
        4.55535         18.9531         1.02864 
        4.57106         18.8315         1.01929 
        4.58678         18.6308         1.01006 
         4.6025         18.4393         1.00093 
        4.61821         18.3454        0.991926 
        4.63391         18.2073        0.983038 
         4.6496         18.0013        0.974262 
        4.66532         17.8418        0.965578 
        4.68103         17.6826        0.957002 
        4.69673         17.5405        0.948538 
        4.71241         17.4008        0.940183 
        4.72811         17.2671        0.931914 
        4.74384         17.1318        0.923732 
        4.75955          16.992        0.915661 
        4.77525         16.8273        0.907689 
        4.79096         16.6957        0.899801 
        4.80669         16.5604        0.892002 
         4.8224         16.3935        0.884304 
        4.83809         16.2779        0.876703 
        4.85379         16.1537        0.869186 
         4.8695         15.9906         0.86175 
        4.88521         15.8901        0.854404 
        4.90093         15.7539        0.847141 
        4.91663         15.6373        0.839968 
        4.93234         15.5168        0.832869 
        4.94807         15.3651        0.825847 
        4.96377         15.1982        0.818918 
        4.97943         15.0915        0.812082 
        4.99514         14.9979        0.805306 
        5.01086         14.8736        0.798601 
        5.02654         14.7391        0.791988 
        5.04227         14.6233        0.785431 
          5.058         14.5119        0.778943 
        5.07371          14.388        0.772541 
        5.08942         14.2723        0.766209 
        5.10513         14.1691        0.759947 
        5.12084         14.0868         0.75375 
        5.13656         13.9404        0.747623 
        5.15225         13.8469        0.741574 
        5.16796         13.7138        0.735582 
        5.18369         13.6236        0.729649 
         5.1994         13.5112        0.723792 
        5.21509         13.4211        0.718003 
        5.23079         13.2963        0.712271 
        5.24649         13.2144        0.706605 
        5.26217         13.0825        0.701004 
        5.27788         13.0067        0.695454 
        5.29359         12.8647        0.689964 
        5.30933         12.8126        0.684524 
        5.32504         12.6874        0.679151 
        5.34073         12.5892        0.673841 
        5.35646         12.4844        0.668576 
        5.37218         12.3781        0.663366 
        5.38789         12.2977        0.658219 
        5.40357         12.2282        0.653133 
        5.41929         12.1263        0.648088 
        5.43502         12.0359        0.643095 
         5.4507         11.9313        0.638166 
        5.46639         11.8568        0.633288 
        5.48212         11.7616        0.628448 
        5.49786         11.6753        0.623653 
        5.51353         11.5463        0.618931 
        5.52921         11.4969        0.614253 
        5.54495          11.396        0.609609 
        5.56066         11.3176        0.605017 
        5.57637         11.2549        0.600473 
        5.59207         11.1667        0.595979 
        5.60778         11.0446        0.591528 
        5.62346         10.9931        0.587129 
        5.63916         10.9079         0.58277 
        5.65487         10.8487        0.578452 
         5.6706         10.7467        0.574173 
        5.68633           10.67        0.569934 
        5.70203         10.5855        0.565747 
        5.71773         10.5268        0.561602 
        5.73344         10.4408        0.557496 
        5.74916         10.3737        0.553427 
        5.76486         10.2829        0.549404 
        5.78054         10.2154        0.545426 
        5.79626         10.1225        0.541476 
          5.812           10.05        0.537561 
         5.8277         9.96933        0.533695 
        5.84339         9.90801        0.529867 
        5.85911         9.84703        0.526069 
        5.87484         9.76094        0.522308 
        5.89053         9.68881        0.518592 
        5.90623         9.63571        0.514909 
        5.92195          9.5621        0.511255 
        5.93767         9.47462        0.507638 
        5.95336         9.43915        0.504062 
        5.96905         9.36908        0.500521 
        5.98476         9.29197        0.497009 
        6.00048         9.23953        0.493529 
        6.01617         9.14127        0.490087 
        6.03185         9.10269        0.486681 
        6.04756         9.02631        0.483299 
        6.06331         8.97857        0.479942 
        6.07903         8.89594        0.476623 
        6.09473         8.83721        0.473339 
        6.11044         8.78948        0.470082 
        6.12616         8.70501        0.466856 
        6.14186         8.65925        0.463663 
        6.15755         8.58977        0.460499 
        6.17326         8.53985        0.457363 
        6.18898         8.49412        0.454254 
        6.20467         8.43538        0.451179 
        6.22036         8.36282        0.448132 
         6.2361         8.31501        0.445105 
         6.2518         8.24984        0.442111 
        6.26748         8.19177         0.43915 
        6.28319         8.13928        0.436208 
        6.29893         8.08601         0.43329 
        6.31463         8.01956        0.430404 
        6.33033         7.96865        0.427544 
        6.34604         7.91316        0.424708 
        6.36177         7.85564        0.421895 
        6.37747         7.81126        0.419113 
        6.39316         7.77123        0.416356 
        6.40888         7.70533        0.413619 
         6.4246         7.65807        0.410906 
        6.44031         7.60346        0.408219 
        6.45601         7.56124        0.405558 
        6.47172         7.50659        0.402918 
        6.48744         7.45883          0.4003 
        6.50313         7.41054         0.39771 
        6.51882          7.3695        0.395143 
        6.53452         7.30387        0.392597 
        6.55025         7.25342        0.390068 
        6.56597         7.21641        0.387564 
        6.58166         7.16119        0.385085 
        6.59736         7.11634        0.382626 
        6.61307          7.0652        0.380186 
         6.6288          7.0213        0.377766 
         6.6445         6.97358         0.37537 
         6.6602         6.93496        0.372995 
        6.67592         6.88569        0.370638 
        6.69164         6.85307        0.368301 
        6.70735         6.79956        0.365985 
        6.72304          6.7544        0.363691 
        6.73874         6.70464        0.361416 
        6.75446         6.66843        0.359158 
        6.77016         6.62552        0.356921 
        6.78585         6.57856        0.354704 
        6.80156         6.54476        0.352504 
        6.81729         6.49488        0.350319 
        6.83301         6.45227        0.348153 
         6.8487          6.4141         0.34601 
         6.8644         6.37681        0.343884 
        6.88012         6.33017        0.341773 
        6.89583         6.29059        0.339681 
        6.91151         6.26576        0.337609 
        6.92723         6.21628         0.33555 
        6.94296          6.1727        0.333507 
        6.95866         6.14278        0.331484 
        6.97436         6.09608        0.329478 
        6.99007         6.06055        0.327487 
        7.00578         6.01406        0.325512 
        7.02147         5.98737        0.323556 
        7.03718         5.95275        0.321614 
         7.0529          5.9133        0.319686 
        7.06863         5.87207        0.317772 
        7.08433         5.84251        0.315877 
        7.10004          5.7888        0.313997 
        7.11575         5.76742        0.312133 
        7.13145         5.72831        0.310283 
        7.14715         5.70453        0.308449 
        7.16284         5.66049        0.306631 
        7.17855         5.62716        0.304825 
        7.19428         5.59604        0.303031 
        7.20998         5.56584        0.301254 
        7.22568         5.52595        0.299492 
        7.24139         5.49708        0.297743 
        7.25711         5.45689        0.296007 
        7.27282         5.41943        0.294285 
        7.28852         5.39353        0.292579 
        7.30423         5.36629        0.290883 
        7.31995         5.32596        0.289202 
        7.33565         5.30489        0.287534 
        7.35135          5.2548         0.28588 
        7.36706         5.23154        0.284239 
        7.38277          5.1976        0.282609 
        7.39847         5.17017        0.280992 
        7.41419          5.1433        0.279388 
         7.4299         5.10475        0.277796 
        7.44561         5.07598        0.276216 
        7.46132         5.05252        0.274649 
        7.47701         5.01537        0.273095 
        7.49272         4.99652        0.271552 
        7.50842         4.95942        0.270021 
         7.5241         4.93751        0.268504 
        7.53981         4.89859        0.266996 
        7.55552         4.87382        0.265499 
        7.57125         4.85177        0.264012 
        7.58698         4.81785        0.262536 
        7.60268          4.7944        0.261074 
         7.6184         4.76408        0.259621 
        7.63411         4.73808         0.25818 
        7.64981         4.70859         0.25675 
        7.66552          4.6848        0.255331 
        7.68123         4.64903        0.253922 
        7.69695         4.62741        0.252523 
        7.71264         4.59758        0.251137 
        7.72834         4.57281         0.24976 
        7.74407         4.55438        0.248392 
        7.75978         4.52859        0.247034 
        7.77546         4.49721        0.245689 
        7.79116          4.4714        0.244353 
         7.8069         4.44633        0.243024 
         7.8226         4.42306        0.241706 
        7.83828           4.394        0.240401 
        7.85399         4.38141        0.239103 
        7.86972          4.3504        0.237812 
        7.88543         4.32289        0.236533 
        7.90111         4.29712        0.235266 
        7.91681         4.27463        0.234005 
        7.93255         4.25495        0.232752 
        7.94828         4.22308        0.231508 
        7.96397         4.19945        0.230275 
        7.97967          4.1811        0.229051 
        7.99538         4.16016        0.227835 
         8.0111         4.14197        0.226628 
         8.0268         4.11734         0.22543 
        8.04248         4.09324        0.224242 
         8.0582         4.06925         0.22306 
        8.07393         4.04782        0.221886 
        8.08963         4.02478        0.220722 
        8.10533         4.00325        0.219566 
        8.12104         3.98078        0.218418 
        8.13675         3.96033        0.217278 
        8.15245         3.94263        0.216147 
        8.16815         3.91125        0.215024 
        8.18387         3.89929        0.213907 
        8.19959         3.87537        0.212798 
         8.2153          3.8572        0.211698 
        8.23101         3.83719        0.210605 
        8.24672          3.8177         0.20952 
        8.26241         3.79516        0.208444 
         8.2781          3.7784        0.207375 
        8.29381          3.7541        0.206313 
        8.30952         3.73553        0.205258 
        8.32524         3.72103        0.204209 
        8.34095           3.698        0.203168 
        8.35666         3.67712        0.202135 
        8.37237         3.66251        0.201109 
        8.38808         3.64112        0.200089 
        8.40379         3.62145        0.199077 
         8.4195         3.60221        0.198072 
         8.4352         3.58834        0.197074 
        8.45091          3.5695        0.196083 
        8.46662         3.54889        0.195098 
        8.48232         3.52946         0.19412 
        8.49802         3.50861        0.193149 
        8.51374          3.4939        0.192184 
        8.52945          3.4746        0.191225 
        8.54515         3.45997        0.190274 
        8.56086         3.44013        0.189328 
        8.57658         3.42462        0.188389 
        8.59228         3.40793        0.187457 
        8.60799         3.38925         0.18653 
        8.62371         3.37373        0.185609 
        8.63942         3.35487        0.184695 
        8.65512         3.33961        0.183787 
        8.67082         3.32065        0.182886 
        8.68653         3.30822        0.181989 
        8.70224         3.29018        0.181099 
        8.71795         3.27252        0.180215 
        8.73365         3.25843        0.179337 
        8.74936         3.24361        0.178465 
        8.76506         3.22461        0.177598 
        8.78076         3.21608        0.176738 
        8.79646         3.19199        0.175883 
        8.81218         3.17854        0.175033 
        8.82791         3.16414        0.174187 
         8.8436         3.14725        0.173349 
         8.8593         3.13346        0.172517 
        8.87503         3.11919        0.171687 
        8.89076         3.10396        0.170864 
        8.90644         3.08998        0.170048 
        8.92214         3.07183        0.169237 
        8.93786           3.061         0.16843 
        8.95357         3.04626        0.167628 
        8.96928         3.02755        0.166832 
        8.98498         3.01417        0.166042 
        9.00069         3.00036        0.165256 
        9.01639         2.98837        0.164475 
        9.03208         2.97507          0.1637 
        9.04778          2.9606        0.162929 
        9.06351         2.94799        0.162162 
        9.07923         2.93266        0.161401 
        9.09493         2.91601        0.160644 
        9.11062          2.9054        0.159894 
        9.12635         2.89361        0.159146 
        9.14207         2.87757        0.158404 
        9.15777         2.86435        0.157667 
        9.17346         2.85303        0.156935 
        9.18917         2.83714        0.156206 
         9.2049         2.82707        0.155482 
        9.22061         2.81402        0.154763 
        9.23631         2.80301        0.154049 
        9.25201         2.78907        0.153339 
        9.26773         2.77472        0.152633 
        9.28343         2.76322        0.151932 
        9.29913         2.75405        0.151236 
        9.31484          2.7381        0.150543 
        9.33057         2.72633        0.149854 
        9.34627         2.71594         0.14917 
        9.36197         2.70459        0.148491 
        9.37768         2.69358        0.147815 
        9.39338         2.67855        0.147144 
        9.40909         2.67209        0.146477 
        9.42479         2.65746        0.145814 
         9.4405         2.64446        0.145155 
        9.45621         2.63476          0.1445 
        9.47193         2.62376        0.143849 
        9.48763         2.60913        0.143203 
        9.50334         2.59738         0.14256 
        9.51906         2.59068         0.14192 
        9.53476         2.58062        0.141286 
        9.55045         2.56691        0.140655 
        9.56616         2.55681        0.140027 
        9.58188          2.5469        0.139403 
        9.59759         2.53504        0.138783 
         9.6133         2.52351        0.138166 
        9.62901         2.51364        0.137553 
        9.64471         2.50441        0.136944 
        9.66041         2.49467        0.136338 
        9.67612         2.48384        0.135735 
        9.69184         2.47247        0.135135 
        9.70754         2.46398         0.13454 
        9.72324         2.45473        0.133949 
        9.73895         2.44163        0.133361 
        9.75467         2.43378        0.132777 
        9.77038         2.42419        0.132197 
        9.78607         2.41423        0.131621 
        9.80177          2.4028        0.131049 
        9.81749         2.39493        0.130481 
         9.8332         2.38399        0.129917 
         9.8489         2.37452        0.129357 
        9.86463         2.36701          0.1288 
        9.88035         2.35644        0.128246 
        9.89606         2.34845        0.127696 
        9.91175         2.33901        0.127148 
        9.92745         2.32852        0.126602 
        9.94317         2.32107        0.126057 
        9.95888         2.31076        0.125514 
        9.97458         2.30276        0.124972 
        9.99029         2.29332         0.12443 
         10.006         2.28384        0.124095 
        10.0217         2.27785        0.124095 
        10.0374         2.26922        0.124095 
        10.0531         2.25972        0.124095 
        10.0688         2.25471        0.124095 
        10.0845         2.24365        0.124095 
        10.1002         2.23454        0.124095 
        10.1159         2.22509        0.124095 
        10.1317         2.21822        0.124095 
        10.1474         2.21144        0.124095 
        10.1631         2.20239        0.124095 
        10.1788         2.19435        0.124095 
        10.1945         2.18809        0.124095 
        10.2102         2.17758        0.124095 
        10.2259         2.16796        0.124095 
        10.2416         2.16598        0.124095 
        10.2573         2.15187        0.124095 
         10.273         2.14768        0.124095 
        10.2887         2.13869        0.124095 
        10.3044         2.13341        0.124095 
        10.3201         2.12679        0.124095 
        10.3359         2.11891        0.124095 
        10.3516         2.11294        0.124095 
        10.3673         2.10466        0.124095 
         10.383         2.09864        0.124095 
        10.3987         2.08942        0.124095 
        10.4144         2.08278        0.124095 
        10.4301         2.07716        0.124095 
        10.4458         2.06956        0.124095 
        10.4615         2.06375        0.124095 
        10.4772         2.05629        0.124095 
        10.4929         2.05051        0.124095 
        10.5086         2.04383        0.124095 
        10.5244         2.03842        0.124095 
        10.5401         2.03065        0.124095 
        10.5558         2.02367        0.124095 
        10.5715         2.01712        0.124095 
        10.5872         2.00989        0.124095 
        10.6029         2.00529        0.124095 
        10.6186         1.99941        0.124095 
        10.6343         1.99241        0.124095 
          10.65         1.98925        0.124095 
        10.6657         1.98364        0.124095 
        10.6814         1.97578        0.124095 
        10.6971         1.96837        0.124095 
        10.7129         1.96495        0.124095 
        10.7286         1.95882        0.124095 
        10.7443         1.95297        0.124095 
          10.76         1.94678        0.124095 
        10.7757         1.94207        0.124095 
        10.7914         1.93818        0.124095 
        10.8071         1.92993        0.124095 
        10.8228         1.92545        0.124095 
        10.8385         1.92023        0.124095 
        10.8542         1.91458        0.124095 
        10.8699         1.90995        0.124095 
        10.8856         1.90455        0.124095 
        10.9014         1.89932        0.124095 
        10.9171         1.89368        0.124095 
        10.9328         1.88779        0.124095 
        10.9485         1.88446        0.124095 
        10.9642         1.87749        0.124095 
        10.9799         1.87549        0.124095 
        10.9956         1.87079        0.124095 
        11.0113         1.86771        0.124095 
         11.027         1.86299        0.124095 
        11.0427         1.85772        0.124095 
        11.0584         1.85268        0.124095 
        11.0741         1.84824        0.124095 
        11.0898         1.84605        0.124095 
        11.1055         1.83975        0.124095 
        11.1212         1.83551        0.124095 
         11.137         1.83106        0.124095 
        11.1527         1.82645        0.124095 
        11.1684         1.82153        0.124095 
        11.1841         1.82082        0.124095 
        11.1998         1.81626        0.124095 
        11.2155         1.81222        0.124095 
        11.2312         1.80811        0.124095 
        11.2469         1.80342        0.124095 
        11.2626         1.80156        0.124095 
        11.2783         1.79609        0.124095 
         11.294          1.7941        0.124095 
        11.3097         1.78854        0.124095 
        11.3254         1.78616        0.124095 
        11.3412         1.78337        0.124095 
        11.3569          1.7807        0.124095 
        11.3726         1.77819        0.124095 
        11.3883         1.77332        0.124095 
         11.404         1.77223        0.124095 
        11.4197         1.76673        0.124095 
        11.4354         1.76585        0.124095 
        11.4511         1.76176        0.124095 
        11.4668          1.7587        0.124095 
        11.4825          1.7552        0.124095 
        11.4982         1.75452        0.124095 
         11.514         1.75283        0.124095 
        11.5297         1.74843        0.124095 
        11.5454         1.74525        0.124095 
        11.5611         1.74453        0.124095 
        11.5768         1.74275        0.124095 
        11.5925         1.74116        0.124095 
        11.6082         1.73725        0.124095 
        11.6239         1.73333        0.124095 
        11.6396         1.73153        0.124095 
        11.6553         1.73165        0.124095 
         11.671         1.72768        0.124095 
        11.6867         1.72611        0.124095 
        11.7024         1.72594        0.124095 
        11.7182         1.72406        0.124095 
        11.7339         1.72036        0.124095 
        11.7496         1.72079        0.124095 
        11.7653         1.71757        0.124095 
         11.781         1.71668        0.124095 
        11.7967         1.71517        0.124095 
        11.8124         1.71375        0.124095 
        11.8281         1.71265        0.124095 
        11.8438         1.71311        0.124095 
        11.8595         1.70934        0.124095 
        11.8752         1.70834        0.124095 
         11.891         1.70885        0.124095 
        11.9067         1.70675        0.124095 
        11.9224          1.7056        0.124095 
        11.9381         1.70437        0.124095 
        11.9538         1.70504        0.124095 
        11.9695         1.70316        0.124095 
        11.9852         1.70228        0.124095 
        12.0009         1.70281        0.124095 
        12.0166         1.70266        0.124095 
        12.0323         1.70113        0.124095 
         12.048         1.70006        0.124095 
        12.0637         1.69994        0.124095 
