# k  (h/Mpc)    Pcb(k)  (Mpc/h)^3    Pcb_linear(k) (Mpc/h)^3   ShotnoiseSubtracted = true
      0.0200456         13922.1         14227.6 
      0.0350414           10426         10831.8 
      0.0492313         7942.61            8069 
      0.0637834          6885.9         6778.37 
      0.0800726         5519.13          5469.7 
       0.096163         3910.27         4045.09 
       0.111083         3132.88         3245.87 
       0.126058         2896.46          2880.5 
       0.142273         2519.32         2467.09 
       0.158546         2162.94         1972.14 
        0.17375         1736.37         1664.68 
       0.188953         1686.86         1507.01 
       0.204907          1593.8         1343.15 
       0.220756          1372.8          1146.5 
        0.23588         1215.44         998.808 
         0.2514         1060.62         907.024 
       0.267535          1050.1         824.644 
       0.283568          954.94         731.806 
       0.299022         896.348         653.275 
       0.314451         851.827          597.15 
       0.330372         785.651         549.357 
       0.346141         728.181         500.824 
       0.361624         699.443          456.23 
       0.377134         650.795         420.077 
       0.392932         626.355         389.393 
       0.408854         604.775         360.044 
       0.424564         569.901         332.582 
       0.440253         557.206         308.689 
       0.455999         527.536         288.002 
       0.471626         498.298         269.145 
        0.48727         483.492         251.402 
       0.502856         469.487         235.323 
       0.518488         464.517         220.963 
       0.534347         434.549         207.665 
       0.550082         415.124         195.397 
       0.565732         414.633         184.108 
       0.581496         390.825         173.741 
       0.597222         384.671          164.24 
       0.612804          372.91         155.502 
       0.628434           359.4          147.34 
       0.644267         349.213         139.686 
       0.660051         341.299         132.628 
       0.675724         337.107         126.106 
       0.691403         326.821         120.019 
       0.707174          314.92         114.301 
       0.722871         311.436          108.98 
        0.73838         306.702         104.057 
       0.754018         297.773          99.402 
       0.769845         288.179         94.9822 
        0.78569          287.94         90.8285 
       0.801365          278.37         86.9657 
       0.817031         270.135          83.332 
       0.832809         267.259         79.8847 
       0.848511         260.473         76.6497 
       0.864097          256.78         73.6178 
       0.879701         252.519         70.7485 
       0.895507         246.485         67.9996 
       0.911279         238.965         65.4039 
        0.92691         238.508         62.9663 
       0.942635         233.112         60.6407 
       0.958396         230.645         58.4287 
       0.974128         225.663         56.3319 
       0.989692         220.565         54.3597 
        1.00528         217.805         52.4799 
        1.02113         216.087         50.6602 
        1.03692         210.072         48.9342 
        1.05264         206.074         47.2973 
        1.06832         202.661         45.7384 
        1.08405         198.985         44.2463 
        1.09979          197.49         42.8204 
        1.11537          192.32          41.472 
        1.13105         189.495          40.174 
        1.14679         189.457         38.9271 
        1.16256         185.694         37.7311 
        1.17828          181.72         36.5897 
        1.19395         179.374         35.4998 
         1.2097         178.244          34.449 
        1.22537         174.252         33.4462 
          1.241         172.497         32.4867 
        1.25666         169.119         31.5627 
        1.27241         166.498         30.6706 
        1.28819         164.641         29.8117 
        1.30392         162.291         28.9885 
        1.31957         161.069         28.2002 
        1.33529           156.8         27.4386 
        1.35108         155.576         26.7024 
        1.36674         154.323         25.9986 
         1.3824         151.024          25.321 
        1.39811         151.038         24.6655 
        1.41389         147.581         24.0308 
        1.42964          144.67         23.4197 
        1.44531         142.427          22.833 
        1.46101         141.182         22.2653 
        1.47667         138.733         21.7187 
        1.49229         137.153          21.192 
        1.50793         136.113         20.6824 
        1.52367         134.405         20.1863 
        1.53953         131.672         19.7033 
        1.55526         130.039           19.24 
        1.57092         128.495         18.7937 
        1.58662         126.413         18.3605 
        1.60235         125.564         17.9403 
        1.61809         123.417         17.5331 
        1.63369         122.038         17.1422 
        1.64941         120.657         16.7605 
        1.66519         118.577         16.3891 
        1.68085         117.741         16.0317 
        1.69652         114.681         15.6849 
        1.71228         114.951         15.3465 
        1.72806         113.171         15.0178 
        1.74368         111.883         14.7022 
        1.75933         110.234          14.395 
        1.77505         108.792         14.0952 
        1.79081         107.592         13.8035 
         1.8065          106.15         13.5213 
        1.82218         104.214         13.2474 
        1.83797          102.95         12.9791 
        1.85367         101.829         12.7199 
        1.86928         101.019         12.4693 
        1.88497         98.8423         12.2241 
        1.90073         98.5727         11.9847 
        1.91647          96.809         11.7519 
        1.93218         95.8218         11.5258 
        1.94787         94.8747         11.3061 
        1.96363         93.4085         11.0912 
        1.97935         92.0487         10.8824 
        1.99499         91.2214         10.6802 
        2.01064         90.1764         10.4829 
         2.0264          88.657         10.2893 
        2.04216         87.7589         10.1007 
        2.05781         86.7393         9.91813 
        2.07353         85.2175          9.7394 
        2.08928         84.2608         9.56471 
        2.10499          83.224          9.3948 
        2.12065         82.8541         9.22955 
        2.13633         81.6503         9.06815 
        2.15211         80.5372         8.90958 
        2.16785         79.3944         8.75527 
        2.18349         78.3971         8.60561 
        2.19916         77.7415         8.45914 
        2.21489         76.6648         8.31562 
        2.23063         75.7513         8.17535 
         2.2463         75.0106         8.03896 
        2.26194         74.5168         7.90604 
        2.27765         73.2014         7.77545 
        2.29341         72.2787         7.64749 
        2.30914         71.2436         7.52269 
        2.32486         70.5013         7.40076 
        2.34061         69.7221         7.28134 
        2.35635         69.0832         7.16468 
        2.37203         67.8174         7.05099 
        2.38768         67.3225         6.94001 
        2.40339         66.4225         6.83103 
        2.41914         65.7489         6.72415 
        2.43483         65.4665         6.61994 
         2.4505           64.28         6.51813 
        2.46622         63.6177         6.41812 
        2.48195         62.7995         6.32021 
        2.49759          61.905         6.22488 
        2.51328         61.4351         6.13127 
        2.52906         60.8661         6.03901 
        2.54479         60.0922         5.94899 
        2.56049         59.2186           5.861 
        2.57618         58.7307         5.77487 
        2.59189         57.9861         5.69035 
        2.60758         57.5073         5.60766 
        2.62325         56.8507         5.52672 
        2.63898         56.1956          5.4471 
        2.65468         55.7094         5.36923 
        2.67044         54.9006         5.29255 
        2.68618         54.6167         5.21755 
        2.70184         53.7195         5.14432 
        2.71755          53.574         5.07231 
        2.73329         52.4324         5.00157 
        2.74897           51.97         4.93243 
        2.76462         51.5389         4.86474 
        2.78034         51.0138         4.79806 
        2.79607         50.2019         4.73256 
        2.81179         49.7784         4.66836 
        2.82749          49.119         4.60543 
        2.84321         48.7849         4.54359 
        2.85893         48.1244         4.48292 
        2.87462         47.5044         4.42346 
        2.89033         47.1286         4.36503 
        2.90605          46.498          4.3076 
        2.92176         46.1083         4.25125 
        2.93747         45.5954         4.19593 
        2.95318         45.0441          4.1416 
        2.96891           44.36          4.0882 
        2.98456         44.3019         4.03599 
        3.00023          43.682         3.98461 
        3.01596         43.3601         3.93397 
        3.03164         42.6519         3.88437 
        3.04738         42.4503         3.83547 
         3.0631         41.8849         3.78744 
        3.07883         41.4891         3.74023 
        3.09456           41.09         3.69384 
        3.11026         40.4873          3.6483 
        3.12596         40.2553         3.60355 
        3.14163         39.7212         3.55965 
        3.15734         39.1082         3.51638 
        3.17308         39.0555         3.47373 
        3.18879         38.6766         3.43191 
        3.20447         38.0836         3.39084 
         3.2202         37.6781         3.35031 
         3.2359         37.3474         3.31053 
        3.25157         36.8748         3.27148 
        3.26729         36.6379         3.23295 
        3.28304         36.1552         3.19497 
        3.29877           35.87         3.15765 
        3.31446          35.556         3.12101 
        3.33014         35.1897         3.08499 
        3.34585         34.7896         3.04948 
        3.36158         34.4897         3.01448 
        3.37727         34.1079         2.98014 
        3.39294         33.7901         2.94637 
        3.40867         33.4099         2.91301 
        3.42439         33.0837         2.88018 
        3.44008         32.9981         2.84792 
        3.45578         32.3947         2.81613 
        3.47153         32.1511         2.78476 
        3.48724         31.8413         2.75393 
        3.50292         31.5601         2.72363 
        3.51859         31.2145         2.69381 
        3.53431         30.9769         2.66435 
        3.55007         30.6813         2.63525 
        3.56577         30.3821         2.60671 
        3.58146         30.0937          2.5786 
        3.59719         29.7739         2.55084 
        3.61292         29.5411          2.5235 
        3.62859         29.1886         2.49667 
        3.64429         28.8346         2.47018 
        3.66003         28.6326         2.44399 
        3.67578         28.3753         2.41819 
        3.69146          28.172         2.39287 
        3.70712         27.8523         2.36795 
        3.72284           27.65          2.3433 
        3.73853         27.3733         2.31904 
        3.75422         27.0955         2.29512 
        3.76993         26.9202         2.27152 
        3.78564         26.6819         2.24826 
        3.80137         26.4236         2.22528 
        3.81707         26.1422         2.20268 
        3.83279         25.9631         2.18038 
        3.84853         25.6224         2.15835 
        3.86424         25.3728         2.13667 
        3.87992         25.1539         2.11531 
        3.89561         24.9043         2.09425 
        3.91134          24.743         2.07344 
        3.92704         24.5156         2.05293 
        3.94273         24.2503         2.03273 
        3.95845         24.0193         2.01275 
        3.97418         23.8715         1.99305 
        3.98988         23.5549         1.97363 
        4.00554         23.4084         1.95453 
        4.02125         23.2567         1.93562 
        4.03698         22.9459         1.91694 
        4.05268         22.8059         1.89855 
        4.06839         22.5499         1.88038 
         4.0841         22.4007         1.86247 
        4.09983         22.2145         1.84475 
        4.11555         22.0067         1.82728 
        4.13124         21.7438         1.81008 
        4.14693         21.5541         1.79309 
        4.16266         21.3777         1.77628 
        4.17839          21.192          1.7597 
        4.19408         20.9799         1.74337 
        4.20977         20.8655         1.72723 
        4.22551         20.6214         1.71127 
        4.24123         20.4611         1.69552 
        4.25691         20.2983         1.68001 
        4.27259         20.1303          1.6647 
        4.28831         19.9649         1.64954 
        4.30404         19.7518         1.63456 
        4.31974         19.6257          1.6198 
        4.33543         19.4498         1.60523 
        4.35116         19.3366          1.5908 
        4.36688         19.1278         1.57656 
        4.38255         18.9885         1.56255 
        4.39825         18.8346         1.54868 
        4.41398         18.6343         1.53494 
         4.4297         18.4776         1.52139 
        4.44541         18.3581         1.50801 
        4.46111         18.1638          1.4948 
        4.47683         18.0391         1.48173 
        4.49251          17.894         1.46886 
        4.50819         17.7062         1.45613 
         4.5239         17.5941         1.44354 
        4.53962         17.4282         1.43109 
        4.55535         17.3116         1.41877 
        4.57106         17.1327         1.40662 
        4.58678         17.0262         1.39461 
         4.6025          16.874         1.38274 
        4.61821         16.7346         1.37101 
        4.63391         16.6109         1.35942 
         4.6496         16.4546         1.34798 
        4.66532         16.3118         1.33666 
        4.68103         16.1693         1.32546 
        4.69673         16.0984         1.31441 
        4.71241         15.9632          1.3035 
        4.72811         15.7814         1.29269 
        4.74384         15.6875         1.28199 
        4.75955         15.5575         1.27143 
        4.77525         15.4409         1.26099 
        4.79096         15.2955         1.25066 
        4.80669         15.2244         1.24044 
         4.8224         15.0442         1.23034 
        4.83809          14.915         1.22037 
        4.85379          14.811          1.2105 
         4.8695         14.7515         1.20074 
        4.88521         14.5923         1.19109 
        4.90093         14.5168         1.18154 
        4.91663         14.3893         1.17211 
        4.93234         14.2474         1.16276 
        4.94807         14.1568         1.15352 
        4.96377         14.0203         1.14439 
        4.97943         13.9348         1.13538 
        4.99514         13.8134         1.12645 
        5.01086         13.7196         1.11761 
        5.02654         13.6018         1.10888 
        5.04227          13.484         1.10022 
          5.058         13.4087         1.09165 
        5.07371         13.2996         1.08319 
        5.08942         13.1954         1.07481 
        5.10513         13.0863         1.06653 
        5.12084         13.0006         1.05833 
        5.13656         12.8774         1.05021 
        5.15225          12.779          1.0422 
        5.16796         12.7004         1.03426 
        5.18369         12.5844         1.02639 
         5.1994         12.5221         1.01862 
        5.21509         12.3966         1.01093 
        5.23079         12.3141         1.00332 
        5.24649         12.2143        0.995792 
        5.26217         12.1254        0.988346 
        5.27788         12.0235        0.980966 
        5.29359         11.9598        0.973661 
        5.30933         11.8424        0.966419 
        5.32504         11.7854        0.959264 
        5.34073         11.6978        0.952189 
        5.35646         11.6037        0.945171 
        5.37218         11.5184        0.938223 
        5.38789         11.4421        0.931357 
        5.40357         11.3526        0.924567 
        5.41929         11.2639         0.91783 
        5.43502         11.1915        0.911159 
         5.4507         11.1006        0.904571 
        5.46639         11.0157        0.898048 
        5.48212         10.9507        0.891573 
        5.49786         10.8699        0.885155 
        5.51353         10.7756        0.878833 
        5.52921         10.7069        0.872565 
        5.54495         10.6351        0.866341 
        5.56066         10.5403        0.860184 
        5.57637         10.4634        0.854089 
        5.59207         10.4154        0.848058 
        5.60778         10.3234        0.842083 
        5.62346         10.2699        0.836174 
        5.63916         10.1719        0.830316 
        5.65487         10.1034        0.824512 
         5.6706         10.0507        0.818756 
        5.68633         9.96648        0.813054 
        5.70203         9.88282        0.807417 
        5.71773         9.82756        0.801836 
        5.73344         9.75439        0.796304 
        5.74916         9.67124        0.790819 
        5.76486         9.60663        0.785394 
        5.78054         9.54549        0.780028 
        5.79626         9.48063        0.774698 
          5.812         9.41628        0.769412 
         5.8277         9.33874        0.764191 
        5.84339         9.29128        0.759019 
        5.85911         9.21159        0.753884 
        5.87484         9.14756        0.748799 
        5.89053         9.08195         0.74377 
        5.90623         9.01907        0.738785 
        5.92195          8.9709        0.733838 
        5.93767         8.90359        0.728939 
        5.95336          8.8574        0.724092 
        5.96905         8.78724        0.719292 
        5.98476         8.73915        0.714529 
        6.00048         8.65307        0.709807 
        6.01617         8.61303        0.705135 
        6.03185         8.54674         0.70051 
        6.04756         8.48542        0.695916 
        6.06331         8.44527        0.691353 
        6.07903         8.36923        0.686841 
        6.09473         8.33572        0.682374 
        6.11044         8.25495        0.677942 
        6.12616         8.19992        0.673551 
        6.14186          8.1446        0.669203 
        6.15755         8.08935        0.664893 
        6.17326         8.05732        0.660619 
        6.18898         7.98574         0.65638 
        6.20467         7.94199        0.652186 
        6.22036         7.86944        0.648029 
         6.2361          7.8247        0.643897 
         6.2518         7.78511        0.639809 
        6.26748         7.72292        0.635764 
        6.28319         7.68699        0.631744 
        6.29893         7.62975        0.627755 
        6.31463         7.57882        0.623807 
        6.33033         7.53303        0.619895 
        6.34604         7.49264        0.616014 
        6.36177         7.41868        0.612162 
        6.37747         7.38808         0.60835 
        6.39316         7.33563        0.604573 
        6.40888         7.27868        0.600821 
         6.4246         7.23327        0.597101 
        6.44031         7.18744        0.593415 
        6.45601         7.15027        0.589764 
        6.47172         7.10823        0.586139 
        6.48744         7.05843        0.582544 
        6.50313         7.02203        0.578985 
        6.51882         6.98207        0.575458 
        6.53452          6.9167        0.571956 
        6.55025         6.87031        0.568477 
        6.56597         6.83109        0.565032 
        6.58166         6.77456         0.56162 
        6.59736         6.76768        0.558235 
        6.61307         6.70902        0.554874 
         6.6288          6.6675        0.551539 
         6.6445         6.62583        0.548236 
         6.6602         6.58354        0.544961 
        6.67592         6.55054        0.541709 
        6.69164         6.50491        0.538485 
        6.70735         6.46654        0.535287 
        6.72304         6.42637         0.53212 
        6.73874         6.38745        0.528977 
        6.75446         6.33218        0.525856 
        6.77016         6.30855        0.522764 
        6.78585         6.26734        0.519697 
        6.80156         6.22404        0.516655 
        6.81729         6.18856        0.513631 
        6.83301         6.15937        0.510632 
         6.8487         6.12078        0.507664 
         6.8644         6.07435        0.504718 
        6.88012         6.04475        0.501792 
        6.89583         6.00765        0.498892 
        6.91151         5.96945        0.496019 
        6.92723         5.93182        0.493162 
        6.94296          5.8874        0.490326 
        6.95866         5.85497        0.487517 
        6.97436         5.82147        0.484731 
        6.99007         5.79439        0.481965 
        7.00578         5.75397        0.479221 
        7.02147         5.72235        0.476502 
        7.03718         5.68367        0.473801 
         7.0529         5.65582        0.471118 
        7.06863          5.6246        0.468455 
        7.08433         5.58844        0.465817 
        7.10004         5.55065        0.463199 
        7.11575         5.51453        0.460601 
        7.13145         5.48069        0.458024 
        7.14715         5.45186        0.455467 
        7.16284         5.41675        0.452932 
        7.17855         5.39136        0.450412 
        7.19428         5.35441        0.447908 
        7.20998         5.33166        0.445428 
        7.22568         5.29816        0.442968 
        7.24139         5.26863        0.440524 
        7.25711         5.23934        0.438099 
        7.27282         5.20334        0.435692 
        7.28852         5.17733        0.433306 
        7.30423         5.14428        0.430934 
        7.31995         5.11232        0.428582 
        7.33565         5.08662        0.426248 
        7.35135         5.06387        0.423931 
        7.36706         5.02735        0.421632 
        7.38277         4.99941        0.419348 
        7.39847         4.96224        0.417083 
        7.41419         4.95018        0.414834 
         7.4299         4.91403        0.412601 
        7.44561         4.89946        0.410385 
        7.46132          4.8652        0.408185 
        7.47701         4.83336        0.406005 
        7.49272         4.80354        0.403837 
        7.50842         4.78178        0.401687 
         7.5241         4.75243        0.399555 
        7.53981         4.72616        0.397436 
        7.55552         4.69856        0.395331 
        7.57125         4.67794        0.393239 
        7.58698         4.65009        0.391162 
        7.60268         4.61994        0.389104 
         7.6184         4.59635        0.387059 
        7.63411         4.56554         0.38503 
        7.64981         4.54038        0.383016 
        7.66552         4.52158        0.381016 
        7.68123         4.49636         0.37903 
        7.69695         4.47181        0.377057 
        7.71264         4.44763        0.375102 
        7.72834         4.41685         0.37316 
        7.74407         4.39316        0.371228 
        7.75978         4.37482        0.369311 
        7.77546         4.34803        0.367412 
        7.79116         4.32311        0.365524 
         7.8069         4.30192        0.363646 
         7.8226         4.27566        0.361783 
        7.83828         4.25393        0.359938 
        7.85399         4.23261        0.358102 
        7.86972         4.20779        0.356276 
        7.88543         4.17981        0.354465 
        7.90111         4.15848        0.352671 
        7.91681         4.13611        0.350886 
        7.93255         4.11733         0.34911 
        7.94828         4.10043        0.347347 
        7.96397         4.06932          0.3456 
        7.97967         4.05265        0.343864 
        7.99538         4.03627         0.34214 
         8.0111         4.00824        0.340427 
         8.0268          3.9871        0.338727 
        8.04248         3.96841         0.33704 
         8.0582         3.94904        0.335362 
        8.07393         3.93023        0.333694 
        8.08963         3.90366         0.33204 
        8.10533         3.88203        0.330398 
        8.12104         3.86129        0.328765 
        8.13675          3.8495        0.327144 
        8.15245         3.82715        0.325534 
        8.16815         3.80813        0.323936 
        8.18387         3.78842        0.322347 
        8.19959         3.76981        0.320768 
         8.2153         3.75444          0.3192 
        8.23101         3.72572        0.317644 
        8.24672         3.71267        0.316097 
        8.26241         3.69149        0.314564 
         8.2781         3.67675         0.31304 
        8.29381         3.65632        0.311524 
        8.30952         3.63411        0.310019 
        8.32524         3.61815        0.308522 
        8.34095         3.59539        0.307036 
        8.35666         3.57557        0.305561 
        8.37237         3.56515        0.304095 
        8.38808         3.54669        0.302638 
        8.40379         3.52752        0.301192 
         8.4195         3.50619        0.299755 
         8.4352         3.49253        0.298328 
        8.45091         3.47721         0.29691 
        8.46662         3.45035          0.2955 
        8.48232         3.43777        0.294101 
        8.49802         3.42215        0.292711 
        8.51374         3.40561        0.291328 
        8.52945         3.39294        0.289955 
        8.54515         3.37241        0.288592 
        8.56086         3.35369        0.287236 
        8.57658          3.3385         0.28589 
        8.59228         3.32452        0.284553 
        8.60799         3.30667        0.283223 
        8.62371         3.28885        0.281902 
        8.63942         3.27834         0.28059 
        8.65512         3.25905        0.279287 
        8.67082         3.24344        0.277992 
        8.68653         3.22752        0.276705 
        8.70224         3.21459        0.275425 
        8.71795         3.19796        0.274155 
        8.73365          3.1844        0.272892 
        8.74936         3.16719        0.271638 
        8.76506         3.15474        0.270392 
        8.78076          3.1381        0.269153 
        8.79646         3.11644        0.267923 
        8.81218         3.10969        0.266699 
        8.82791         3.09503        0.265481 
         8.8436         3.07706        0.264274 
         8.8593         3.06114        0.263074 
        8.87503         3.05278        0.261879 
        8.89076         3.03536        0.260692 
        8.90644         3.02058        0.259516 
        8.92214         3.00635        0.258346 
        8.93786         2.99263        0.257181 
        8.95357         2.97963        0.256024 
        8.96928         2.96808        0.254875 
        8.98498         2.95215        0.253733 
        9.00069         2.93934        0.252598 
        9.01639         2.92416         0.25147 
        9.03208         2.91309         0.25035 
        9.04778         2.89614        0.249236 
        9.06351         2.88999        0.248127 
        9.07923         2.87788        0.247025 
        9.09493         2.86291        0.245932 
        9.11062         2.84863        0.244845 
        9.12635         2.83095        0.243763 
        9.14207         2.82171        0.242688 
        9.15777         2.80789        0.241621 
        9.17346         2.79912        0.240561 
        9.18917         2.78468        0.239505 
         9.2049         2.77385        0.238456 
        9.22061         2.76017        0.237413 
        9.23631         2.74901        0.236377 
        9.25201         2.73527        0.235348 
        9.26773         2.72398        0.234324 
        9.28343         2.70934        0.233307 
        9.29913         2.70014        0.232295 
        9.31484         2.68888         0.23129 
        9.33057         2.67684        0.230289 
        9.34627         2.66473        0.229296 
        9.36197         2.65299        0.228309 
        9.37768         2.64244        0.227326 
        9.39338          2.6317        0.226351 
        9.40909         2.62235        0.225381 
        9.42479         2.61023        0.224417 
         9.4405         2.59527        0.223458 
        9.45621          2.5872        0.222504 
        9.47193          2.5768        0.221557 
        9.48763         2.56654        0.220615 
        9.50334         2.55544        0.219679 
        9.51906         2.54483        0.218748 
        9.53476         2.53107        0.217823 
        9.55045          2.5233        0.216903 
        9.56616         2.51321        0.215989 
        9.58188         2.50414        0.215078 
        9.59759         2.49319        0.214173 
         9.6133         2.48456        0.213274 
        9.62901         2.47334        0.212379 
        9.64471         2.46498        0.211489 
        9.66041         2.45369        0.210605 
        9.67612         2.44484        0.209724 
        9.69184         2.43653        0.208849 
        9.70754         2.42663        0.207979 
        9.72324         2.41291        0.207115 
        9.73895         2.40782        0.206255 
        9.75467         2.39611        0.205401 
        9.77038         2.38815        0.204553 
        9.78607          2.3788        0.203711 
        9.80177          2.3679        0.202874 
        9.81749         2.35887        0.202042 
         9.8332         2.34999        0.201216 
         9.8489         2.34315        0.200396 
        9.86463         2.33094         0.19958 
        9.88035         2.32143        0.198768 
        9.89606         2.31724        0.197961 
        9.91175           2.306        0.197158 
        9.92745         2.29895        0.196358 
        9.94317         2.28816        0.195559 
        9.95888         2.28015        0.194762 
        9.97458         2.27258        0.193967 
        9.99029         2.26373        0.193172 
         10.006         2.25824        0.192681 
        10.0217         2.24672        0.192681 
        10.0374         2.24011        0.192681 
        10.0531         2.23081        0.192681 
        10.0688         2.22157        0.192681 
        10.0845         2.21356        0.192681 
        10.1002         2.20753        0.192681 
        10.1159         2.19802        0.192681 
        10.1317         2.18971        0.192681 
        10.1474         2.18397        0.192681 
        10.1631          2.1765        0.192681 
        10.1788         2.16787        0.192681 
        10.1945         2.16301        0.192681 
        10.2102          2.1547        0.192681 
        10.2259         2.14605        0.192681 
        10.2416         2.13764        0.192681 
        10.2573          2.1322        0.192681 
         10.273         2.12559        0.192681 
        10.2887         2.11912        0.192681 
        10.3044         2.11221        0.192681 
        10.3201         2.10404        0.192681 
        10.3359         2.09546        0.192681 
        10.3516         2.09014        0.192681 
        10.3673         2.08399        0.192681 
         10.383         2.07401        0.192681 
        10.3987         2.06735        0.192681 
        10.4144         2.06371        0.192681 
        10.4301         2.05654        0.192681 
        10.4458         2.04853        0.192681 
        10.4615          2.0439        0.192681 
        10.4772         2.03792        0.192681 
        10.4929          2.0304        0.192681 
        10.5086         2.02347        0.192681 
        10.5244         2.01896        0.192681 
        10.5401         2.01064        0.192681 
        10.5558         2.00808        0.192681 
        10.5715         1.99959        0.192681 
        10.5872         1.99322        0.192681 
        10.6029         1.98928        0.192681 
        10.6186         1.98124        0.192681 
        10.6343         1.97729        0.192681 
          10.65         1.97067        0.192681 
        10.6657         1.96529        0.192681 
        10.6814         1.95899        0.192681 
        10.6971         1.95455        0.192681 
        10.7129         1.94837        0.192681 
        10.7286         1.94234        0.192681 
        10.7443         1.93589        0.192681 
          10.76         1.93273        0.192681 
        10.7757         1.92742        0.192681 
        10.7914         1.92364        0.192681 
        10.8071         1.91608        0.192681 
        10.8228         1.91099        0.192681 
        10.8385         1.90427        0.192681 
        10.8542         1.90228        0.192681 
        10.8699         1.89727        0.192681 
        10.8856         1.89159        0.192681 
        10.9014         1.88643        0.192681 
        10.9171          1.8839        0.192681 
        10.9328         1.87813        0.192681 
        10.9485         1.87389        0.192681 
        10.9642         1.86827        0.192681 
        10.9799         1.86304        0.192681 
        10.9956         1.85846        0.192681 
        11.0113         1.85671        0.192681 
         11.027         1.85062        0.192681 
        11.0427         1.84582        0.192681 
        11.0584         1.84182        0.192681 
        11.0741         1.83797        0.192681 
        11.0898         1.83191        0.192681 
        11.1055         1.82943        0.192681 
        11.1212         1.82585        0.192681 
         11.137         1.82094        0.192681 
        11.1527         1.81869        0.192681 
        11.1684         1.81575        0.192681 
        11.1841         1.81077        0.192681 
        11.1998          1.8062        0.192681 
        11.2155          1.8044        0.192681 
        11.2312         1.80032        0.192681 
        11.2469         1.79665        0.192681 
        11.2626         1.79226        0.192681 
        11.2783         1.78887        0.192681 
         11.294         1.78356        0.192681 
        11.3097         1.78403        0.192681 
        11.3254         1.77855        0.192681 
        11.3412          1.7766        0.192681 
        11.3569         1.77505        0.192681 
        11.3726         1.77074        0.192681 
        11.3883         1.76718        0.192681 
         11.404         1.76404        0.192681 
        11.4197         1.76122        0.192681 
        11.4354         1.75846        0.192681 
        11.4511         1.75578        0.192681 
        11.4668         1.75445        0.192681 
        11.4825         1.74976        0.192681 
        11.4982         1.74873        0.192681 
         11.514         1.74467        0.192681 
        11.5297         1.74298        0.192681 
        11.5454         1.74075        0.192681 
        11.5611         1.73869        0.192681 
        11.5768         1.73572        0.192681 
        11.5925         1.73322        0.192681 
        11.6082         1.73025        0.192681 
        11.6239         1.72811        0.192681 
        11.6396         1.72715        0.192681 
        11.6553         1.72533        0.192681 
         11.671         1.72298        0.192681 
        11.6867         1.72174        0.192681 
        11.7024         1.71968        0.192681 
        11.7182          1.7178        0.192681 
        11.7339         1.71599        0.192681 
        11.7496         1.71537        0.192681 
        11.7653         1.71301        0.192681 
         11.781          1.7134        0.192681 
        11.7967         1.71027        0.192681 
        11.8124          1.7089        0.192681 
        11.8281         1.70731        0.192681 
        11.8438         1.70741        0.192681 
        11.8595         1.70527        0.192681 
        11.8752          1.7051        0.192681 
         11.891         1.70312        0.192681 
        11.9067         1.70155        0.192681 
        11.9224         1.70312        0.192681 
        11.9381         1.70185        0.192681 
        11.9538         1.69812        0.192681 
        11.9695         1.69826        0.192681 
        11.9852         1.70006        0.192681 
        12.0009         1.69895        0.192681 
        12.0166         1.69785        0.192681 
        12.0323         1.69878        0.192681 
         12.048         1.69751        0.192681 
        12.0637         1.69765        0.192681 
