# k  (h/Mpc)    Pcb(k)  (Mpc/h)^3    Pcb_linear(k) (Mpc/h)^3   ShotnoiseSubtracted = true
      0.0200456         18028.6         18295.6 
      0.0350414         12609.3         12163.5 
      0.0492313         8589.53         8697.48 
      0.0637834         6865.95          7163.4 
      0.0800726         5097.99          5313.6 
       0.096163         3966.53         3745.67 
       0.111083         3307.76         3108.15 
       0.126058         2724.26         2728.85 
       0.142273         2263.76         2152.44 
       0.158546         1847.92         1692.77 
        0.17375         1661.95          1495.9 
       0.188953         1547.33         1334.09 
       0.204907          1294.8         1114.58 
       0.220756         1162.47          943.03 
        0.23588         1043.02         850.591 
         0.2514          931.46         766.132 
       0.267535         895.221         666.296 
       0.283568         785.125         586.324 
       0.299022         748.732         533.596 
       0.314451         769.133         485.871 
       0.330372         660.481         435.445 
       0.346141         607.994         393.356 
       0.361624         581.146         361.136 
       0.377134         550.362         332.014 
       0.392932         526.567         303.416 
       0.408854         502.705         278.212 
       0.424564         487.744         257.306 
       0.440253         443.973         238.425 
       0.455999         424.078         220.732 
       0.471626         429.736         204.971 
        0.48727         403.948         191.087 
       0.502856          377.77         178.511 
       0.518488         373.557         166.836 
       0.534347         351.518         156.055 
       0.550082         336.349         146.394 
       0.565732         333.681           137.6 
       0.581496          321.86         129.412 
       0.597222         312.412         121.898 
       0.612804         303.663         115.071 
       0.628434         292.095         108.745 
       0.644267         280.354         102.815 
       0.660051         276.746         97.3408 
       0.675724         270.471         92.2982 
       0.691403         264.817         87.6101 
       0.707174         254.133         83.2221 
       0.722871         249.792         79.1524 
        0.73838         246.569         75.3982 
       0.754018         236.765         71.8588 
       0.769845         236.158         68.5076 
        0.78569         228.952         65.3663 
       0.801365         221.993         62.4521 
       0.817031         220.048          59.717 
       0.832809         215.037         57.1278 
       0.848511         209.653         54.7033 
       0.864097         203.742         52.4357 
       0.879701         203.086         50.2941 
       0.895507         197.885         48.2467 
       0.911279         192.938         46.3172 
        0.92691         189.846          44.509 
       0.942635         188.278         42.7872 
       0.958396         183.427         41.1527 
       0.974128         180.863         39.6065 
       0.989692          174.18         38.1548 
        1.00528         173.925         36.7737 
        1.02113         171.043         35.4393 
        1.03692         167.031          34.176 
        1.05264         163.863           32.98 
        1.06832         163.368          31.843 
        1.08405         158.842         30.7566 
        1.09979          157.38         29.7202 
        1.11537         154.891         28.7417 
        1.13105         151.869         27.8014 
        1.14679         150.429         26.8994 
        1.16256         147.256         26.0357 
        1.17828         145.813         25.2127 
        1.19395         142.117         24.4279 
         1.2097         141.224         23.6726 
        1.22537         140.117         22.9527 
          1.241          136.05         22.2649 
        1.25666         135.056         21.6035 
        1.27241         131.932         20.9658 
        1.28819         130.585         20.3527 
        1.30392         128.978         19.7659 
        1.31957         125.833         19.2048 
        1.33529         124.035         18.6633 
        1.35108         122.876         18.1406 
        1.36674         120.492         17.6415 
         1.3824         119.651         17.1617 
        1.39811         117.546          16.698 
        1.41389           115.3         16.2497 
        1.42964         113.718         15.8185 
        1.44531         112.826         15.4051 
        1.46101         110.333         15.0055 
        1.47667         110.026         14.6213 
        1.49229         108.446         14.2514 
        1.50793         106.292          13.894 
        1.52367          104.85         13.5464 
        1.53953         103.132         13.2084 
        1.55526         102.475         12.8846 
        1.57092         101.347          12.573 
        1.58662         99.4837         12.2709 
        1.60235          98.118         11.9781 
        1.61809         97.0219         11.6947 
        1.63369          95.317         11.4229 
        1.64941         95.0815         11.1578 
        1.66519         93.5175         10.9002 
        1.68085         91.5935         10.6525 
        1.69652         90.8779         10.4124 
        1.71228         89.6078         10.1783 
        1.72806         88.9857         9.95118 
        1.74368         87.3271         9.73326 
        1.75933         86.6037         9.52141 
        1.77505         85.3641         9.31485 
        1.79081         84.0808         9.11405 
         1.8065         82.5742         8.91999 
        1.82218         81.8732         8.73174 
        1.83797         81.4931         8.54762 
        1.85367         79.8493          8.3698 
        1.86928         79.4709         8.19809 
        1.88497         78.0128         8.03025 
        1.90073         77.3581         7.86647 
        1.91647         76.0771         7.70739 
        1.93218         75.2563         7.55303 
        1.94787         73.9619          7.4031 
        1.96363         73.3907         7.25664 
        1.97935         72.7694         7.11443 
        1.99499         72.0311         6.97682 
        2.01064         70.3509         6.84264 
         2.0264         69.8551         6.71113 
        2.04216         68.6671         6.58312 
        2.05781         68.0976         6.45925 
        2.07353         67.3505         6.33812 
        2.08928         66.4465         6.21981 
        2.10499         65.6139         6.10483 
        2.12065         65.1848          5.9931 
        2.13633         64.2289         5.88405 
        2.15211         63.2459           5.777 
        2.16785         62.2744          5.6729 
        2.18349         61.7527         5.57201 
        2.19916         61.0241         5.47335 
        2.21489         60.2114         5.37674 
        2.23063         59.3241         5.28239 
         2.2463         58.9032         5.19072 
        2.26194         58.3198         5.10145 
        2.27765          57.515         5.01381 
        2.29341         56.8699         4.92799 
        2.30914         56.2214         4.84435 
        2.32486         55.4694         4.76269 
        2.34061         54.6875         4.68277 
        2.35635         54.2141         4.60474 
        2.37203         53.3971         4.52876 
        2.38768          52.973         4.45464 
        2.40339         52.4339         4.38191 
        2.41914         51.3991         4.31062 
        2.43483         51.2875         4.24116 
         2.4505         50.6023         4.17335 
        2.46622         50.1248         4.10677 
        2.48195         49.4805         4.04164 
        2.49759         48.9878         3.97827 
        2.51328          48.438         3.91608 
        2.52906         47.9047         3.85482 
        2.54479         47.3267          3.7951 
        2.56049         46.5189         3.73675 
        2.57618         46.1557         3.67967 
        2.59189         45.6904         3.62369 
        2.60758         45.0872         3.56897 
        2.62325         44.6937         3.51543 
        2.63898         44.3545          3.4628 
        2.65468         43.7554         3.41135 
        2.67044          43.303         3.36073 
        2.68618         42.8756         3.31124 
        2.70184         42.3715         3.26294 
        2.71755         41.6215         3.21548 
        2.73329         41.3713         3.16889 
        2.74897         41.0357         3.12337 
        2.76462         40.5903         3.07884 
        2.78034         40.1536         3.03499 
        2.79607          39.545         2.99195 
        2.81179         39.1468         2.94978 
        2.82749          38.855         2.90847 
        2.84321          38.528          2.8679 
        2.85893         38.0121         2.82812 
        2.87462          37.451         2.78915 
        2.89033         37.0481         2.75088 
        2.90605         36.6414         2.71329 
        2.92176         36.4627         2.67642 
        2.93747         35.9862         2.64025 
        2.95318         35.6309         2.60473 
        2.96891         35.1993         2.56986 
        2.98456         34.9701         2.53577 
        3.00023         34.4912         2.50224 
        3.01596         34.0952         2.46922 
        3.03164         33.7927         2.43688 
        3.04738         33.4509         2.40503 
         3.0631         33.2477         2.37375 
        3.07883         32.7703         2.34302 
        3.09456         32.4615         2.31284 
        3.11026         32.0325         2.28324 
        3.12596         31.7817         2.25415 
        3.14163         31.4059         2.22564 
        3.15734         31.1367         2.19755 
        3.17308         30.8331         2.16988 
        3.18879         30.5402         2.14275 
        3.20447         30.0853         2.11613 
         3.2202         29.8234         2.08987 
         3.2359         29.6573         2.06411 
        3.25157         29.2443         2.03883 
        3.26729         29.0222          2.0139 
        3.28304          28.745         1.98934 
        3.29877         28.3607         1.96522 
        3.31446         28.0952         1.94155 
        3.33014         27.8044         1.91829 
        3.34585         27.4929         1.89537 
        3.36158         27.3351         1.87279 
        3.37727         26.9731         1.85064 
        3.39294         26.7513         1.82887 
        3.40867         26.4977         1.80738 
        3.42439         26.2484         1.78623 
        3.44008         25.9999         1.76547 
        3.45578         25.7178         1.74502 
        3.47153         25.5416         1.72484 
        3.48724         25.1659         1.70502 
        3.50292         25.0287         1.68556 
        3.51859         24.8002          1.6664 
        3.53431         24.5195         1.64749 
        3.55007         24.2057         1.62882 
        3.56577         23.9845         1.61051 
        3.58146         23.7535         1.59248 
        3.59719         23.5976          1.5747 
        3.61292         23.3323         1.55718 
        3.62859         23.1331            1.54 
        3.64429         22.8964         1.52305 
        3.66003         22.6253         1.50629 
        3.67578         22.4572         1.48979 
        3.69146         22.2225         1.47361 
        3.70712         22.0849         1.45768 
        3.72284         21.8987         1.44194 
        3.73853         21.6956         1.42645 
        3.75422         21.4441         1.41119 
        3.76993         21.2894         1.39613 
        3.78564         21.0321          1.3813 
        3.80137         20.8599         1.36665 
        3.81707         20.6637         1.35225 
        3.83279         20.4442         1.33805 
        3.84853         20.3076         1.32402 
        3.86424          20.069         1.31022 
        3.87992         19.8996         1.29664 
        3.89561         19.7381         1.28325 
        3.91134         19.5258         1.27002 
        3.92704         19.3308         1.25699 
        3.94273         19.1424         1.24416 
        3.95845         19.0214         1.23148 
        3.97418         18.8539         1.21897 
        3.98988         18.6625         1.20665 
        4.00554         18.4452         1.19454 
        4.02125         18.3435         1.18256 
        4.03698         18.1408         1.17072 
        4.05268         18.0112         1.15907 
        4.06839         17.8198         1.14757 
         4.0841         17.6476         1.13622 
        4.09983         17.5318         1.12502 
        4.11555          17.371         1.11397 
        4.13124         17.2462         1.10309 
        4.14693         17.0498         1.09235 
        4.16266         16.9395         1.08173 
        4.17839         16.7719         1.07126 
        4.19408         16.6576         1.06095 
        4.20977         16.4833         1.05077 
        4.22551         16.3674         1.04069 
        4.24123         16.1952         1.03076 
        4.25691         16.0792         1.02099 
        4.27259         15.9266         1.01134 
        4.28831         15.8005         1.00179 
        4.30404         15.6318        0.992355 
        4.31974          15.527        0.983062 
        4.33543         15.3745        0.973894 
        4.35116         15.2588        0.964819 
        4.36688         15.0975        0.955863 
        4.38255         15.0027        0.947053 
        4.39825         14.8678        0.938335 
        4.41398         14.7255        0.929708 
         4.4297         14.6434        0.921199 
        4.44541          14.495        0.912797 
        4.46111         14.3226        0.904506 
        4.47683         14.2468        0.896311 
        4.49251         14.1101        0.888234 
        4.50819          14.001        0.880257 
         4.5239         13.9412        0.872367 
        4.53962         13.7618        0.864564 
        4.55535         13.6645        0.856851 
        4.57106         13.5514        0.849243 
        4.58678         13.4344        0.841725 
         4.6025         13.3261        0.834297 
        4.61821          13.202        0.826958 
        4.63391         13.0901        0.819717 
         4.6496         12.9809        0.812565 
        4.66532         12.8672        0.805487 
        4.68103         12.7828        0.798496 
        4.69673         12.6837        0.791594 
        4.71241         12.5702         0.78478 
        4.72811         12.4683        0.778034 
        4.74384          12.385        0.771359 
        4.75955         12.2519        0.764772 
        4.77525         12.1463        0.758265 
        4.79096         12.0556        0.751826 
        4.80669         11.9577        0.745457 
         4.8224         11.8945         0.73917 
        4.83809         11.7487        0.732961 
        4.85379          11.673        0.726819 
         4.8695         11.5989        0.720742 
        4.88521         11.4992        0.714737 
        4.90093         11.3955          0.7088 
        4.91663         11.3229        0.702934 
        4.93234          11.246        0.697128 
        4.94807         11.1406        0.691384 
        4.96377         11.0764        0.685715 
        4.97943         10.9781        0.680121 
        4.99514         10.8718        0.674575 
        5.01086         10.7771        0.669086 
        5.02654         10.7408        0.663671 
        5.04227         10.6159        0.658301 
          5.058         10.5521        0.652987 
        5.07371         10.4948        0.647741 
        5.08942         10.4183        0.642553 
        5.10513         10.3057         0.63742 
        5.12084         10.2387         0.63234 
        5.13656         10.1414        0.627317 
        5.15225         10.0845        0.622356 
        5.16796         10.0137        0.617441 
        5.18369         9.92347        0.612574 
         5.1994         9.86377        0.607768 
        5.21509         9.78661        0.603018 
        5.23079         9.70652        0.598313 
        5.24649         9.60511        0.593661 
        5.26217         9.56494        0.589062 
        5.27788          9.4973        0.584504 
        5.29359          9.4118        0.579994 
        5.30933         9.34399        0.575525 
        5.32504         9.27546         0.57111 
        5.34073         9.21879        0.566745 
        5.35646         9.13442        0.562418 
        5.37218         9.07234        0.558134 
        5.38789         8.98538        0.553902 
        5.40357         8.92773        0.549719 
        5.41929         8.87144        0.545569 
        5.43502         8.80864        0.541461 
         5.4507         8.73811        0.537405 
        5.46639         8.66275         0.53339 
        5.48212         8.62324        0.529406 
        5.49786         8.54796        0.525458 
        5.51353          8.4859         0.52157 
        5.52921         8.43754        0.517716 
        5.54495         8.38107        0.513891 
        5.56066         8.30285        0.510107 
        5.57637         8.24825        0.506363 
        5.59207         8.16372        0.502659 
        5.60778         8.14327         0.49899 
        5.62346         8.07696        0.495363 
        5.63916          8.0107        0.491768 
        5.65487         7.97221        0.488207 
         5.6706         7.88969        0.484677 
        5.68633         7.83047         0.48118 
        5.70203         7.78593        0.477725 
        5.71773         7.73478        0.474304 
        5.73344          7.6733        0.470915 
        5.74916         7.62731        0.467555 
        5.76486         7.56677        0.464233 
        5.78054         7.52063        0.460948 
        5.79626         7.45679        0.457685 
          5.812         7.40961        0.454451 
         5.8277          7.3537        0.451257 
        5.84339         7.29103        0.448093 
        5.85911          7.2631        0.444954 
        5.87484         7.21647        0.441845 
        5.89053         7.16413        0.438771 
        5.90623         7.11356        0.435726 
        5.92195         7.04781        0.432704 
        5.93767         7.02008        0.429712 
        5.95336         6.95781        0.426753 
        5.96905         6.90603        0.423823 
        5.98476         6.88122        0.420916 
        6.00048         6.82142        0.418036 
        6.01617         6.77847        0.415186 
        6.03185         6.73261        0.412366 
        6.04756          6.6782        0.409565 
        6.06331         6.64089        0.406784 
        6.07903         6.60008        0.404035 
        6.09473         6.53875        0.401313 
        6.11044         6.50923        0.398614 
        6.12616         6.47241         0.39594 
        6.14186         6.42542        0.393293 
        6.15755         6.39026        0.390671 
        6.17326         6.35282         0.38807 
        6.18898         6.28638        0.385491 
        6.20467         6.25863        0.382941 
        6.22036          6.2019        0.380413 
         6.2361         6.17863        0.377902 
         6.2518         6.12873        0.375417 
        6.26748         6.09794        0.372959 
        6.28319         6.05276        0.370517 
        6.29893         6.01219        0.368095 
        6.31463         5.97112        0.365698 
        6.33033         5.92724        0.363323 
        6.34604          5.9007        0.360967 
        6.36177         5.86106         0.35863 
        6.37747         5.81607        0.356318 
        6.39316         5.78898        0.354027 
        6.40888          5.7559        0.351752 
         6.4246         5.70944        0.349497 
        6.44031         5.67544        0.347263 
        6.45601         5.64063        0.345051 
        6.47172          5.6069        0.342855 
        6.48744         5.56547        0.340678 
        6.50313         5.53191        0.338523 
        6.51882         5.49074        0.336388 
        6.53452         5.45848        0.334268 
        6.55025         5.42852        0.332163 
        6.56597         5.39029        0.330079 
        6.58166         5.35356        0.328015 
        6.59736         5.32396        0.325968 
        6.61307         5.29172        0.323937 
         6.6288          5.2513        0.321921 
         6.6445         5.22792        0.319925 
         6.6602         5.19524        0.317946 
        6.67592         5.16298        0.315982 
        6.69164         5.12848        0.314035 
        6.70735         5.10854        0.312104 
        6.72304         5.06671        0.310192 
        6.73874         5.03788        0.308295 
        6.75446         5.00113        0.306412 
        6.77016         4.97674        0.304547 
        6.78585         4.94409        0.302698 
        6.80156         4.91155        0.300863 
        6.81729         4.88106         0.29904 
        6.83301         4.85562        0.297232 
         6.8487         4.82373        0.295444 
         6.8644         4.79034        0.293669 
        6.88012         4.76058        0.291907 
        6.89583         4.73804         0.29016 
        6.91151         4.69945         0.28843 
        6.92723         4.68176         0.28671 
        6.94296         4.64978        0.285004 
        6.95866         4.62431        0.283314 
        6.97436         4.59846        0.281638 
        6.99007         4.57533        0.279974 
        7.00578          4.5515        0.278324 
        7.02147         4.51748        0.276689 
        7.03718         4.49202        0.275065 
         7.0529         4.46458        0.273453 
        7.06863         4.43706        0.271853 
        7.08433         4.40419        0.270268 
        7.10004         4.39051        0.268696 
        7.11575         4.36378        0.267136 
        7.13145         4.33934        0.265589 
        7.14715         4.31556        0.264054 
        7.16284         4.28762        0.262533 
        7.17855         4.26224        0.261021 
        7.19428         4.23249        0.259519 
        7.20998         4.21261        0.258032 
        7.22568          4.1853        0.256557 
        7.24139         4.15965        0.255092 
        7.25711          4.1392        0.253638 
        7.27282          4.1143        0.252196 
        7.28852         4.10014        0.250766 
        7.30423         4.06676        0.249345 
        7.31995         4.04432        0.247936 
        7.33565         4.02067        0.246539 
        7.35135         3.99826        0.245152 
        7.36706         3.97423        0.243776 
        7.38277         3.95364        0.242409 
        7.39847         3.93017        0.241054 
        7.41419         3.91152        0.239708 
         7.4299         3.88655        0.238373 
        7.44561         3.86627        0.237048 
        7.46132           3.849        0.235733 
        7.47701         3.82184         0.23443 
        7.49272         3.80822        0.233134 
        7.50842         3.78863         0.23185 
         7.5241         3.76442        0.230576 
        7.53981         3.74035         0.22931 
        7.55552         3.72298        0.228053 
        7.57125         3.69675        0.226804 
        7.58698         3.67841        0.225565 
        7.60268         3.66572        0.224337 
         7.6184         3.63972        0.223116 
        7.63411          3.6225        0.221905 
        7.64981         3.60077        0.220704 
        7.66552         3.58156        0.219512 
        7.68123         3.56434        0.218328 
        7.69695         3.54487        0.217152 
        7.71264         3.52898        0.215986 
        7.72834         3.50494        0.214829 
        7.74407         3.48203        0.213678 
        7.75978         3.46223        0.212536 
        7.77546         3.45053        0.211405 
        7.79116         3.43041        0.210281 
         7.8069         3.41096        0.209162 
         7.8226         3.39591        0.208054 
        7.83828          3.3756        0.206955 
        7.85399         3.36097        0.205863 
        7.86972         3.33983        0.204777 
        7.88543         3.32297          0.2037 
        7.90111         3.30161        0.202633 
        7.91681         3.28984        0.201572 
        7.93255         3.27288        0.200516 
        7.94828         3.26021        0.199468 
        7.96397         3.24117         0.19843 
        7.97967         3.21808        0.197399 
        7.99538         3.20461        0.196374 
         8.0111          3.1893        0.195357 
         8.0268         3.17552        0.194347 
        8.04248         3.15497        0.193346 
         8.0582         3.13743         0.19235 
        8.07393         3.12539         0.19136 
        8.08963         3.10437        0.190378 
        8.10533         3.09206        0.189404 
        8.12104         3.07542        0.188436 
        8.13675         3.06458        0.187474 
        8.15245         3.04656         0.18652 
        8.16815          3.0304        0.185572 
        8.18387         3.01599         0.18463 
        8.19959         3.00074        0.183694 
         8.2153         2.98467        0.182766 
        8.23101         2.97821        0.181843 
        8.24672         2.96226        0.180927 
        8.26241         2.94104        0.180019 
         8.2781         2.92726        0.179117 
        8.29381         2.91561         0.17822 
        8.30952         2.90402        0.177329 
        8.32524         2.88705        0.176443 
        8.34095         2.87193        0.175564 
        8.35666         2.85813        0.174691 
        8.37237         2.84323        0.173824 
        8.38808           2.828        0.172962 
        8.40379         2.82056        0.172107 
         8.4195         2.80026        0.171257 
         8.4352         2.79258        0.170414 
        8.45091         2.77786        0.169576 
        8.46662         2.76233        0.168743 
        8.48232         2.75037        0.167916 
        8.49802         2.74099        0.167095 
        8.51374         2.72428        0.166279 
        8.52945         2.71155        0.165468 
        8.54515         2.69897        0.164663 
        8.56086         2.68336        0.163863 
        8.57658         2.67405        0.163068 
        8.59228         2.66261        0.162279 
        8.60799         2.64987        0.161495 
        8.62371         2.63862        0.160716 
        8.63942          2.6268        0.159942 
        8.65512         2.60969        0.159173 
        8.67082         2.60055         0.15841 
        8.68653         2.59167        0.157651 
        8.70224         2.57699        0.156897 
        8.71795          2.5659        0.156148 
        8.73365         2.55691        0.155404 
        8.74936         2.54223        0.154665 
        8.76506          2.5301        0.153931 
        8.78076          2.5217        0.153202 
        8.79646         2.50704        0.152478 
        8.81218         2.49513        0.151757 
        8.82791         2.48606         0.15104 
         8.8436         2.47805         0.15033 
         8.8593         2.46574        0.149624 
        8.87503          2.4525        0.148921 
        8.89076         2.44119        0.148223 
        8.90644         2.43117        0.147531 
        8.92214          2.4243        0.146843 
        8.93786         2.40846        0.146158 
        8.95357         2.40016        0.145478 
        8.96928         2.38894        0.144803 
        8.98498         2.37872        0.144132 
        9.00069         2.36886        0.143465 
        9.01639         2.35779        0.142802 
        9.03208         2.34966        0.142144 
        9.04778         2.33844         0.14149 
        9.06351         2.32844        0.140839 
        9.07923          2.3164        0.140192 
        9.09493         2.30793         0.13955 
        9.11062         2.29725        0.138912 
        9.12635         2.28686        0.138278 
        9.14207         2.27702        0.137647 
        9.15777         2.26999        0.137021 
        9.17346         2.26043        0.136399 
        9.18917          2.2481         0.13578 
         9.2049         2.24214        0.135164 
        9.22061         2.23199        0.134553 
        9.23631         2.22275        0.133946 
        9.25201         2.21481        0.133343 
        9.26773         2.20352        0.132743 
        9.28343         2.19723        0.132147 
        9.29913         2.18686        0.131554 
        9.31484         2.17937        0.130966 
        9.33057         2.16586        0.130379 
        9.34627         2.16173        0.129798 
        9.36197         2.15049         0.12922 
        9.37768         2.14299        0.128645 
        9.39338         2.13562        0.128074 
        9.40909          2.1262        0.127506 
        9.42479         2.11856        0.126942 
         9.4405         2.10922        0.126381 
        9.45621         2.10229        0.125824 
        9.47193          2.0922         0.12527 
        9.48763         2.08571        0.124719 
        9.50334         2.08024        0.124172 
        9.51906           2.068        0.123627 
        9.53476         2.05986        0.123087 
        9.55045         2.05568        0.122549 
        9.56616         2.04747        0.122015 
        9.58188         2.03965        0.121483 
        9.59759         2.02975        0.120955 
         9.6133         2.02333        0.120429 
        9.62901          2.0162        0.119907 
        9.64471         2.00689        0.119387 
        9.66041         2.00103        0.118871 
        9.67612         1.99242        0.118357 
        9.69184         1.98621        0.117846 
        9.70754         1.98127        0.117339 
        9.72324         1.97059        0.116834 
        9.73895         1.96475        0.116333 
        9.75467          1.9566        0.115835 
        9.77038         1.94934         0.11534 
        9.78607         1.94269        0.114849 
        9.80177         1.93645        0.114361 
        9.81749          1.9299        0.113876 
         9.8332         1.92165        0.113395 
         9.8489         1.91646        0.112918 
        9.86463         1.90863        0.112442 
        9.88035         1.90151        0.111969 
        9.89606         1.89321        0.111499 
        9.91175         1.89072        0.111032 
        9.92745         1.88075        0.110565 
        9.94317         1.87586          0.1101 
        9.95888           1.867        0.109636 
        9.97458         1.86462        0.109173 
        9.99029         1.85691        0.108711 
         10.006         1.85031        0.108425 
        10.0217         1.84277        0.108425 
        10.0374          1.8384        0.108425 
        10.0531         1.83419        0.108425 
        10.0688         1.82467        0.108425 
        10.0845          1.8213        0.108425 
        10.1002         1.81448        0.108425 
        10.1159         1.80818        0.108425 
        10.1317         1.80349        0.108425 
        10.1474         1.79435        0.108425 
        10.1631         1.79199        0.108425 
        10.1788         1.78457        0.108425 
        10.1945         1.77868        0.108425 
        10.2102         1.77551        0.108425 
        10.2259         1.76786        0.108425 
        10.2416          1.7646        0.108425 
        10.2573         1.75775        0.108425 
         10.273         1.75248        0.108425 
        10.2887         1.74663        0.108425 
        10.3044         1.74289        0.108425 
        10.3201          1.7363        0.108425 
        10.3359         1.73014        0.108425 
        10.3516         1.72727        0.108425 
        10.3673         1.72181        0.108425 
         10.383         1.71432        0.108425 
        10.3987         1.70899        0.108425 
        10.4144         1.70551        0.108425 
        10.4301         1.70075        0.108425 
        10.4458         1.69568        0.108425 
        10.4615         1.69224        0.108425 
        10.4772         1.68881        0.108425 
        10.4929         1.68194        0.108425 
        10.5086         1.67668        0.108425 
        10.5244         1.67431        0.108425 
        10.5401         1.66763        0.108425 
        10.5558         1.66402        0.108425 
        10.5715         1.65888        0.108425 
        10.5872         1.65588        0.108425 
        10.6029         1.64867        0.108425 
        10.6186         1.64313        0.108425 
        10.6343         1.64066        0.108425 
          10.65         1.63817        0.108425 
        10.6657         1.63262        0.108425 
        10.6814          1.6287        0.108425 
        10.6971          1.6259        0.108425 
        10.7129         1.62332        0.108425 
        10.7286         1.61706        0.108425 
        10.7443         1.61114        0.108425 
          10.76         1.61006        0.108425 
        10.7757         1.60505        0.108425 
        10.7914         1.60143        0.108425 
        10.8071         1.59799        0.108425 
        10.8228         1.59439        0.108425 
        10.8385         1.59032        0.108425 
        10.8542         1.58684        0.108425 
        10.8699         1.58328        0.108425 
        10.8856         1.57951        0.108425 
        10.9014         1.57714        0.108425 
        10.9171         1.57225        0.108425 
        10.9328         1.57015        0.108425 
        10.9485         1.56481        0.108425 
        10.9642         1.56319        0.108425 
        10.9799         1.55902        0.108425 
        10.9956         1.55697        0.108425 
        11.0113         1.55271        0.108425 
         11.027         1.54925        0.108425 
        11.0427         1.54747        0.108425 
        11.0584          1.5437        0.108425 
        11.0741         1.54086        0.108425 
        11.0898         1.53777        0.108425 
        11.1055         1.53603        0.108425 
        11.1212         1.53361        0.108425 
         11.137         1.53033        0.108425 
        11.1527         1.52632        0.108425 
        11.1684         1.52547        0.108425 
        11.1841         1.52213        0.108425 
        11.1998         1.51898        0.108425 
        11.2155         1.51757        0.108425 
        11.2312         1.51245        0.108425 
        11.2469          1.5116        0.108425 
        11.2626         1.50911        0.108425 
        11.2783         1.50846        0.108425 
         11.294         1.50474        0.108425 
        11.3097          1.5038        0.108425 
        11.3254          1.4993        0.108425 
        11.3412         1.49906        0.108425 
        11.3569         1.49539        0.108425 
        11.3726         1.49361        0.108425 
        11.3883          1.4908        0.108425 
         11.404         1.48968        0.108425 
        11.4197         1.49054        0.108425 
        11.4354         1.48543        0.108425 
        11.4511         1.48421        0.108425 
        11.4668         1.48322        0.108425 
        11.4825         1.48101        0.108425 
        11.4982         1.48014        0.108425 
         11.514         1.47877        0.108425 
        11.5297         1.47628        0.108425 
        11.5454         1.47311        0.108425 
        11.5611         1.47244        0.108425 
        11.5768         1.47178        0.108425 
        11.5925         1.47137        0.108425 
        11.6082         1.46821        0.108425 
        11.6239          1.4688        0.108425 
        11.6396         1.46628        0.108425 
        11.6553         1.46519        0.108425 
         11.671         1.46377        0.108425 
        11.6867         1.46235        0.108425 
        11.7024         1.46269        0.108425 
        11.7182         1.46029        0.108425 
        11.7339         1.45981        0.108425 
        11.7496         1.45849        0.108425 
        11.7653         1.45899        0.108425 
         11.781         1.45869        0.108425 
        11.7967         1.45692        0.108425 
        11.8124         1.45483        0.108425 
        11.8281         1.45458        0.108425 
        11.8438         1.45485        0.108425 
        11.8595         1.45466        0.108425 
        11.8752         1.45345        0.108425 
         11.891         1.45376        0.108425 
        11.9067         1.45367        0.108425 
        11.9224         1.45147        0.108425 
        11.9381          1.4514        0.108425 
        11.9538         1.45161        0.108425 
        11.9695         1.45248        0.108425 
        11.9852         1.45186        0.108425 
        12.0009         1.45263        0.108425 
        12.0166         1.45081        0.108425 
        12.0323         1.45189        0.108425 
         12.048         1.45362        0.108425 
        12.0637         1.45082        0.108425 
