# k  (h/Mpc)    Pcb(k)  (Mpc/h)^3    Pcb_linear(k) (Mpc/h)^3   ShotnoiseSubtracted = true
      0.0200456         30853.1         31590.9 
      0.0350414         19957.1         21002.6 
      0.0492313         14655.3         15017.9 
      0.0637834         12678.4           12369 
      0.0800726         9488.79         9174.94 
       0.096163         6398.45         6467.61 
       0.111083         5321.47         5366.81 
       0.126058         4843.29         4711.88 
       0.142273         4070.16         3716.59 
       0.158546         3610.32         2922.89 
        0.17375         2936.73         2582.96 
       0.188953         2861.52         2303.56 
       0.204907         2647.46         1924.54 
       0.220756         2299.27         1628.32 
        0.23588         2086.03         1468.71 
         0.2514         1822.18         1322.87 
       0.267535         1811.58         1150.49 
       0.283568         1640.49          1012.4 
       0.299022         1562.92         921.355 
       0.314451         1481.26          838.95 
       0.330372         1352.06          751.88 
       0.346141         1322.69         679.205 
       0.361624         1271.79          623.57 
       0.377134         1192.91         573.286 
       0.392932         1129.78         523.906 
       0.408854         1120.67         480.386 
       0.424564         1025.98         444.288 
       0.440253         1007.41         411.687 
       0.455999          984.37         381.136 
       0.471626         951.253         353.921 
        0.48727           912.4         329.948 
       0.502856         877.947         308.233 
       0.518488         878.095         288.074 
       0.534347         824.041         269.459 
       0.550082         812.287         252.777 
       0.565732         801.774         237.592 
       0.581496         761.681         223.455 
       0.597222         743.192         210.481 
       0.612804         733.177         198.693 
       0.628434         713.175          187.77 
       0.644267         697.171         177.529 
       0.660051         683.701         168.078 
       0.675724         670.867         159.371 
       0.691403         652.995         151.276 
       0.707174         629.662         143.699 
       0.722871         618.234         136.672 
        0.73838         610.661         130.189 
       0.754018          597.59         124.078 
       0.769845         588.332         118.291 
        0.78569         579.921         112.867 
       0.801365         562.443         107.836 
       0.817031         554.605         103.113 
       0.832809         545.803         98.6421 
       0.848511         536.527         94.4556 
       0.864097         518.127         90.5402 
       0.879701         510.036         86.8424 
       0.895507          507.36         83.3071 
       0.911279          498.13         79.9755 
        0.92691         489.514         76.8533 
       0.942635         475.223         73.8803 
       0.958396         468.079         71.0581 
       0.974128         461.902         68.3882 
       0.989692         457.805         65.8816 
        1.00528         445.412         63.4969 
        1.02113         440.231         61.1928 
        1.03692         434.521         59.0114 
        1.05264         425.283         56.9463 
        1.06832         417.535         54.9831 
        1.08405         408.959         53.1072 
        1.09979         405.259         51.3176 
        1.11537         398.989          49.628 
        1.13105         392.326         48.0044 
        1.14679         381.491          46.447 
        1.16256         376.374         44.9556 
        1.17828         373.405         43.5345 
        1.19395         366.939         42.1795 
         1.2097         357.514         40.8752 
        1.22537         351.525         39.6322 
          1.241         345.413         38.4446 
        1.25666         344.183         37.3025 
        1.27241         336.666         36.2015 
        1.28819         329.104         35.1429 
        1.30392          325.48         34.1296 
        1.31957         318.765         33.1607 
        1.33529         317.393         32.2258 
        1.35108         310.851         31.3232 
        1.36674         306.094         30.4615 
         1.3824         302.394         29.6329 
        1.39811         296.142         28.8323 
        1.41389         293.823         28.0582 
        1.42964          288.95         27.3137 
        1.44531         286.988         26.5998 
        1.46101         280.219         25.9099 
        1.47667         274.934         25.2464 
        1.49229          272.13         24.6079 
        1.50793         267.224         23.9906 
        1.52367         264.495         23.3905 
        1.53953          258.26         22.8069 
        1.55526         257.282         22.2478 
        1.57092         253.073         21.7097 
        1.58662          249.45          21.188 
        1.60235         245.912         20.6825 
        1.61809         242.005         20.1931 
        1.63369         239.497         19.7239 
        1.64941         234.774         19.2661 
        1.66519         233.214         18.8213 
        1.68085         229.383         18.3935 
        1.69652         227.288         17.9789 
        1.71228         221.991         17.5747 
        1.72806         218.376         17.1826 
        1.74368         215.373         16.8063 
        1.75933         214.542         16.4405 
        1.77505         210.881         16.0839 
        1.79081         209.008         15.7371 
         1.8065         204.183         15.4021 
        1.82218         201.758          15.077 
        1.83797         199.303         14.7591 
        1.85367         197.097         14.4521 
        1.86928         192.534         14.1556 
        1.88497         191.873         13.8658 
        1.90073         188.334          13.583 
        1.91647         186.412         13.3083 
        1.93218         183.472         13.0417 
        1.94787         180.803         12.7829 
        1.96363         177.996           12.53 
        1.97935         176.012         12.2844 
        1.99499         173.684         12.0468 
        2.01064          171.33         11.8151 
         2.0264          169.28          11.588 
        2.04216         167.217          11.367 
        2.05781          165.67         11.1531 
        2.07353         163.723          10.944 
        2.08928         160.206         10.7397 
        2.10499         158.979         10.5412 
        2.12065         156.854         10.3482 
        2.13633         154.684         10.1599 
        2.15211         152.567         9.97509 
        2.16785         151.345         9.79534 
        2.18349         149.665         9.62114 
        2.19916         147.483         9.45078 
        2.21489         146.249         9.28398 
        2.23063         143.337         9.12106 
         2.2463         141.675         8.96278 
        2.26194         139.807         8.80863 
        2.27765         138.218          8.6573 
        2.29341         136.066         8.50912 
        2.30914         134.988          8.3647 
        2.32486         133.446         8.22369 
        2.34061         130.959         8.08569 
        2.35635         129.838         7.95097 
        2.37203         128.097         7.81977 
        2.38768         126.924         7.69179 
        2.40339         125.252          7.5662 
        2.41914         123.722         7.44311 
        2.43483         121.943         7.32318 
         2.4505         120.439         7.20608 
        2.46622         119.413         7.09113 
        2.48195         117.274         6.97867 
        2.49759         116.059         6.86924 
        2.51328         115.129         6.76186 
        2.52906         114.494         6.65609 
        2.54479         112.291         6.55296 
        2.56049         110.705         6.45221 
        2.57618         109.586         6.35366 
        2.59189         108.753           6.257 
        2.60758         107.033          6.1625 
        2.62325         105.748         6.07006 
        2.63898         104.642         5.97919 
        2.65468         103.279         5.89035 
        2.67044          102.32         5.80294 
        2.68618         101.041         5.71749 
        2.70184         100.086         5.63409 
        2.71755         98.9987         5.55215 
        2.73329         97.8234          5.4717 
        2.74897         96.6296          5.3931 
        2.76462         95.7127         5.31621 
        2.78034         94.2623         5.24049 
        2.79607         93.2173         5.16617 
        2.81179         92.2241         5.09336 
        2.82749         91.7069         5.02203 
        2.84321         89.9485         4.95198 
        2.85893         89.5579         4.88329 
        2.87462         88.6399           4.816 
        2.89033         87.2293         4.74992 
        2.90605         86.4564         4.68501 
        2.92176         85.2255         4.62135 
        2.93747         84.6649         4.55889 
        2.95318         83.7306         4.49757 
        2.96891         82.9245         4.43735 
        2.98456         82.3126         4.37849 
        3.00023         81.1077          4.3206 
        3.01596         80.3081         4.26358 
        3.03164         79.5574         4.20774 
        3.04738         78.4828         4.15274 
         3.0631         77.9381         4.09873 
        3.07883         76.5864         4.04568 
        3.09456          75.693         3.99357 
        3.11026         75.3973         3.94245 
        3.12596         74.5779         3.89223 
        3.14163         73.9097           3.843 
        3.15734         73.0321         3.79449 
        3.17308         72.2596         3.74671 
        3.18879         71.3291         3.69987 
        3.20447         70.8115          3.6539 
         3.2202         70.1068         3.60856 
         3.2359          69.412         3.56407 
        3.25157         68.5345         3.52044 
        3.26729         68.0595         3.47739 
        3.28304         67.2165         3.43498 
        3.29877         66.3178         3.39333 
        3.31446         65.8035         3.35246 
        3.33014         65.0043         3.31229 
        3.34585         64.6343         3.27271 
        3.36158         63.8052         3.23372 
        3.37727         63.1622         3.19549 
        3.39294         62.6087          3.1579 
        3.40867         61.8059         3.12078 
        3.42439         61.3942         3.08427 
        3.44008         60.6279         3.04842 
        3.45578         60.1083         3.01311 
        3.47153         59.3768         2.97827 
        3.48724          59.059         2.94405 
        3.50292         58.3973         2.91044 
        3.51859         57.7759         2.87737 
        3.53431         57.3493          2.8447 
        3.55007         56.8006         2.81246 
        3.56577          56.169         2.78085 
        3.58146         55.6324         2.74973 
        3.59719         55.1493         2.71901 
        3.61292         54.7129         2.68878 
        3.62859         54.0075         2.65911 
        3.64429         53.5402         2.62983 
        3.66003         53.0474          2.6009 
        3.67578         52.6155         2.57242 
        3.69146         52.0526         2.54446 
        3.70712         51.6125         2.51697 
        3.72284         51.1759         2.48978 
        3.73853         50.6787         2.46304 
        3.75422         50.0785         2.43668 
        3.76993         49.5411         2.41068 
        3.78564         49.1991         2.38507 
        3.80137         48.7877         2.35979 
        3.81707         48.3674         2.33493 
        3.83279         47.7008          2.3104 
        3.84853         47.4987         2.28618 
        3.86424          47.013         2.26235 
        3.87992         46.6721          2.2389 
        3.89561         46.1311         2.21578 
        3.91134         45.7261         2.19293 
        3.92704         45.2802         2.17044 
        3.94273         44.9374         2.14827 
        3.95845         44.4736         2.12638 
        3.97418         44.1215         2.10479 
        3.98988         43.6338         2.08352 
        4.00554         43.3189          2.0626 
        4.02125         42.9014         2.04191 
        4.03698         42.4744         2.02147 
        4.05268         42.1049         2.00135 
        4.06839         41.6564         1.98149 
         4.0841         41.3605         1.96191 
        4.09983         40.9432         1.94256 
        4.11555         40.6889         1.92348 
        4.13124         40.2779          1.9047 
        4.14693         39.9918         1.88616 
        4.16266         39.5836         1.86782 
        4.17839         39.2593         1.84974 
        4.19408          38.915         1.83193 
        4.20977         38.5151         1.81435 
        4.22551         38.2622         1.79696 
        4.24123         37.8633         1.77981 
        4.25691         37.5248         1.76293 
        4.27259         37.2141         1.74627 
        4.28831         37.0168         1.72978 
        4.30404         36.6745         1.71349 
        4.31974         36.3792         1.69745 
        4.33543         36.0205         1.68161 
        4.35116         35.6987         1.66594 
        4.36688          35.359         1.65048 
        4.38255         35.0365         1.63527 
        4.39825         34.7658         1.62021 
        4.41398         34.5322         1.60532 
         4.4297         34.1821         1.59063 
        4.44541           33.87         1.57612 
        4.46111         33.6143          1.5618 
        4.47683         33.3799         1.54765 
        4.49251         33.0301         1.53371 
        4.50819         32.8499         1.51993 
         4.5239         32.5507         1.50631 
        4.53962         32.2823         1.49283 
        4.55535         32.0041         1.47952 
        4.57106         31.7298         1.46638 
        4.58678         31.5513          1.4534 
         4.6025          31.231         1.44057 
        4.61821         31.0407          1.4279 
        4.63391         30.6505          1.4154 
         4.6496         30.3783         1.40305 
        4.66532         30.1636         1.39083 
        4.68103         29.9577         1.37876 
        4.69673         29.7479         1.36684 
        4.71241         29.4443         1.35507 
        4.72811         29.2565         1.34343 
        4.74384         28.9985          1.3319 
        4.75955         28.7297         1.32053 
        4.77525         28.5626         1.30929 
        4.79096          28.347         1.29817 
        4.80669         28.0568         1.28718 
         4.8224           27.88         1.27632 
        4.83809         27.6897          1.2656 
        4.85379         27.3477         1.25499 
         4.8695         27.1436          1.2445 
        4.88521         26.9315         1.23413 
        4.90093         26.7932         1.22388 
        4.91663         26.5075         1.21375 
        4.93234         26.4117         1.20373 
        4.94807         26.1427         1.19381 
        4.96377         25.8946         1.18402 
        4.97943         25.7476         1.17436 
        4.99514         25.4949         1.16478 
        5.01086         25.3015          1.1553 
        5.02654           25.15         1.14596 
        5.04227         24.9553         1.13668 
          5.058         24.7003         1.12751 
        5.07371         24.5205         1.11845 
        5.08942         24.3462         1.10949 
        5.10513         24.0875         1.10063 
        5.12084          24.045         1.09186 
        5.13656         23.8063         1.08318 
        5.15225         23.6226         1.07462 
        5.16796           23.44         1.06613 
        5.18369         23.2469         1.05773 
         5.1994         23.1438         1.04943 
        5.21509         22.9109         1.04123 
        5.23079         22.7081          1.0331 
        5.24649         22.5674         1.02507 
        5.26217         22.3561         1.01713 
        5.27788         22.1882         1.00926 
        5.29359         22.0534         1.00147 
        5.30933         21.8789        0.993754 
        5.32504         21.7238         0.98613 
        5.34073         21.5615        0.978594 
        5.35646         21.4234        0.971122 
        5.37218         21.2529        0.963726 
        5.38789         21.0643        0.956418 
        5.40357         20.9706        0.949195 
        5.41929         20.7444        0.942029 
        5.43502         20.5895        0.934936 
         5.4507          20.497        0.927933 
        5.46639         20.3322           0.921 
        5.48212         20.1782        0.914121 
        5.49786         20.0082        0.907304 
        5.51353           19.87         0.90059 
        5.52921         19.6989        0.893936 
        5.54495         19.5836        0.887331 
        5.56066         19.4333        0.880798 
        5.57637           19.26        0.874332 
        5.59207         19.1607        0.867936 
        5.60778         18.9829        0.861602 
        5.62346         18.8707        0.855339 
        5.63916         18.7337        0.849132 
        5.65487         18.6413        0.842983 
         5.6706         18.5112        0.836888 
        5.68633          18.323         0.83085 
        5.70203         18.2109        0.824884 
        5.71773         18.0513        0.818977 
        5.73344         17.9165        0.813125 
        5.74916         17.7567        0.807324 
        5.76486         17.6858        0.801587 
        5.78054         17.5531        0.795915 
        5.79626         17.4254        0.790281 
          5.812         17.3025        0.784696 
         5.8277          17.185        0.779181 
        5.84339         17.0936        0.773718 
        5.85911         16.9637        0.768298 
        5.87484          16.834        0.762929 
        5.89053         16.6902        0.757623 
        5.90623         16.5916        0.752364 
        5.92195         16.4766        0.747146 
        5.93767         16.3456         0.74198 
        5.95336         16.2387        0.736871 
        5.96905         16.1037        0.731812 
        5.98476         16.0156        0.726793 
        6.00048         15.9311        0.721819 
        6.01617         15.7768        0.716898 
        6.03185         15.6346        0.712028 
        6.04756         15.5571        0.707192 
        6.06331         15.4662         0.70239 
        6.07903          15.346        0.697643 
        6.09473         15.2306        0.692944 
        6.11044         15.1283        0.688284 
        6.12616          15.023        0.683667 
        6.14186         14.9247        0.679096 
        6.15755         14.8346        0.674568 
        6.17326         14.7116        0.670077 
        6.18898         14.6197        0.665624 
        6.20467         14.5193         0.66122 
        6.22036         14.4179        0.656856 
         6.2361          14.325        0.652519 
         6.2518         14.2417        0.648229 
        6.26748         14.1364        0.643986 
        6.28319         14.0392        0.639769 
        6.29893         13.9477        0.635586 
        6.31463         13.8309        0.631447 
        6.33033         13.7672        0.627346 
        6.34604         13.6447        0.623279 
        6.36177         13.5682        0.619244 
        6.37747         13.5005        0.615251 
        6.39316         13.4081        0.611296 
        6.40888         13.3146        0.607368 
         6.4246         13.2336        0.603474 
        6.44031         13.1296        0.599616 
        6.45601         13.0678        0.595797 
        6.47172         12.9335        0.592005 
        6.48744         12.8809        0.588246 
        6.50313         12.7964        0.584525 
        6.51882         12.7116        0.580837 
        6.53452         12.6474        0.577178 
        6.55025         12.5397        0.573544 
        6.56597         12.4642        0.569945 
        6.58166         12.3947        0.566382 
        6.59736         12.2984        0.562847 
        6.61307          12.223        0.559338 
         6.6288         12.1287        0.555858 
         6.6445         12.0468        0.552412 
         6.6602         11.9745        0.548995 
        6.67592         11.8932        0.545603 
        6.69164         11.8124        0.542241 
        6.70735         11.7437        0.538908 
        6.72304         11.6582        0.535606 
        6.73874          11.591        0.532331 
        6.75446         11.4951        0.529079 
        6.77016         11.4328        0.525859 
        6.78585         11.3627        0.522665 
        6.80156         11.2998        0.519497 
        6.81729         11.2199         0.51635 
        6.83301         11.1399        0.513229 
         6.8487         11.0775        0.510141 
         6.8644         11.0184        0.507076 
        6.88012         10.9219        0.504033 
        6.89583         10.8664        0.501017 
        6.91151         10.8084         0.49803 
        6.92723         10.7195        0.495061 
        6.94296         10.6562        0.492114 
        6.95866         10.5983        0.489196 
        6.97436          10.554        0.486302 
        6.99007         10.4777        0.483429 
        7.00578         10.4017         0.48058 
        7.02147         10.3455        0.477757 
        7.03718         10.2527        0.474953 
         7.0529         10.2063        0.472169 
        7.06863         10.1412        0.469407 
        7.08433         10.0834         0.46667 
        7.10004         10.0172        0.463956 
        7.11575         9.95838        0.461262 
        7.13145         9.89548         0.45859 
        7.14715         9.86562         0.45594 
        7.16284          9.7711        0.453314 
        7.17855         9.71067        0.450703 
        7.19428         9.66234         0.44811 
        7.20998         9.59775        0.445542 
        7.22568         9.52991        0.442994 
        7.24139         9.46873        0.440465 
        7.25711         9.41403        0.437955 
        7.27282         9.36479        0.435464 
        7.28852         9.31047        0.432995 
        7.30423         9.25087        0.430543 
        7.31995         9.19287         0.42811 
        7.33565         9.13011        0.425697 
        7.35135         9.08867        0.423302 
        7.36706         9.03541        0.420926 
        7.38277         8.97435        0.418566 
        7.39847         8.91918        0.416226 
        7.41419         8.86221        0.413902 
         7.4299         8.81035        0.411597 
        7.44561         8.75824        0.409309 
        7.46132         8.70394        0.407038 
        7.47701         8.65184        0.404788 
        7.49272         8.60739        0.402551 
        7.50842         8.54117        0.400333 
         7.5241         8.51119        0.398134 
        7.53981         8.45721        0.395948 
        7.55552          8.3942        0.393778 
        7.57125         8.34554        0.391621 
        7.58698          8.3031         0.38948 
        7.60268         8.24876         0.38736 
         7.6184         8.19898        0.385253 
        7.63411         8.14905        0.383162 
        7.64981         8.10058        0.381088 
        7.66552         8.05303        0.379029 
        7.68123          8.0152        0.376985 
        7.69695         7.95769        0.374954 
        7.71264         7.91589        0.372941 
        7.72834         7.86415        0.370943 
        7.74407         7.82093        0.368955 
        7.75978         7.78415        0.366984 
        7.77546         7.73395        0.365031 
        7.79116         7.68526         0.36309 
         7.8069         7.63366        0.361159 
         7.8226         7.59676        0.359245 
        7.83828         7.55431        0.357348 
        7.85399         7.50429        0.355462 
        7.86972         7.45826        0.353586 
        7.88543         7.43154        0.351727 
        7.90111         7.37948        0.349884 
        7.91681         7.35409        0.348052 
        7.93255         7.29393        0.346229 
        7.94828         7.25106         0.34442 
        7.96397         7.21483        0.342627 
        7.97967         7.18049        0.340847 
        7.99538         7.13121        0.339078 
         8.0111         7.09513        0.337321 
         8.0268         7.03849        0.335578 
        8.04248         7.01143        0.333849 
         8.0582         6.96205        0.332129 
        8.07393         6.93167        0.330419 
        8.08963         6.89111        0.328725 
        8.10533          6.8485        0.327042 
        8.12104         6.81389         0.32537 
        8.13675         6.76981         0.32371 
        8.15245         6.74547        0.322062 
        8.16815         6.70751        0.320426 
        8.18387         6.65823        0.318799 
        8.19959         6.62905        0.317183 
         8.2153         6.59017         0.31558 
        8.23101         6.55283        0.313987 
        8.24672         6.50386        0.312406 
        8.26241         6.47689        0.310838 
         8.2781         6.43705         0.30928 
        8.29381         6.40612         0.30773 
        8.30952         6.37301        0.306192 
        8.32524         6.34133        0.304662 
        8.34095         6.30335        0.303144 
        8.35666         6.27491        0.301637 
        8.37237          6.2311         0.30014 
        8.38808         6.19583        0.298652 
        8.40379         6.16264        0.297176 
         8.4195         6.13596        0.295709 
         8.4352          6.0973        0.294252 
        8.45091         6.05746        0.292805 
        8.46662         6.03024        0.291367 
        8.48232         6.00034         0.28994 
        8.49802           5.967        0.288522 
        8.51374         5.93709        0.287112 
        8.52945          5.8998        0.285712 
        8.54515          5.8744        0.284323 
        8.56086         5.84903        0.282941 
        8.57658         5.80772        0.281568 
        8.59228         5.78496        0.280206 
        8.60799         5.74202        0.278852 
        8.62371         5.71522        0.277506 
        8.63942          5.6832         0.27617 
        8.65512          5.6574        0.274843 
        8.67082         5.61551        0.273525 
        8.68653          5.5953        0.272214 
        8.70224         5.56986        0.270913 
        8.71795         5.53368         0.26962 
        8.73365         5.51017        0.268335 
        8.74936         5.47555        0.267059 
        8.76506         5.45476        0.265792 
        8.78076         5.41977        0.264533 
        8.79646         5.39955        0.263282 
        8.81218         5.36192        0.262038 
        8.82791         5.33895          0.2608 
         8.8436         5.31257        0.259573 
         8.8593         5.27909        0.258355 
        8.87503         5.25148        0.257141 
        8.89076         5.22609        0.255935 
        8.90644         5.19481         0.25474 
        8.92214         5.17349        0.253552 
        8.93786         5.15013         0.25237 
        8.95357          5.1235        0.251196 
        8.96928         5.09452         0.25003 
        8.98498         5.07339        0.248871 
        9.00069          5.0446        0.247719 
        9.01639         5.02241        0.246575 
        9.03208         5.00003        0.245439 
        9.04778         4.96427        0.244309 
        9.06351         4.94401        0.243185 
        9.07923         4.92022        0.242068 
        9.09493         4.89321         0.24096 
        9.11062         4.85903        0.239859 
        9.12635          4.8399        0.238763 
        9.14207          4.8209        0.237674 
        9.15777         4.79668        0.236592 
        9.17346         4.77416        0.235519 
        9.18917         4.75052         0.23445 
         9.2049          4.7225        0.233387 
        9.22061         4.70296        0.232332 
        9.23631         4.67341        0.231284 
        9.25201         4.65452        0.230242 
        9.26773         4.63554        0.229206 
        9.28343         4.61304        0.228177 
        9.29913         4.58527        0.227154 
        9.31484         4.56754        0.226137 
        9.33057         4.53742        0.225125 
        9.34627         4.52164        0.224121 
        9.36197         4.49608        0.223123 
        9.37768         4.47755         0.22213 
        9.39338         4.45756        0.221144 
        9.40909          4.4381        0.220164 
        9.42479         4.40974         0.21919 
         9.4405         4.39767        0.218222 
        9.45621         4.37521        0.217259 
        9.47193         4.34963        0.216302 
        9.48763         4.32767        0.215351 
        9.50334         4.31373        0.214406 
        9.51906         4.28482        0.213466 
        9.53476         4.26499        0.212533 
        9.55045         4.25464        0.211605 
        9.56616         4.22675        0.210682 
        9.58188         4.20455        0.209764 
        9.59759         4.19098        0.208851 
         9.6133         4.17367        0.207944 
        9.62901         4.15379        0.207042 
        9.64471          4.1319        0.206145 
        9.66041         4.11702        0.205254 
        9.67612         4.09206        0.204366 
        9.69184         4.07245        0.203484 
        9.70754         4.05704        0.202608 
        9.72324         4.03991        0.201737 
        9.73895          4.0202        0.200871 
        9.75467         4.00021        0.200011 
        9.77038          3.9828        0.199157 
        9.78607         3.96545        0.198309 
        9.80177         3.94535        0.197467 
        9.81749         3.92662        0.196629 
         9.8332          3.9139        0.195799 
         9.8489         3.89342        0.194974 
        9.86463         3.87508        0.194153 
        9.88035         3.86033        0.193336 
        9.89606         3.84664        0.192525 
        9.91175         3.82553        0.191717 
        9.92745         3.80609        0.190912 
        9.94317          3.7953        0.190109 
        9.95888         3.77769        0.189308 
        9.97458          3.7631        0.188509 
        9.99029         3.74156         0.18771 
         10.006         3.72638        0.187216 
        10.0217         3.71157        0.187216 
        10.0374         3.69598        0.187216 
        10.0531          3.6819        0.187216 
        10.0688         3.65957        0.187216 
        10.0845         3.64893        0.187216 
        10.1002          3.6322        0.187216 
        10.1159         3.62002        0.187216 
        10.1317         3.60486        0.187216 
        10.1474          3.5843        0.187216 
        10.1631         3.57179        0.187216 
        10.1788         3.55983        0.187216 
        10.1945         3.54274        0.187216 
        10.2102          3.5304        0.187216 
        10.2259         3.51311        0.187216 
        10.2416         3.50004        0.187216 
        10.2573         3.48776        0.187216 
         10.273         3.46978        0.187216 
        10.2887         3.45514        0.187216 
        10.3044         3.44239        0.187216 
        10.3201         3.43039        0.187216 
        10.3359         3.41619        0.187216 
        10.3516         3.40558        0.187216 
        10.3673         3.38535        0.187216 
         10.383         3.37546        0.187216 
        10.3987         3.35969        0.187216 
        10.4144         3.34334        0.187216 
        10.4301         3.33743        0.187216 
        10.4458         3.32569        0.187216 
        10.4615         3.30814        0.187216 
        10.4772         3.30128        0.187216 
        10.4929         3.28433        0.187216 
        10.5086         3.27337        0.187216 
        10.5244         3.25723        0.187216 
        10.5401         3.24551        0.187216 
        10.5558         3.23927        0.187216 
        10.5715         3.22206        0.187216 
        10.5872         3.21258        0.187216 
        10.6029         3.20244        0.187216 
        10.6186         3.19017        0.187216 
        10.6343         3.17925        0.187216 
          10.65         3.16703        0.187216 
        10.6657         3.15144        0.187216 
        10.6814         3.14573        0.187216 
        10.6971         3.13403        0.187216 
        10.7129         3.12163        0.187216 
        10.7286         3.11048        0.187216 
        10.7443         3.09933        0.187216 
          10.76         3.09066        0.187216 
        10.7757         3.07728        0.187216 
        10.7914         3.06519        0.187216 
        10.8071         3.05818        0.187216 
        10.8228         3.04536        0.187216 
        10.8385         3.03869        0.187216 
        10.8542         3.02606        0.187216 
        10.8699         3.01421        0.187216 
        10.8856         3.00754        0.187216 
        10.9014         2.99566        0.187216 
        10.9171         2.98587        0.187216 
        10.9328         2.97411        0.187216 
        10.9485         2.96811        0.187216 
        10.9642         2.95746        0.187216 
        10.9799         2.94727        0.187216 
        10.9956         2.94373        0.187216 
        11.0113         2.93219        0.187216 
         11.027         2.92309        0.187216 
        11.0427         2.91325        0.187216 
        11.0584         2.90343        0.187216 
        11.0741         2.89737        0.187216 
        11.0898         2.88628        0.187216 
        11.1055         2.87984        0.187216 
        11.1212         2.87059        0.187216 
         11.137         2.86215        0.187216 
        11.1527         2.85608        0.187216 
        11.1684           2.843        0.187216 
        11.1841         2.84001        0.187216 
        11.1998         2.82859        0.187216 
        11.2155         2.82255        0.187216 
        11.2312         2.81638        0.187216 
        11.2469         2.80591        0.187216 
        11.2626         2.80154        0.187216 
        11.2783         2.79495        0.187216 
         11.294         2.78773        0.187216 
        11.3097         2.77656        0.187216 
        11.3254          2.7712        0.187216 
        11.3412         2.76155        0.187216 
        11.3569         2.75826        0.187216 
        11.3726         2.74896        0.187216 
        11.3883         2.74309        0.187216 
         11.404         2.73821        0.187216 
        11.4197          2.7331        0.187216 
        11.4354         2.72557        0.187216 
        11.4511         2.71903        0.187216 
        11.4668         2.71253        0.187216 
        11.4825         2.70791        0.187216 
        11.4982         2.70267        0.187216 
         11.514         2.69389        0.187216 
        11.5297         2.68749        0.187216 
        11.5454         2.68325        0.187216 
        11.5611         2.67834        0.187216 
        11.5768         2.67254        0.187216 
        11.5925          2.6648        0.187216 
        11.6082         2.66366        0.187216 
        11.6239         2.65508        0.187216 
        11.6396         2.65393        0.187216 
        11.6553          2.6431        0.187216 
         11.671         2.64351        0.187216 
        11.6867         2.63958        0.187216 
        11.7024         2.63492        0.187216 
        11.7182         2.63026        0.187216 
        11.7339         2.62461        0.187216 
        11.7496         2.62075        0.187216 
        11.7653         2.61532        0.187216 
         11.781         2.61121        0.187216 
        11.7967         2.60811        0.187216 
        11.8124         2.60384        0.187216 
        11.8281         2.59906        0.187216 
        11.8438          2.6004        0.187216 
        11.8595         2.59397        0.187216 
        11.8752         2.58904        0.187216 
         11.891         2.58712        0.187216 
        11.9067         2.58552        0.187216 
        11.9224         2.58419        0.187216 
        11.9381          2.5805        0.187216 
        11.9538         2.57521        0.187216 
        11.9695         2.57345        0.187216 
        11.9852         2.57031        0.187216 
        12.0009         2.56412        0.187216 
        12.0166          2.5638        0.187216 
        12.0323         2.56214        0.187216 
         12.048         2.56196        0.187216 
        12.0637         2.55742        0.187216 
