# k  (h/Mpc)    Pcb(k)  (Mpc/h)^3    Pcb_linear(k) (Mpc/h)^3   ShotnoiseSubtracted = true
      0.0200456         609.388         617.293 
      0.0350414         465.465         460.991 
      0.0492313         347.992         347.056 
      0.0637834         288.977         291.481 
      0.0800726         225.499         227.325 
       0.096163         169.462         167.268 
       0.111083         140.509         138.441 
       0.126058         121.799         122.568 
       0.142273         100.219          100.69 
       0.158546         80.9829         80.4749 
        0.17375         71.1623         70.3415 
       0.188953           63.75         63.4833 
       0.204907         53.8961         54.6032 
       0.220756         46.8076         46.4607 
        0.23588         41.8016         41.5859 
         0.2514         38.0362         37.8486 
       0.267535         34.0413         33.5704 
       0.283568         30.0006         29.6209 
       0.299022         27.3061         26.8717 
       0.314451         25.4556         24.6698 
       0.330372         22.8619          22.379 
       0.346141          20.757         20.2723 
       0.361624          19.004         18.6084 
       0.377134         17.4934         17.2047 
       0.392932         16.6004         15.8446 
       0.408854         14.9784         14.5736 
       0.424564         14.1841         13.4973 
       0.440253         13.0304         12.5594 
       0.455999         11.9635         11.6869 
       0.471626         11.1918         10.8863 
        0.48727         10.7056         10.1693 
       0.502856         10.0394         9.53002 
       0.518488         9.25893         8.93975 
       0.534347         8.65087         8.38575 
       0.550082         8.28509         7.88478 
       0.565732         7.90978         7.43065 
       0.581496         7.42193         7.00881 
       0.597222         6.99125         6.61872 
       0.612804         6.59462         6.26164 
       0.628434         6.31884         5.93133 
       0.644267         6.01283         5.62132 
       0.660051         5.70229         5.33422 
       0.675724         5.38037         5.06891 
       0.691403         5.16109         4.82152 
       0.707174         4.91107         4.58933 
       0.722871         4.78929         4.37344 
        0.73838         4.46636         4.17381 
       0.754018         4.27141         3.98519 
       0.769845         4.04765         3.80623 
        0.78569         3.93644         3.63815 
       0.801365          3.7699         3.48194 
       0.817031         3.63634         3.33507 
       0.832809         3.44517         3.19579 
       0.848511         3.33992         3.06515 
       0.864097         3.22015         2.94275 
       0.879701         3.12292         2.82696 
       0.895507          2.9739         2.71608 
       0.911279         2.87828         2.61141 
        0.92691         2.79512         2.51315 
       0.942635         2.65748         2.41945 
       0.958396         2.57277         2.33035 
       0.974128         2.49511         2.24592 
       0.989692          2.3958         2.16654 
        1.00528           2.322         2.09091 
        1.02113         2.26137         2.01771 
        1.03692         2.19661         1.94832 
        1.05264         2.09859         1.88253 
        1.06832         2.04422         1.81989 
        1.08405         1.97028         1.75996 
        1.09979         1.92466         1.70271 
        1.11537         1.85792         1.64858 
        1.13105         1.78869          1.5965 
        1.14679         1.74665         1.54649 
        1.16256         1.69139         1.49852 
        1.17828         1.65933         1.45277 
        1.19395         1.60034         1.40908 
         1.2097         1.55296         1.36699 
        1.22537         1.50108         1.32682 
          1.241         1.46715          1.2884 
        1.25666         1.44047         1.25141 
        1.27241         1.39753         1.21571 
        1.28819         1.34709         1.18135 
        1.30392         1.31541         1.14842 
        1.31957         1.28809          1.1169 
        1.33529         1.24025         1.08646 
        1.35108         1.21456         1.05703 
        1.36674         1.17928         1.02891 
         1.3824          1.1632         1.00185 
        1.39811         1.12738         0.97567 
        1.41389         1.10003        0.950332 
        1.42964         1.07236        0.925941 
        1.44531         1.05016         0.90253 
        1.46101         1.01765        0.879882 
        1.47667         1.00079        0.858082 
        1.49229         0.96688        0.837083 
        1.50793        0.948178        0.816766 
        1.52367        0.922915        0.796996 
        1.53953         0.90178         0.77775 
        1.55526         0.88927        0.759296 
        1.57092         0.87444        0.741521 
        1.58662        0.857682        0.724274 
        1.60235        0.830706        0.707545 
        1.61809        0.812863        0.691338 
        1.63369        0.789849        0.675785 
        1.64941        0.778531        0.660601 
        1.66519        0.764786        0.645831 
        1.68085        0.743875         0.63162 
        1.69652        0.729448        0.617833 
        1.71228        0.712618        0.604381 
        1.72806        0.699106        0.591321 
        1.74368        0.685972         0.57878 
        1.75933        0.673216        0.566578 
        1.77505        0.661844        0.554673 
        1.79081        0.641174        0.543089 
         1.8065        0.635275        0.531888 
        1.82218        0.618064        0.521013 
        1.83797        0.602802        0.510369 
        1.85367        0.597422        0.500082 
        1.86928        0.584844        0.490142 
        1.88497        0.570275        0.480418 
        1.90073        0.564024        0.470924 
        1.91647        0.550169        0.461695 
        1.93218        0.541605        0.452734 
        1.94787        0.530895        0.444025 
        1.96363        0.522484        0.435511 
        1.97935        0.511536        0.427238 
        1.99499        0.502854        0.419228 
        2.01064        0.494827        0.411413 
         2.0264        0.482227        0.403748 
        2.04216        0.475152        0.396283 
        2.05781        0.468308        0.389054 
        2.07353        0.459146        0.381981 
        2.08928        0.452007        0.375068 
        2.10499        0.442742        0.368346 
        2.12065        0.435958        0.361809 
        2.13633         0.42939        0.355425 
        2.15211         0.42062        0.349155 
        2.16785        0.414677        0.343054 
        2.18349        0.408108        0.337137 
        2.19916        0.400247        0.331348 
        2.21489        0.393064        0.325676 
        2.23063        0.386399        0.320133 
         2.2463        0.380978        0.314745 
        2.26194        0.375986        0.309495 
        2.27765        0.368566        0.304337 
        2.29341        0.363015        0.299284 
        2.30914        0.355552        0.294357 
        2.32486        0.350656        0.289544 
        2.34061        0.344418         0.28483 
        2.35635        0.339628        0.280226 
        2.37203         0.33681         0.27574 
        2.38768        0.330033        0.271361 
        2.40339        0.324847        0.267063 
        2.41914        0.320302        0.262847 
        2.43483        0.314877        0.258738 
         2.4505        0.310114        0.254723 
        2.46622        0.306011         0.25078 
        2.48195        0.300154        0.246921 
        2.49759        0.298847        0.243163 
        2.51328        0.291681        0.239475 
        2.52906        0.287127        0.235839 
        2.54479        0.283482        0.232293 
        2.56049         0.27842        0.228827 
        2.57618        0.276362        0.225434 
        2.59189        0.270595        0.222106 
        2.60758        0.268693         0.21885 
        2.62325        0.264534        0.215663 
        2.63898        0.261643        0.212529 
        2.65468        0.255473        0.209464 
        2.67044        0.253106        0.206447 
        2.68618        0.249407        0.203496 
        2.70184        0.246111        0.200614 
        2.71755        0.242126        0.197782 
        2.73329        0.240788        0.194999 
        2.74897        0.235566         0.19228 
        2.76462        0.233435        0.189618 
        2.78034        0.229598        0.186996 
        2.79607        0.227446        0.184421 
        2.81179        0.222473        0.181898 
        2.82749         0.22116        0.179424 
        2.84321        0.218405        0.176994 
        2.85893        0.214856         0.17461 
        2.87462        0.212022        0.172274 
        2.89033        0.209267        0.169978 
        2.90605        0.207091        0.167723 
        2.92176        0.205311        0.165509 
        2.93747        0.201613        0.163337 
        2.95318        0.199492        0.161203 
        2.96891        0.197244        0.159107 
        2.98456        0.195241        0.157057 
        3.00023        0.192245         0.15504 
        3.01596        0.189539        0.153053 
        3.03164        0.187423        0.151106 
        3.04738        0.185675        0.149188 
         3.0631        0.183531        0.147303 
        3.07883        0.181217        0.145451 
        3.09456        0.179053        0.143631 
        3.11026        0.176295        0.141845 
        3.12596        0.174162         0.14009 
        3.14163        0.172908        0.138369 
        3.15734        0.171088        0.136672 
        3.17308        0.168805           0.135 
        3.18879        0.166928        0.133361 
        3.20447        0.164582        0.131751 
         3.2202        0.163227        0.130163 
         3.2359        0.161188        0.128604 
        3.25157        0.159017        0.127074 
        3.26729        0.157823        0.125564 
        3.28304        0.156245        0.124077 
        3.29877        0.154094        0.122615 
        3.31446        0.153066         0.12118 
        3.33014        0.151108        0.119769 
        3.34585        0.148899        0.118379 
        3.36158          0.1477        0.117008 
        3.37727        0.146696        0.115664 
        3.39294        0.145165        0.114342 
        3.40867         0.14317        0.113036 
        3.42439        0.142291        0.111751 
        3.44008        0.140894        0.110488 
        3.45578        0.139271        0.109245 
        3.47153        0.138149        0.108017 
        3.48724        0.136753        0.106811 
        3.50292        0.135752        0.105626 
        3.51859        0.134019        0.104459 
        3.53431        0.132657        0.103307 
        3.55007         0.13153        0.102169 
        3.56577        0.130756        0.101053 
        3.58146        0.129199       0.0999538 
        3.59719        0.127918       0.0988686 
        3.61292        0.126902       0.0977999 
        3.62859        0.125953       0.0967511 
        3.64429        0.124162       0.0957156 
        3.66003        0.123652       0.0946922 
        3.67578        0.122392       0.0936841 
        3.69146        0.121428       0.0926945 
        3.70712        0.120346        0.091721 
        3.72284        0.119504        0.090758 
        3.73853        0.118623       0.0898104 
        3.75422        0.117303        0.088876 
        3.76993         0.11634       0.0879542 
        3.78564        0.115587       0.0870458 
        3.80137        0.114845       0.0861488 
        3.81707        0.113108       0.0852663 
        3.83279        0.112579       0.0843955 
        3.84853        0.111646       0.0835354 
        3.86424        0.110794       0.0826891 
        3.87992         0.10993       0.0818557 
        3.89561        0.108974       0.0810338 
        3.91134        0.107905       0.0802215 
        3.92704        0.107027       0.0794213 
        3.94273        0.106108       0.0786329 
        3.95845        0.105097       0.0778537 
        3.97418        0.104398       0.0770849 
        3.98988        0.102946       0.0763275 
        4.00554        0.102396       0.0755824 
        4.02125        0.101458       0.0748451 
        4.03698       0.0998601       0.0741166 
        4.05268       0.0991456       0.0733994 
        4.06839       0.0977453       0.0726911 
         4.0841       0.0964842       0.0719925 
        4.09983       0.0954772        0.071302 
        4.11555       0.0941967        0.070621 
        4.13124       0.0931116       0.0699506 
        4.14693       0.0920109       0.0692884 
        4.16266       0.0907834       0.0686333 
        4.17839       0.0898511       0.0679871 
        4.19408       0.0888689       0.0673506 
        4.20977       0.0879374       0.0667221 
        4.22551        0.087091          0.0661 
        4.24123       0.0859878       0.0654865 
        4.25691       0.0852595       0.0648826 
        4.27259       0.0844312        0.064286 
        4.28831       0.0839558       0.0636957 
        4.30404       0.0826346       0.0631123 
        4.31974         0.08227       0.0625375 
        4.33543       0.0815444       0.0619702 
        4.35116       0.0810684       0.0614086 
        4.36688        0.080071       0.0608542 
        4.38255       0.0797074       0.0603086 
        4.39825       0.0791451       0.0597686 
        4.41398       0.0785808       0.0592341 
         4.4297       0.0780715       0.0587068 
        4.44541       0.0775793        0.058186 
        4.46111       0.0769261       0.0576718 
        4.47683       0.0765146       0.0571636 
        4.49251       0.0761866       0.0566625 
        4.50819       0.0759422       0.0561675 
         4.5239       0.0754095       0.0556778 
        4.53962       0.0750907       0.0551933 
        4.55535       0.0750665       0.0547143 
        4.57106       0.0745933       0.0542417 
        4.58678       0.0743375       0.0537746 
         4.6025       0.0741956       0.0533129 
        4.61821       0.0740118       0.0528567 
        4.63391        0.073872       0.0524065 
         4.6496       0.0737757       0.0519616 
        4.66532       0.0736103       0.0515213 
        4.68103        0.073637       0.0510862 
        4.69673       0.0733424       0.0506566 
        4.71241       0.0737452       0.0502324 
        4.72811       0.0733731       0.0498123 
        4.74384       0.0731612       0.0493966 
        4.75955       0.0733767       0.0489861 
        4.77525       0.0735365       0.0485806 
        4.79096       0.0736228       0.0481792 
        4.80669        0.073404       0.0477822 
         4.8224       0.0738439         0.04739 
        4.83809       0.0739149       0.0470027 
        4.85379       0.0741251       0.0466195 
         4.8695       0.0743762       0.0462403 
        4.88521       0.0744679       0.0458654 
        4.90093       0.0749743       0.0454946 
        4.91663       0.0752086       0.0451283 
        4.93234       0.0752598       0.0447656 
        4.94807       0.0757215       0.0444067 
        4.96377       0.0760454       0.0440524 
        4.97943       0.0768628       0.0437027 
        4.99514       0.0769963       0.0433559 
        5.01086        0.077294       0.0430126 
        5.02654        0.078019       0.0426739 
        5.04227       0.0783861       0.0423379 
          5.058       0.0786948       0.0420053 
        5.07371        0.079477       0.0416769 
        5.08942       0.0801815       0.0413521 
        5.10513       0.0807986       0.0410306 
        5.12084       0.0813376       0.0407124 
        5.13656       0.0820695       0.0403977 
        5.15225       0.0829315       0.0400868 
        5.16796       0.0836505       0.0397787 
        5.18369       0.0843075       0.0394735 
         5.1994       0.0851128       0.0391722 
        5.21509       0.0860255       0.0388742 
        5.23079       0.0868084        0.038579 
        5.24649       0.0877052       0.0382871 
        5.26217       0.0887257       0.0379984 
        5.27788       0.0898759       0.0377123 
        5.29359        0.090784        0.037429 
        5.30933       0.0915998       0.0371483 
        5.32504       0.0929179        0.036871 
        5.34073       0.0935193       0.0365967 
        5.35646       0.0949789       0.0363248 
        5.37218       0.0961504       0.0360555 
        5.38789       0.0974628       0.0357894 
        5.40357       0.0985078       0.0355263 
        5.41929       0.0997122       0.0352653 
        5.43502        0.101381       0.0350068 
         5.4507        0.102809       0.0347516 
        5.46639        0.103819       0.0344988 
        5.48212         0.10526        0.034248 
        5.49786        0.107156       0.0339994 
        5.51353        0.109004       0.0337545 
        5.52921        0.109656       0.0335118 
        5.54495        0.112143       0.0332708 
        5.56066        0.113393       0.0330323 
        5.57637        0.115338       0.0327963 
        5.59207        0.116316       0.0325628 
        5.60778        0.118353       0.0323314 
        5.62346        0.119921       0.0321027 
        5.63916        0.122062       0.0318759 
        5.65487        0.124405       0.0316512 
         5.6706        0.125472       0.0314284 
        5.68633        0.128109       0.0312077 
        5.70203        0.130004       0.0309895 
        5.71773        0.132352       0.0307735 
        5.73344        0.134719       0.0305594 
        5.74916        0.137332       0.0303472 
        5.76486        0.139229       0.0301373 
        5.78054        0.141376       0.0299296 
        5.79626        0.144057       0.0297234 
          5.812        0.145722       0.0295189 
         5.8277        0.148331       0.0293169 
        5.84339        0.150923       0.0291168 
        5.85911        0.153243       0.0289182 
        5.87484        0.155695       0.0287215 
        5.89053        0.158155        0.028527 
        5.90623        0.162568       0.0283343 
        5.92195          0.1638       0.0281429 
        5.93767        0.166699       0.0279535 
        5.95336        0.169614       0.0277661 
        5.96905        0.173385       0.0275805 
        5.98476        0.175372       0.0273963 
        6.00048        0.178695       0.0272138 
        6.01617        0.181719       0.0270331 
        6.03185        0.184834       0.0268543 
        6.04756        0.186991       0.0266768 
        6.06331        0.192053       0.0265004 
        6.07903        0.194838        0.026326 
        6.09473         0.19715       0.0261533 
        6.11044        0.202715       0.0259821 
        6.12616        0.203711       0.0258124 
        6.14186        0.207823       0.0256444 
        6.15755        0.211648       0.0254779 
        6.17326        0.215711       0.0253127 
        6.18898        0.218206       0.0251489 
        6.20467        0.221801       0.0249869 
        6.22036        0.224989       0.0248263 
         6.2361        0.228143       0.0246667 
         6.2518        0.233577       0.0245088 
        6.26748        0.237429       0.0243526 
        6.28319        0.241915       0.0241973 
        6.29893        0.246131       0.0240432 
        6.31463        0.249494       0.0238908 
        6.33033        0.252415       0.0237397 
        6.34604        0.257611       0.0235898 
        6.36177        0.260217       0.0234411 
        6.37747        0.265702       0.0232939 
        6.39316        0.267891       0.0231481 
        6.40888        0.272221       0.0230032 
         6.4246        0.278872       0.0228596 
        6.44031        0.278877       0.0227173 
        6.45601        0.283232       0.0225764 
        6.47172        0.289288       0.0224365 
        6.48744        0.295136       0.0222977 
        6.50313        0.297725       0.0221604 
        6.51882        0.300689       0.0220242 
        6.53452        0.307289       0.0218891 
        6.55025        0.309723       0.0217549 
        6.56597        0.314576       0.0216219 
        6.58166        0.318632       0.0214903 
        6.59736        0.323088       0.0213597 
        6.61307        0.329081         0.02123 
         6.6288        0.332484       0.0211014 
         6.6445        0.336213       0.0209739 
         6.6602        0.340526       0.0208476 
        6.67592        0.346037       0.0207221 
        6.69164        0.348646       0.0205978 
        6.70735        0.353899       0.0204745 
        6.72304        0.358618       0.0203523 
        6.73874        0.361949       0.0202311 
        6.75446        0.366733       0.0201107 
        6.77016        0.371741       0.0199915 
        6.78585        0.374059       0.0198733 
        6.80156        0.380552       0.0197559 
        6.81729        0.383915       0.0196393 
        6.83301        0.389214       0.0195237 
         6.8487        0.392685       0.0194093 
         6.8644        0.393749       0.0192957 
        6.88012        0.398184       0.0191829 
        6.89583        0.402057       0.0190712 
        6.91151        0.407319       0.0189604 
        6.92723        0.410091       0.0188503 
        6.94296        0.418952        0.018741 
        6.95866        0.418537       0.0186328 
        6.97436        0.423982       0.0185254 
        6.99007        0.423236       0.0184188 
        7.00578        0.429996       0.0183131 
        7.02147        0.433796       0.0182083 
        7.03718        0.434118       0.0181042 
         7.0529        0.440702       0.0180008 
        7.06863        0.442384       0.0178982 
        7.08433         0.44897       0.0177966 
        7.10004        0.452003       0.0176958 
        7.11575        0.451732       0.0175957 
        7.13145        0.457121       0.0174964 
        7.14715        0.459362       0.0173979 
        7.16284        0.463778       0.0173003 
        7.17855        0.467958       0.0172032 
        7.19428        0.469211       0.0171068 
        7.20998        0.471335       0.0170113 
        7.22568        0.475138       0.0169166 
        7.24139        0.475501       0.0168225 
        7.25711        0.479928       0.0167291 
        7.27282        0.484357       0.0166364 
        7.28852        0.485626       0.0165445 
        7.30423         0.48659       0.0164532 
        7.31995        0.488961       0.0163627 
        7.33565        0.489825       0.0162728 
        7.35135        0.493583       0.0161836 
        7.36706        0.496792       0.0160951 
        7.38277        0.500171       0.0160072 
        7.39847        0.498967       0.0159201 
        7.41419        0.501464       0.0158335 
         7.4299        0.501215       0.0157475 
        7.44561        0.504412       0.0156623 
        7.46132        0.506063       0.0155776 
        7.47701         0.50929       0.0154937 
        7.49272        0.513139       0.0154103 
        7.50842        0.511857       0.0153276 
         7.5241        0.511847       0.0152456 
        7.53981        0.512039        0.015164 
        7.55552        0.515249        0.015083 
        7.57125        0.518071       0.0150026 
        7.58698        0.517223       0.0149227 
        7.60268        0.520837       0.0148435 
         7.6184        0.520119       0.0147649 
        7.63411        0.522512       0.0146868 
        7.64981        0.522996       0.0146093 
        7.66552        0.523408       0.0145324 
        7.68123        0.521478       0.0144561 
        7.69695        0.522723       0.0143802 
        7.71264        0.524542        0.014305 
        7.72834        0.524329       0.0142303 
        7.74407        0.527729        0.014156 
        7.75978        0.527617       0.0140823 
        7.77546        0.528742       0.0140093 
        7.79116        0.526324       0.0139367 
         7.8069        0.524486       0.0138645 
         7.8226        0.527499       0.0137929 
        7.83828        0.529853        0.013722 
        7.85399        0.529498       0.0136514 
        7.86972        0.529907       0.0135812 
        7.88543        0.528367       0.0135116 
        7.90111        0.528095       0.0134426 
        7.91681        0.528901        0.013374 
        7.93255        0.527306       0.0133058 
        7.94828        0.529808        0.013238 
        7.96397        0.528153       0.0131709 
        7.97967         0.52834       0.0131042 
        7.99538        0.528083        0.013038 
         8.0111        0.529519       0.0129721 
         8.0268        0.529718       0.0129068 
        8.04248        0.529529        0.012842 
         8.0582        0.527796       0.0127776 
        8.07393         0.52926       0.0127135 
        8.08963        0.529697       0.0126499 
        8.10533        0.531168       0.0125869 
        8.12104        0.528764       0.0125241 
        8.13675        0.530007       0.0124619 
        8.15245        0.530638       0.0124001 
        8.16815        0.532049       0.0123387 
        8.18387        0.528084       0.0122776 
        8.19959        0.530377        0.012217 
         8.2153        0.530075       0.0121568 
        8.23101        0.530164        0.012097 
        8.24672        0.532514       0.0120377 
        8.26241        0.532972       0.0119788 
         8.2781        0.530197       0.0119203 
        8.29381        0.532241       0.0118621 
        8.30952        0.530099       0.0118043 
        8.32524        0.534134       0.0117468 
        8.34095        0.532958       0.0116898 
        8.35666        0.533042       0.0116332 
        8.37237        0.532877       0.0115769 
        8.38808        0.531965        0.011521 
        8.40379        0.533255       0.0114655 
         8.4195        0.530429       0.0114103 
         8.4352        0.533922       0.0113555 
        8.45091        0.530592       0.0113011 
        8.46662         0.53179        0.011247 
        8.48232        0.534087       0.0111933 
        8.49802        0.533676         0.01114 
        8.51374        0.534373       0.0110869 
        8.52945        0.532721       0.0110343 
        8.54515        0.534926        0.010982 
        8.56086         0.53499         0.01093 
        8.57658         0.53333       0.0108783 
        8.59228        0.534768        0.010827 
        8.60799        0.534161        0.010776 
        8.62371        0.535103       0.0107253 
        8.63942        0.534453        0.010675 
        8.65512        0.532827        0.010625 
        8.67082        0.534039       0.0105753 
        8.68653        0.533432        0.010526 
        8.70224         0.53593       0.0104769 
        8.71795        0.534757       0.0104282 
        8.73365        0.535596       0.0103798 
        8.74936        0.537131       0.0103317 
        8.76506        0.535346       0.0102839 
        8.78076        0.537984       0.0102364 
        8.79646        0.537757       0.0101892 
        8.81218        0.535656       0.0101423 
        8.82791        0.538741       0.0100956 
         8.8436        0.537609       0.0100493 
         8.8593        0.538831       0.0100033 
        8.87503         0.53884      0.00995753 
        8.89076        0.539146      0.00991204 
        8.90644        0.540316      0.00986694 
        8.92214        0.538741      0.00982209 
        8.93786         0.54329      0.00977746 
        8.95357        0.539248      0.00973312 
        8.96928         0.53933      0.00968908 
        8.98498         0.54264      0.00964532 
        9.00069        0.541035      0.00960182 
        9.01639        0.542549      0.00955858 
        9.03208        0.541303      0.00951567 
        9.04778        0.545098      0.00947298 
        9.06351        0.542881      0.00943049 
        9.07923        0.544981      0.00938828 
        9.09493        0.546254      0.00934638 
        9.11062        0.543897      0.00930476 
        9.12635        0.546473      0.00926331 
        9.14207        0.546672      0.00922212 
        9.15777        0.545682      0.00918123 
        9.17346        0.548713      0.00914062 
        9.18917        0.547068       0.0091002 
         9.2049        0.549438      0.00905999 
        9.22061        0.547984      0.00902006 
        9.23631        0.550178      0.00898039 
        9.25201         0.55216      0.00894097 
        9.26773        0.550385      0.00890175 
        9.28343        0.555025      0.00886279 
        9.29913        0.551485      0.00882407 
        9.31484        0.553883      0.00878557 
        9.33057        0.554384      0.00874725 
        9.34627         0.55531       0.0087092 
        9.36197        0.556038      0.00867142 
        9.37768        0.554878      0.00863381 
        9.39338        0.558251      0.00859645 
        9.40909        0.556484      0.00855932 
        9.42479        0.559643      0.00852241 
         9.4405        0.559002      0.00848571 
        9.45621        0.559358      0.00844921 
        9.47193        0.561872      0.00841293 
        9.48763         0.56008      0.00837689 
        9.50334        0.565744      0.00834105 
        9.51906        0.562896      0.00830541 
        9.53476         0.56279      0.00827001 
        9.55045        0.566633      0.00823482 
        9.56616        0.564198      0.00819982 
        9.58188        0.568429      0.00816497 
        9.59759        0.566033      0.00813035 
         9.6133        0.568191      0.00809593 
        9.62901        0.569635      0.00806169 
        9.64471        0.567412      0.00802765 
        9.66041        0.572567      0.00799381 
        9.67612        0.570673      0.00796012 
        9.69184        0.573888      0.00792662 
        9.70754        0.573214      0.00789335 
        9.72324        0.571869      0.00786028 
        9.73895        0.575454       0.0078274 
        9.75467        0.574519      0.00779472 
        9.77038        0.577297      0.00776226 
        9.78607        0.577146      0.00773006 
        9.80177        0.576385      0.00769805 
        9.81749        0.579262      0.00766623 
         9.8332        0.576983      0.00763465 
         9.8489        0.582051      0.00760329 
        9.86463        0.579609      0.00757208 
        9.88035        0.580684      0.00754103 
        9.89606        0.582235      0.00751017 
        9.91175        0.582538      0.00747947 
        9.92745        0.586019      0.00744885 
        9.94317        0.582783       0.0074183 
        9.95888        0.586691      0.00738783 
        9.97458        0.585159      0.00735742 
        9.99029        0.585849      0.00732703 
         10.006        0.588095      0.00730826 
        10.0217        0.586054      0.00730826 
        10.0374        0.591403      0.00730826 
        10.0531        0.589806      0.00730826 
        10.0688        0.590371      0.00730826 
        10.0845         0.59226      0.00730826 
        10.1002        0.591151      0.00730826 
        10.1159        0.594264      0.00730826 
        10.1317        0.592255      0.00730826 
        10.1474         0.59512      0.00730826 
        10.1631        0.595214      0.00730826 
        10.1788        0.595038      0.00730826 
        10.1945        0.597576      0.00730826 
        10.2102        0.595903      0.00730826 
        10.2259        0.600231      0.00730826 
        10.2416        0.597981      0.00730826 
        10.2573        0.598881      0.00730826 
         10.273        0.600997      0.00730826 
        10.2887        0.597672      0.00730826 
        10.3044        0.602198      0.00730826 
        10.3201        0.599958      0.00730826 
        10.3359        0.604307      0.00730826 
        10.3516        0.603337      0.00730826 
        10.3673        0.603252      0.00730826 
         10.383        0.606082      0.00730826 
        10.3987        0.604691      0.00730826 
        10.4144         0.60749      0.00730826 
        10.4301        0.607237      0.00730826 
        10.4458        0.606865      0.00730826 
        10.4615        0.608429      0.00730826 
        10.4772        0.606872      0.00730826 
        10.4929        0.611011      0.00730826 
        10.5086        0.610118      0.00730826 
        10.5244        0.610813      0.00730826 
        10.5401         0.61228      0.00730826 
        10.5558         0.61095      0.00730826 
        10.5715        0.614583      0.00730826 
        10.5872        0.612051      0.00730826 
        10.6029        0.614517      0.00730826 
        10.6186        0.615614      0.00730826 
        10.6343        0.614489      0.00730826 
          10.65        0.616716      0.00730826 
        10.6657        0.615567      0.00730826 
        10.6814        0.619077      0.00730826 
        10.6971        0.616806      0.00730826 
        10.7129        0.618365      0.00730826 
        10.7286        0.619853      0.00730826 
        10.7443        0.618134      0.00730826 
          10.76        0.622925      0.00730826 
        10.7757        0.621475      0.00730826 
        10.7914         0.62213      0.00730826 
        10.8071        0.622221      0.00730826 
        10.8228        0.622388      0.00730826 
        10.8385        0.624573      0.00730826 
        10.8542        0.621828      0.00730826 
        10.8699        0.626229      0.00730826 
        10.8856        0.625152      0.00730826 
        10.9014        0.625954      0.00730826 
        10.9171        0.628844      0.00730826 
        10.9328        0.626001      0.00730826 
        10.9485        0.628971      0.00730826 
        10.9642        0.627896      0.00730826 
        10.9799        0.630354      0.00730826 
        10.9956         0.63075      0.00730826 
        11.0113        0.628671      0.00730826 
         11.027        0.632118      0.00730826 
        11.0427        0.630483      0.00730826 
        11.0584        0.633553      0.00730826 
        11.0741        0.633131      0.00730826 
        11.0898        0.632771      0.00730826 
        11.1055        0.635569      0.00730826 
        11.1212        0.634345      0.00730826 
         11.137        0.637203      0.00730826 
        11.1527        0.636051      0.00730826 
        11.1684        0.637056      0.00730826 
        11.1841        0.638276      0.00730826 
        11.1998        0.636774      0.00730826 
        11.2155        0.640282      0.00730826 
        11.2312        0.638709      0.00730826 
        11.2469        0.642018      0.00730826 
        11.2626        0.641873      0.00730826 
        11.2783        0.641526      0.00730826 
         11.294        0.643261      0.00730826 
        11.3097        0.641862      0.00730826 
        11.3254        0.645415      0.00730826 
        11.3412         0.64374      0.00730826 
        11.3569        0.645056      0.00730826 
        11.3726         0.64625      0.00730826 
        11.3883        0.645518      0.00730826 
         11.404        0.648304      0.00730826 
        11.4197        0.648338      0.00730826 
        11.4354        0.648697      0.00730826 
        11.4511        0.649847      0.00730826 
        11.4668        0.649858      0.00730826 
        11.4825        0.651667      0.00730826 
        11.4982        0.649793      0.00730826 
         11.514        0.654424      0.00730826 
        11.5297        0.652976      0.00730826 
        11.5454        0.654692      0.00730826 
        11.5611         0.65614      0.00730826 
        11.5768        0.655551      0.00730826 
        11.5925        0.657985      0.00730826 
        11.6082        0.657416      0.00730826 
        11.6239        0.659634      0.00730826 
        11.6396        0.658959      0.00730826 
        11.6553        0.658712      0.00730826 
         11.671        0.662578      0.00730826 
        11.6867        0.661134      0.00730826 
        11.7024        0.662779      0.00730826 
        11.7182        0.663641      0.00730826 
        11.7339        0.664652      0.00730826 
        11.7496        0.666386      0.00730826 
        11.7653        0.665735      0.00730826 
         11.781        0.667811      0.00730826 
        11.7967        0.668287      0.00730826 
        11.8124        0.669665      0.00730826 
        11.8281        0.670832      0.00730826 
        11.8438          0.6701      0.00730826 
        11.8595        0.673895      0.00730826 
        11.8752        0.671332      0.00730826 
         11.891        0.675072      0.00730826 
        11.9067        0.675644      0.00730826 
        11.9224        0.675909      0.00730826 
        11.9381         0.67826      0.00730826 
        11.9538        0.677328      0.00730826 
        11.9695        0.681015      0.00730826 
        11.9852        0.680251      0.00730826 
        12.0009         0.68106      0.00730826 
        12.0166        0.683682      0.00730826 
        12.0323        0.683539      0.00730826 
         12.048         0.68606      0.00730826 
        12.0637        0.683798      0.00730826 
