# k  (h/Mpc)    Pcb(k)  (Mpc/h)^3    Pcb_linear(k) (Mpc/h)^3   ShotnoiseSubtracted = true
      0.0200456         2268.49         2307.11 
      0.0350414         1672.97         1690.07 
      0.0492313         1242.79         1240.58 
      0.0637834         1075.23         1065.37 
      0.0800726         865.529         858.895 
       0.096163         614.407          618.36 
       0.111083          492.58         499.057 
       0.126058          456.21         454.306 
       0.142273         392.199         387.016 
       0.158546         311.958         303.657 
        0.17375         259.274         258.859 
       0.188953          244.23         238.761 
       0.204907         225.633           212.2 
       0.220756         187.859         178.956 
        0.23588         164.813         156.861 
         0.2514         148.848         144.404 
       0.267535         137.898         131.336 
       0.283568         123.539         115.765 
       0.299022         112.508          103.68 
       0.314451         101.589          95.623 
       0.330372         94.8951          88.169 
       0.346141         86.2365         80.1403 
       0.361624         80.2738         73.1149 
       0.377134         75.7618         67.7021 
       0.392932         67.5786         62.9435 
       0.408854         65.2162         58.1722 
       0.424564         61.5116         53.7862 
       0.440253         56.8727         50.0986 
       0.455999         53.8361         46.8709 
       0.471626         50.5013         43.8386 
        0.48727         48.1883         40.9935 
       0.502856         45.2765          38.459 
       0.518488         43.3948         36.1958 
       0.534347         41.7253         34.0672 
       0.550082         38.2726         32.0936 
       0.565732         35.7827         30.2919 
       0.581496         35.1047         28.6414 
       0.597222         33.9594         27.1184 
       0.612804         31.7509         25.7113 
       0.628434         30.6708         24.3975 
       0.644267         29.8798         23.1683 
       0.660051         28.3633         22.0322 
       0.675724         26.9635         20.9799 
       0.691403         26.1387         19.9961 
       0.707174         25.2494         19.0706 
       0.722871         24.2627          18.208 
        0.73838         23.4445         17.4088 
       0.754018         22.5837         16.6521 
       0.769845         21.8251         15.9327 
        0.78569         21.1667         15.2559 
       0.801365         20.3859         14.6257 
       0.817031         19.8648         14.0324 
       0.832809         19.4481         13.4688 
       0.848511         18.2827         12.9394 
       0.864097         17.9461         12.4427 
       0.879701         17.4754         11.9721 
       0.895507         16.8607         11.5208 
       0.911279         16.5234         11.0942 
        0.92691         16.0579         10.6932 
       0.942635         15.3976         10.3101 
       0.958396         15.0474         9.94539 
       0.974128         14.6601         9.59931 
       0.989692         14.5293         9.27344 
        1.00528         14.0762          8.9625 
        1.02113          13.524         8.66119 
        1.03692         13.2688         8.37511 
        1.05264         12.9637          8.1035 
        1.06832          12.694         7.84459 
        1.08405         12.2726         7.59652 
        1.09979         12.0246         7.35922 
        1.11537         11.8431          7.1346 
        1.13105          11.552         6.91819 
        1.14679          11.354         6.71009 
        1.16256         10.9968         6.51029 
        1.17828         10.9213         6.31944 
        1.19395         10.5382         6.13703 
         1.2097         10.3406         5.96102 
        1.22537         10.0909         5.79289 
          1.241         9.95878         5.63188 
        1.25666         9.81701         5.47669 
        1.27241         9.53973         5.32674 
        1.28819           9.339         5.18224 
        1.30392         9.23708         5.04362 
        1.31957         9.05145         4.91078 
        1.33529         8.90008         4.78233 
        1.35108         8.66393         4.65804 
        1.36674         8.63437         4.53914 
         1.3824         8.34037         4.42457 
        1.39811         8.24167         4.31365 
        1.41389         8.12034         4.20616 
        1.42964         8.00094         4.10259 
        1.44531         7.87147         4.00307 
        1.46101         7.70505          3.9067 
        1.47667         7.57624         3.81384 
        1.49229         7.50417          3.7243 
        1.50793         7.31487         3.63759 
        1.52367         7.25524         3.55312 
        1.53953         7.11094         3.47081 
        1.55526         6.99865         3.39181 
        1.57092          6.9455         3.31564 
        1.58662         6.78885         3.24167 
        1.60235          6.7079         3.16985 
        1.61809          6.5976          3.1002 
        1.63369         6.49408          3.0333 
        1.64941         6.41705         2.96793 
        1.66519          6.3421         2.90428 
        1.68085         6.22374         2.84298 
        1.69652         6.12322         2.78346 
        1.71228         6.05168         2.72534 
        1.72806         5.97214         2.66886 
        1.74368         5.86549         2.61457 
        1.75933         5.82082          2.5617 
        1.77505         5.73821         2.51008 
        1.79081         5.62136         2.45981 
         1.8065         5.58568         2.41115 
        1.82218         5.51985         2.36388 
        1.83797         5.46997         2.31757 
        1.85367         5.36767         2.27277 
        1.86928         5.32829         2.22945 
        1.88497         5.23804         2.18704 
        1.90073         5.15288         2.14559 
        1.91647         5.10436         2.10528 
        1.93218         5.06217          2.0661 
        1.94787         5.01191         2.02799 
        1.96363         4.93865          1.9907 
        1.97935         4.87199         1.95445 
        1.99499         4.79446         1.91932 
        2.01064         4.75923         1.88501 
         2.0264          4.7005         1.85134 
        2.04216         4.66645         1.81852 
        2.05781         4.60171         1.78672 
        2.07353         4.54695         1.75557 
        2.08928         4.51598         1.72512 
        2.10499         4.45581         1.69547 
        2.12065         4.42417         1.66663 
        2.13633         4.36085         1.63844 
        2.15211         4.31158         1.61073 
        2.16785         4.26943         1.58375 
        2.18349          4.2284         1.55757 
        2.19916         4.15186         1.53193 
        2.21489         4.14184         1.50679 
        2.23063         4.08029         1.48221 
         2.2463         4.05453         1.45829 
        2.26194           4.002         1.43498 
        2.27765         3.97879         1.41205 
        2.29341         3.93068         1.38958 
        2.30914         3.89189         1.36765 
        2.32486         3.86381         1.34622 
        2.34061         3.82611         1.32521 
        2.35635         3.76608         1.30468 
        2.37203         3.75705         1.28466 
        2.38768         3.71434         1.26511 
        2.40339          3.6843          1.2459 
        2.41914         3.63599         1.22705 
        2.43483         3.61771         1.20866 
         2.4505         3.56088         1.19069 
        2.46622         3.55644         1.17302 
        2.48195         3.49988         1.15572 
        2.49759         3.47796         1.13886 
        2.51328         3.44729         1.12231 
        2.52906         3.43612         1.10598 
        2.54479         3.38551         1.09004 
        2.56049         3.36065         1.07445 
        2.57618         3.32728         1.05918 
        2.59189         3.32305         1.04419 
        2.60758          3.2753         1.02952 
        2.62325         3.25006         1.01516 
        2.63898          3.2099         1.00102 
        2.65468         3.18758        0.987185 
        2.67044         3.16837        0.973555 
        2.68618         3.13648        0.960219 
        2.70184         3.10986        0.947189 
        2.71755         3.09247        0.934372 
        2.73329         3.05998        0.921775 
        2.74897         3.04575        0.909456 
        2.76462         3.01316        0.897392 
        2.78034         2.99603          0.8855 
        2.79607         2.95802        0.873815 
        2.81179         2.94514        0.862357 
        2.82749         2.92225         0.85112 
        2.84321         2.89633        0.840073 
        2.85893         2.88147        0.829229 
        2.87462         2.85338        0.818598 
        2.89033         2.82804        0.808146 
        2.90605         2.80664         0.79787 
        2.92176         2.78867         0.78778 
        2.93747         2.76425        0.777873 
        2.95318         2.74459        0.768136 
        2.96891         2.73078        0.758564 
        2.98456          2.7099          0.7492 
        3.00023         2.69021        0.739982 
        3.01596         2.66777        0.730893 
        3.03164         2.64943        0.721985 
        3.04738         2.62927        0.713202 
         3.0631         2.60425        0.704569 
        3.07883         2.59419        0.696081 
        3.09456         2.57797        0.687737 
        3.11026         2.55485        0.679544 
        3.12596          2.5392        0.671487 
        3.14163         2.52045        0.663581 
        3.15734         2.50668        0.655786 
        3.17308         2.48221        0.648099 
        3.18879         2.47839        0.640558 
        3.20447         2.45936        0.633149 
         3.2202         2.43581        0.625837 
         3.2359         2.42138        0.618655 
        3.25157         2.40886        0.611604 
        3.26729         2.38309        0.604643 
        3.28304          2.3837        0.597778 
        3.29877         2.35445        0.591031 
        3.31446         2.33392        0.584403 
        3.33014         2.33263        0.577885 
        3.34585         2.31724        0.571457 
        3.36158         2.29734        0.565119 
        3.37727         2.28508        0.558899 
        3.39294         2.26316        0.552779 
        3.40867         2.24463        0.546729 
        3.42439         2.23887        0.540775 
        3.44008         2.22861        0.534923 
        3.45578         2.21853        0.529154 
        3.47153         2.19627        0.523458 
        3.48724         2.18329        0.517857 
        3.50292         2.17105        0.512353 
        3.51859         2.16212        0.506932 
        3.53431         2.14486        0.501574 
        3.55007         2.13029        0.496282 
        3.56577         2.11731        0.491087 
        3.58146         2.11285        0.485971 
        3.59719         2.09542        0.480916 
        3.61292         2.08689        0.475936 
        3.62859         2.07059        0.471046 
        3.64429         2.05648        0.466217 
        3.66003         2.04358        0.461441 
        3.67578         2.03231        0.456735 
        3.69146         2.02398        0.452114 
        3.70712         2.00217        0.447565 
        3.72284         1.99969        0.443063 
        3.73853         1.98572        0.438632 
        3.75422         1.97834         0.43426 
        3.76993         1.96424        0.429945 
        3.78564         1.95153        0.425691 
        3.80137         1.93593        0.421489 
        3.81707         1.93003        0.417353 
        3.83279         1.91559         0.41327 
        3.84853         1.90913        0.409236 
        3.86424         1.89278        0.405264 
        3.87992         1.88972        0.401351 
        3.89561         1.87468        0.397491 
        3.91134         1.86649        0.393674 
        3.92704         1.85137        0.389913 
        3.94273         1.84863        0.386204 
        3.95845         1.83671        0.382539 
        3.97418         1.82515         0.37892 
        3.98988         1.81153        0.375354 
        4.00554         1.79742        0.371844 
        4.02125         1.79452         0.36837 
        4.03698         1.77882        0.364935 
        4.05268         1.76786        0.361552 
        4.06839         1.75317         0.35821 
         4.0841         1.74758        0.354912 
        4.09983         1.73325        0.351652 
        4.11555         1.72281        0.348435 
        4.13124         1.71459        0.345267 
        4.14693         1.69909        0.342136 
        4.16266         1.68779        0.339037 
        4.17839         1.67922        0.335979 
        4.19408         1.67131        0.332967 
        4.20977         1.65952         0.32999 
        4.22551         1.65018        0.327043 
        4.24123         1.64236        0.324136 
        4.25691         1.62694        0.321273 
        4.27259         1.62353        0.318443 
        4.28831         1.61085        0.315643 
        4.30404         1.60582        0.312873 
        4.31974         1.58864        0.310144 
        4.33543         1.58503        0.307449 
        4.35116         1.57782         0.30478 
        4.36688         1.56284        0.302145 
        4.38255         1.55651         0.29955 
        4.39825         1.54908        0.296981 
        4.41398         1.54369        0.294438 
         4.4297         1.53601        0.291927 
        4.44541         1.52586        0.289446 
        4.46111          1.5204        0.286997 
        4.47683         1.51509        0.284574 
        4.49251         1.50334        0.282185 
        4.50819         1.49913        0.279824 
         4.5239         1.48856        0.277487 
        4.53962         1.48113        0.275174 
        4.55535         1.47034        0.272887 
        4.57106         1.46825         0.27063 
        4.58678         1.46073        0.268398 
         4.6025         1.45442         0.26619 
        4.61821         1.44726        0.264009 
        4.63391         1.43815        0.261855 
         4.6496         1.43069        0.259726 
        4.66532         1.42604        0.257618 
        4.68103         1.42133        0.255534 
        4.69673         1.41338        0.253476 
        4.71241         1.40728        0.251443 
        4.72811         1.40265        0.249429 
        4.74384         1.39228        0.247435 
        4.75955         1.38805        0.245466 
        4.77525         1.37989         0.24352 
        4.79096          1.3747        0.241593 
        4.80669         1.36914        0.239686 
         4.8224         1.36425        0.237802 
        4.83809         1.35911        0.235941 
        4.85379         1.35122        0.234099 
         4.8695          1.3478        0.232275 
        4.88521         1.33829        0.230471 
        4.90093         1.33542        0.228687 
        4.91663         1.33307        0.226923 
        4.93234         1.32205        0.225177 
        4.94807         1.31652        0.223448 
        4.96377         1.31318         0.22174 
        4.97943          1.3089        0.220054 
        4.99514         1.30179        0.218382 
        5.01086         1.29813        0.216726 
        5.02654         1.29491        0.215092 
        5.04227         1.28441        0.213469 
          5.058         1.28247        0.211863 
        5.07371         1.27952        0.210277 
        5.08942          1.2692        0.208707 
        5.10513         1.26777        0.207154 
        5.12084         1.26361        0.205615 
        5.13656         1.26015        0.204093 
        5.15225         1.25498        0.202589 
        5.16796         1.24892        0.201097 
        5.18369         1.24472         0.19962 
         5.1994         1.24011         0.19816 
        5.21509         1.23532        0.196717 
        5.23079         1.23268        0.195286 
        5.24649         1.22847        0.193871 
        5.26217         1.21921        0.192471 
        5.27788         1.21953        0.191083 
        5.29359         1.21428        0.189709 
        5.30933         1.20888        0.188346 
        5.32504         1.20693        0.186999 
        5.34073         1.20243        0.185667 
        5.35646         1.19681        0.184346 
        5.37218         1.19505        0.183037 
        5.38789         1.19311        0.181744 
        5.40357         1.18294        0.180464 
        5.41929         1.18351        0.179194 
        5.43502         1.17663        0.177937 
         5.4507         1.17543        0.176694 
        5.46639         1.16965        0.175463 
        5.48212         1.16681        0.174242 
        5.49786         1.16307        0.173031 
        5.51353         1.15769        0.171837 
        5.52921         1.15422        0.170654 
        5.54495         1.15215        0.169478 
        5.56066         1.14969        0.168315 
        5.57637         1.14752        0.167163 
        5.59207         1.14241        0.166023 
        5.60778         1.13596        0.164894 
        5.62346         1.13597        0.163776 
        5.63916         1.13157        0.162668 
        5.65487         1.12936         0.16157 
         5.6706         1.12792        0.160481 
        5.68633         1.12354        0.159402 
        5.70203         1.12018        0.158335 
        5.71773         1.11741        0.157278 
        5.73344          1.1108         0.15623 
        5.74916         1.11027        0.155191 
        5.76486         1.10595        0.154163 
        5.78054         1.10285        0.153146 
        5.79626         1.09908        0.152135 
          5.812         1.09653        0.151133 
         5.8277         1.09473        0.150142 
        5.84339         1.09051        0.149161 
        5.85911         1.08784        0.148187 
        5.87484         1.08534        0.147221 
        5.89053         1.08276        0.146267 
        5.90623         1.07998         0.14532 
        5.92195         1.07606         0.14438 
        5.93767         1.07243         0.14345 
        5.95336         1.06961        0.142529 
        5.96905         1.06547        0.141616 
        5.98476         1.06339        0.140711 
        6.00048         1.06125        0.139813 
        6.01617         1.05668        0.138924 
        6.03185         1.05485        0.138044 
        6.04756         1.05288         0.13717 
        6.06331         1.05063        0.136302 
        6.07903         1.04772        0.135443 
        6.09473         1.04444        0.134592 
        6.11044         1.04382        0.133748 
        6.12616         1.03816        0.132912 
        6.14186         1.03686        0.132083 
        6.15755         1.03522        0.131262 
        6.17326         1.03214        0.130447 
        6.18898         1.02938        0.129639 
        6.20467         1.02599        0.128839 
        6.22036         1.02225        0.128046 
         6.2361         1.02186        0.127258 
         6.2518         1.01792        0.126477 
        6.26748         1.01611        0.125705 
        6.28319         1.01173        0.124938 
        6.29893         1.00943        0.124176 
        6.31463         1.00771        0.123422 
        6.33033         1.00592        0.122675 
        6.34604          1.0049        0.121933 
        6.36177        0.999838        0.121197 
        6.37747         1.00087        0.120468 
        6.39316        0.997981        0.119746 
        6.40888         0.99405        0.119029 
         6.4246        0.992409        0.118317 
        6.44031        0.989603        0.117612 
        6.45601        0.988023        0.116913 
        6.47172        0.984618        0.116219 
        6.48744        0.983646        0.115531 
        6.50313        0.980545        0.114849 
        6.51882        0.979267        0.114174 
        6.53452        0.974353        0.113503 
        6.55025        0.974233        0.112836 
        6.56597         0.97168        0.112176 
        6.58166        0.970476        0.111522 
        6.59736        0.968032        0.110873 
        6.61307        0.965775        0.110229 
         6.6288        0.962806        0.109589 
         6.6445        0.961668        0.108955 
         6.6602        0.959679        0.108327 
        6.67592        0.955652        0.107703 
        6.69164        0.953378        0.107084 
        6.70735        0.950635         0.10647 
        6.72304        0.951232        0.105861 
        6.73874        0.949272        0.105258 
        6.75446        0.946322        0.104658 
        6.77016        0.945772        0.104064 
        6.78585         0.94376        0.103475 
        6.80156        0.942275         0.10289 
        6.81729        0.938666        0.102308 
        6.83301          0.9374        0.101731 
         6.8487         0.93504        0.101161 
         6.8644        0.933869        0.100594 
        6.88012        0.931869        0.100031 
        6.89583        0.928406       0.0994726 
        6.91151        0.926642       0.0989195 
        6.92723        0.925146       0.0983693 
        6.94296        0.923368       0.0978232 
        6.95866        0.922866       0.0972822 
        6.97436        0.919901       0.0967454 
        6.99007         0.91877       0.0962124 
        7.00578        0.915601       0.0956836 
        7.02147        0.915025       0.0951593 
        7.03718        0.913644       0.0946385 
         7.0529        0.909999       0.0941212 
        7.06863        0.907588       0.0936075 
        7.08433        0.908133       0.0930985 
        7.10004        0.904596       0.0925934 
        7.11575        0.904458        0.092092 
        7.13145        0.902286       0.0915945 
        7.14715        0.902184       0.0911008 
        7.16284        0.897096       0.0906114 
        7.17855         0.89653       0.0901246 
        7.19428        0.895304       0.0896409 
        7.20998        0.894297       0.0891618 
        7.22568        0.892322       0.0886862 
        7.24139        0.889236        0.088214 
        7.25711        0.887539        0.087745 
        7.27282         0.88746       0.0872796 
        7.28852        0.884211       0.0868181 
        7.30423        0.882596       0.0863594 
        7.31995        0.881218       0.0859042 
        7.33565        0.878927       0.0854525 
        7.35135        0.878548       0.0850041 
        7.36706        0.877773       0.0845591 
        7.38277        0.875469       0.0841169 
        7.39847        0.873424       0.0836783 
        7.41419        0.872415       0.0832425 
         7.4299        0.871563         0.08281 
        7.44561        0.868276       0.0823806 
        7.46132        0.867947       0.0819544 
        7.47701        0.866124       0.0815317 
        7.49272         0.86642       0.0811115 
        7.50842         0.86332       0.0806945 
         7.5241        0.861548       0.0802811 
        7.53981        0.860864       0.0798699 
        7.55552        0.859296       0.0794615 
        7.57125        0.858311       0.0790556 
        7.58698        0.855421       0.0786525 
        7.60268        0.854545       0.0782531 
         7.6184        0.854915       0.0778561 
        7.63411        0.852655       0.0774619 
        7.64981        0.850647       0.0770708 
        7.66552        0.848285       0.0766823 
        7.68123        0.846642       0.0762964 
        7.69695        0.846522       0.0759131 
        7.71264        0.845184        0.075533 
        7.72834        0.843709       0.0751554 
        7.74407        0.841397       0.0747798 
        7.75978        0.840403       0.0744069 
        7.77546        0.837905       0.0740376 
        7.79116        0.837957       0.0736704 
         7.8069        0.836209       0.0733049 
         7.8226        0.836215       0.0729425 
        7.83828         0.83527       0.0725832 
        7.85399        0.832934       0.0722259 
        7.86972        0.832209       0.0718703 
        7.88543         0.83044       0.0715177 
        7.90111        0.829974       0.0711682 
        7.91681        0.828264       0.0708204 
        7.93255        0.827092       0.0704744 
        7.94828         0.82573       0.0701309 
        7.96397        0.825238       0.0697903 
        7.97967         0.82294        0.069452 
        7.99538        0.822361       0.0691158 
         8.0111        0.822268       0.0687817 
         8.0268         0.81933       0.0684501 
        8.04248        0.819541       0.0681211 
         8.0582        0.819086       0.0677936 
        8.07393        0.817226       0.0674681 
        8.08963        0.815997       0.0671453 
        8.10533        0.813685       0.0668247 
        8.12104         0.81245       0.0665059 
        8.13675        0.811862       0.0661893 
        8.15245        0.811861        0.065875 
        8.16815        0.811178       0.0655628 
        8.18387        0.809391       0.0652522 
        8.19959          0.8084       0.0649436 
         8.2153        0.808536       0.0646373 
        8.23101        0.806925        0.064333 
        8.24672        0.805731       0.0640307 
        8.26241        0.805112       0.0637308 
         8.2781        0.804017       0.0634328 
        8.29381        0.803736       0.0631363 
        8.30952        0.802119       0.0628417 
        8.32524        0.802165       0.0625489 
        8.34095        0.800552       0.0622581 
        8.35666        0.799821       0.0619693 
        8.37237        0.798955       0.0616823 
        8.38808        0.797154       0.0613971 
        8.40379        0.796225       0.0611138 
         8.4195        0.796262       0.0608323 
         8.4352        0.794999       0.0605527 
        8.45091        0.794743       0.0602749 
        8.46662        0.793989       0.0599987 
        8.48232         0.79252       0.0597245 
        8.49802        0.791682       0.0594519 
        8.51374        0.791298       0.0591809 
        8.52945        0.789611       0.0589116 
        8.54515        0.788012       0.0586443 
        8.56086        0.788628       0.0583783 
        8.57658        0.788306       0.0581141 
        8.59228        0.786599       0.0578518 
        8.60799        0.786968       0.0575908 
        8.62371        0.785106       0.0573315 
        8.63942        0.785022       0.0570739 
        8.65512        0.783589        0.056818 
        8.67082        0.782392       0.0565637 
        8.68653        0.781785       0.0563109 
        8.70224        0.780851       0.0560596 
        8.71795        0.780505         0.05581 
        8.73365        0.779933       0.0555618 
        8.74936        0.778429       0.0553152 
        8.76506        0.777936       0.0550703 
        8.78076        0.777597       0.0548268 
        8.79646        0.776182       0.0545849 
        8.81218        0.776803       0.0543441 
        8.82791        0.774664       0.0541046 
         8.8436        0.775057       0.0538671 
         8.8593        0.774642       0.0536311 
        8.87503        0.774031        0.053396 
        8.89076         0.77324       0.0531624 
        8.90644        0.771892       0.0529308 
        8.92214        0.770484       0.0527004 
        8.93786        0.770747       0.0524711 
        8.95357        0.770346       0.0522433 
        8.96928        0.769714       0.0520169 
        8.98498        0.768676       0.0517919 
        9.00069        0.767317       0.0515683 
        9.01639        0.768434       0.0513459 
        9.03208        0.765975       0.0511252 
        9.04778        0.766459       0.0509056 
        9.06351        0.765395        0.050687 
        9.07923        0.765044       0.0504697 
        9.09493         0.76555        0.050254 
        9.11062        0.763397       0.0500397 
        9.12635        0.762023       0.0498263 
        9.14207        0.763085       0.0496141 
        9.15777        0.762705       0.0494035 
        9.17346        0.761283       0.0491943 
        9.18917        0.760945       0.0489859 
         9.2049        0.760805       0.0487787 
        9.22061         0.76023       0.0485728 
        9.23631        0.758981       0.0483683 
        9.25201        0.758833        0.048165 
        9.26773        0.757707       0.0479627 
        9.28343         0.75835       0.0477616 
        9.29913        0.757635       0.0475618 
        9.31484         0.75688       0.0473632 
        9.33057        0.756283       0.0471653 
        9.34627        0.755535       0.0469689 
        9.36197        0.755924       0.0467737 
        9.37768         0.75476       0.0465795 
        9.39338        0.753727       0.0463865 
        9.40909        0.754744       0.0461946 
        9.42479        0.753959       0.0460039 
         9.4405        0.752914       0.0458142 
        9.45621        0.753296       0.0456255 
        9.47193        0.752489       0.0454379 
        9.48763        0.752295       0.0452515 
        9.50334        0.752208       0.0450661 
        9.51906        0.750716       0.0448817 
        9.53476        0.750825       0.0446985 
        9.55045        0.750113       0.0445164 
        9.56616        0.749935       0.0443352 
        9.58188        0.749673       0.0441548 
        9.59759        0.749928       0.0439755 
         9.6133        0.749006       0.0437972 
        9.62901        0.748947       0.0436198 
        9.64471        0.747609       0.0434435 
        9.66041        0.747995       0.0432681 
        9.67612        0.747846       0.0430935 
        9.69184        0.746982       0.0429198 
        9.70754        0.746597       0.0427473 
        9.72324        0.746395       0.0425758 
        9.73895        0.747145       0.0424053 
        9.75467        0.745161       0.0422357 
        9.77038        0.745079       0.0420673 
        9.78607        0.745038       0.0419002 
        9.80177        0.744534       0.0417341 
        9.81749        0.744739       0.0415688 
         9.8332        0.745055       0.0414049 
         9.8489        0.744896        0.041242 
        9.86463        0.743052       0.0410798 
        9.88035        0.743921       0.0409185 
        9.89606          0.7435       0.0407581 
        9.91175         0.74324       0.0405985 
        9.92745        0.742826       0.0404394 
        9.94317        0.742997       0.0402806 
        9.95888        0.741794       0.0401222 
        9.97458        0.741591       0.0399641 
        9.99029        0.741622       0.0398061 
         10.006         0.74236       0.0397085 
        10.0217        0.741307       0.0397085 
        10.0374         0.74129       0.0397085 
        10.0531        0.741412       0.0397085 
        10.0688        0.741397       0.0397085 
        10.0845        0.740161       0.0397085 
        10.1002        0.740732       0.0397085 
        10.1159        0.740896       0.0397085 
        10.1317        0.740403       0.0397085 
        10.1474        0.739973       0.0397085 
        10.1631        0.740529       0.0397085 
        10.1788        0.739118       0.0397085 
        10.1945        0.740194       0.0397085 
        10.2102        0.739259       0.0397085 
        10.2259        0.739487       0.0397085 
        10.2416        0.739654       0.0397085 
        10.2573        0.738831       0.0397085 
         10.273         0.73916       0.0397085 
        10.2887        0.739807       0.0397085 
        10.3044        0.738806       0.0397085 
        10.3201        0.739693       0.0397085 
        10.3359        0.739116       0.0397085 
        10.3516        0.738897       0.0397085 
        10.3673        0.738646       0.0397085 
         10.383        0.739358       0.0397085 
        10.3987        0.738584       0.0397085 
        10.4144        0.739342       0.0397085 
        10.4301        0.738465       0.0397085 
        10.4458         0.73941       0.0397085 
        10.4615        0.738577       0.0397085 
        10.4772        0.738786       0.0397085 
        10.4929        0.738155       0.0397085 
        10.5086        0.739437       0.0397085 
        10.5244        0.739625       0.0397085 
        10.5401        0.738754       0.0397085 
        10.5558        0.738476       0.0397085 
        10.5715        0.738799       0.0397085 
        10.5872        0.739278       0.0397085 
        10.6029        0.738657       0.0397085 
        10.6186        0.739245       0.0397085 
        10.6343        0.739152       0.0397085 
          10.65        0.739536       0.0397085 
        10.6657        0.739972       0.0397085 
        10.6814        0.740283       0.0397085 
        10.6971        0.740311       0.0397085 
        10.7129        0.740263       0.0397085 
        10.7286        0.740018       0.0397085 
        10.7443        0.740325       0.0397085 
          10.76        0.740426       0.0397085 
        10.7757        0.741192       0.0397085 
        10.7914        0.740504       0.0397085 
        10.8071        0.741706       0.0397085 
        10.8228        0.741521       0.0397085 
        10.8385        0.741633       0.0397085 
        10.8542        0.741676       0.0397085 
        10.8699          0.7415       0.0397085 
        10.8856        0.742707       0.0397085 
        10.9014         0.74264       0.0397085 
        10.9171        0.742693       0.0397085 
        10.9328        0.744094       0.0397085 
        10.9485        0.744695       0.0397085 
        10.9642        0.743077       0.0397085 
        10.9799        0.743612       0.0397085 
        10.9956        0.744444       0.0397085 
        11.0113        0.744807       0.0397085 
         11.027        0.744526       0.0397085 
        11.0427        0.746006       0.0397085 
        11.0584        0.746147       0.0397085 
        11.0741        0.746753       0.0397085 
        11.0898        0.746407       0.0397085 
        11.1055        0.747497       0.0397085 
        11.1212        0.747382       0.0397085 
         11.137        0.748161       0.0397085 
        11.1527        0.749006       0.0397085 
        11.1684        0.748579       0.0397085 
        11.1841        0.749785       0.0397085 
        11.1998        0.749571       0.0397085 
        11.2155        0.751593       0.0397085 
        11.2312         0.75183       0.0397085 
        11.2469        0.751833       0.0397085 
        11.2626        0.752545       0.0397085 
        11.2783        0.752637       0.0397085 
         11.294        0.753279       0.0397085 
        11.3097        0.754281       0.0397085 
        11.3254        0.754464       0.0397085 
        11.3412         0.75508       0.0397085 
        11.3569        0.755576       0.0397085 
        11.3726        0.757029       0.0397085 
        11.3883        0.757108       0.0397085 
         11.404        0.757637       0.0397085 
        11.4197         0.75811       0.0397085 
        11.4354        0.758663       0.0397085 
        11.4511        0.759306       0.0397085 
        11.4668        0.761411       0.0397085 
        11.4825        0.761958       0.0397085 
        11.4982         0.76141       0.0397085 
         11.514        0.762354       0.0397085 
        11.5297        0.763825       0.0397085 
        11.5454        0.765085       0.0397085 
        11.5611        0.766135       0.0397085 
        11.5768         0.76581       0.0397085 
        11.5925         0.76665       0.0397085 
        11.6082        0.767839       0.0397085 
        11.6239        0.768149       0.0397085 
        11.6396        0.770073       0.0397085 
        11.6553        0.771313       0.0397085 
         11.671        0.772191       0.0397085 
        11.6867        0.772514       0.0397085 
        11.7024        0.773182       0.0397085 
        11.7182        0.774289       0.0397085 
        11.7339        0.775872       0.0397085 
        11.7496        0.776552       0.0397085 
        11.7653        0.777636       0.0397085 
         11.781          0.7786       0.0397085 
        11.7967        0.779577       0.0397085 
        11.8124        0.782117       0.0397085 
        11.8281        0.782995       0.0397085 
        11.8438        0.783246       0.0397085 
        11.8595        0.784688       0.0397085 
        11.8752        0.785725       0.0397085 
         11.891        0.786391       0.0397085 
        11.9067        0.787947       0.0397085 
        11.9224        0.789033       0.0397085 
        11.9381        0.791078       0.0397085 
        11.9538         0.79134       0.0397085 
        11.9695        0.793227       0.0397085 
        11.9852        0.794708       0.0397085 
        12.0009        0.796059       0.0397085 
        12.0166        0.797045       0.0397085 
        12.0323        0.798677       0.0397085 
         12.048        0.799821       0.0397085 
        12.0637        0.801512       0.0397085 
