#  a  GeffG(a,k)  D1(a,k)  D1mnu(a,k) ( D1_transfer(a,k) D1mnu_transfer(a,k) )  D2(a,k)  D3a(a,k)  D3b(a,k)  (source terms)  (Output for k = 10 h/Mpc)
          0.002                1        0.105361        0.105361     -0.00475753    -0.000389867     0.000278476               1               1               1               1 
     0.00207064                1        0.109073        0.109073     -0.00509789    -0.000432345     0.000308818               1               1               1               1 
     0.00214378                1        0.112899        0.112899     -0.00545948    -0.000478877     0.000342055               1               1               1               1 
      0.0022195                1        0.116843        0.116843     -0.00584392    -0.000529926     0.000378518               1               1               1               1 
      0.0022979                1         0.12091         0.12091     -0.00625303    -0.000586018     0.000418581               1               1               1               1 
     0.00237907                1        0.125106        0.125106     -0.00668867    -0.000647725     0.000462653               1               1               1               1 
      0.0024631                1        0.129435        0.129435     -0.00715288    -0.000715683     0.000511187               1               1               1               1 
      0.0025501                1        0.133902        0.133902     -0.00764782    -0.000790598     0.000564684               1               1               1               1 
     0.00264018                1        0.138514        0.138514     -0.00817579    -0.000873247     0.000623698               1               1               1               1 
     0.00273343                1        0.143276        0.143276     -0.00873927    -0.000964493     0.000688842               1               1               1               1 
     0.00282998                1        0.148194        0.148194     -0.00934088     -0.00106529     0.000760795               1               1               1               1 
     0.00292994                1        0.153273        0.153273     -0.00998346     -0.00117669     0.000840309               1               1               1               1 
     0.00303343                1        0.158521        0.158521        -0.01067     -0.00129987     0.000928213               1               1               1               1 
     0.00314058                1        0.163944        0.163944      -0.0114038     -0.00143613      0.00102543               1               1               1               1 
     0.00325151                1        0.169548        0.169548      -0.0121881     -0.00158688      0.00113298               1               1               1               1 
     0.00336636                1         0.17534         0.17534      -0.0130269     -0.00175373      0.00125199               1               1               1               1 
     0.00348527                1        0.181327        0.181327      -0.0139239     -0.00193844       0.0013837               1               1               1               1 
     0.00360837                1        0.187517        0.187517      -0.0148834     -0.00214294      0.00152952               1               1               1               1 
     0.00373583                1        0.193918        0.193918        -0.01591      -0.0023694      0.00169096               1               1               1               1 
     0.00386778                1        0.200536        0.200536      -0.0170085     -0.00262021      0.00186973               1               1               1               1 
      0.0040044                1         0.20738         0.20738       -0.018184     -0.00289801      0.00206771               1               1               1               1 
     0.00414584                1        0.214459        0.214459      -0.0194421     -0.00320575      0.00228699               1               1               1               1 
     0.00429228                1        0.221781        0.221781      -0.0207889     -0.00354667      0.00252988               1               1               1               1 
     0.00444389                1        0.229355        0.229355      -0.0222305     -0.00392437      0.00279894               1               1               1               1 
     0.00460086                1         0.23719         0.23719      -0.0237739     -0.00434284      0.00309701               1               1               1               1 
     0.00476337                1        0.245295        0.245295      -0.0254263     -0.00480651      0.00342723               1               1               1               1 
     0.00493162                1        0.253682        0.253682      -0.0271956     -0.00532028       0.0037931               1               1               1               1 
     0.00510582                1        0.262359        0.262359      -0.0290902     -0.00588958      0.00419847               1               1               1               1 
     0.00528616                1        0.271337        0.271337       -0.031119     -0.00652043      0.00464763               1               1               1               1 
     0.00547288                1        0.280628        0.280628      -0.0332916      -0.0072195      0.00514532               1               1               1               1 
     0.00566619                1        0.290242        0.290242      -0.0356183     -0.00799418      0.00569682               1               1               1               1 
     0.00586633                1        0.300191        0.300191      -0.0381102     -0.00885267      0.00630794               1               1               1               1 
     0.00607354                1        0.310487        0.310487      -0.0407791     -0.00980405      0.00698517               1               1               1               1 
     0.00628807                1        0.321143        0.321143      -0.0436376      -0.0108584      0.00773567               1               1               1               1 
     0.00651018                1        0.332171        0.332171      -0.0466993      -0.0120269      0.00856738               1               1               1               1 
     0.00674013                1        0.343585        0.343585      -0.0499788      -0.0133218      0.00948912               1               1               1               1 
      0.0069782                1        0.355399        0.355399      -0.0534915       -0.014757       0.0105107               1               1               1               1 
     0.00722469                1        0.367627        0.367627      -0.0572543      -0.0163476       0.0116428               1               1               1               1 
     0.00747987                1        0.380283        0.380283      -0.0612849      -0.0181104       0.0128976               1               1               1               1 
     0.00774408                1        0.393384        0.393384      -0.0656026      -0.0200643       0.0142884               1               1               1               1 
     0.00801761                1        0.406944        0.406944      -0.0702278      -0.0222298       0.0158299               1               1               1               1 
     0.00830081                1         0.42098         0.42098      -0.0751825      -0.0246299       0.0175384               1               1               1               1 
     0.00859401                1         0.43551         0.43551      -0.0804904      -0.0272902       0.0194323               1               1               1               1 
     0.00889757                1        0.450551        0.450551      -0.0861766      -0.0302388       0.0215314               1               1               1               1 
     0.00921184                1         0.46612         0.46612      -0.0922683      -0.0335071       0.0238583               1               1               1               1 
     0.00953722                1        0.482237        0.482237      -0.0987944      -0.0371298       0.0264377               1               1               1               1 
      0.0098741                1        0.498921        0.498921       -0.105786      -0.0411454       0.0292969               1               1               1               1 
      0.0102229                1        0.516193        0.516193       -0.113276      -0.0455966       0.0324665               1               1               1               1 
       0.010584                1        0.534072        0.534072       -0.121301      -0.0505307       0.0359802               1               1               1               1 
      0.0109578                1        0.552582        0.552582       -0.129899      -0.0560002       0.0398754               1               1               1               1 
      0.0113449                1        0.571743        0.571743        -0.13911      -0.0620634       0.0441937               1               1               1               1 
      0.0117456                1         0.59158         0.59158        -0.14898      -0.0687847       0.0489812               1               1               1               1 
      0.0121604                1        0.612115        0.612115       -0.159553      -0.0762359       0.0542888               1               1               1               1 
        0.01259                1        0.633375        0.633375       -0.170882      -0.0844962       0.0601734               1               1               1               1 
      0.0130347                1        0.655384        0.655384       -0.183021      -0.0936539       0.0666976               1               1               1               1 
      0.0134951                1        0.678169        0.678169       -0.196026       -0.103806       0.0739312               1               1               1               1 
      0.0139718                1        0.701757        0.701757       -0.209961       -0.115062       0.0819515               1               1               1               1 
      0.0144653                1        0.726178        0.726178       -0.224891       -0.127541       0.0908442               1               1               1               1 
      0.0149762                1         0.75146         0.75146       -0.240889       -0.141377        0.100704               1               1               1               1 
      0.0155052                1        0.777634        0.777634        -0.25803       -0.156718        0.111638               1               1               1               1 
      0.0160529                1        0.804731        0.804731       -0.276397       -0.173726        0.123761               1               1               1               1 
      0.0166199                1        0.832784        0.832784       -0.296076       -0.192585        0.137204               1               1               1               1 
      0.0172069                1        0.861827        0.861827       -0.317164       -0.213496        0.152111               1               1               1               1 
      0.0178147                1        0.891895        0.891895       -0.339759       -0.236682        0.168641               1               1               1               1 
       0.018444                1        0.923025        0.923025        -0.36397       -0.262392        0.186972               1               1               1               1 
      0.0190954                1        0.955253        0.955253       -0.389914         -0.2909          0.2073               1               1               1               1 
      0.0197699                1        0.988618        0.988618       -0.417714       -0.322513        0.229843               1               1               1               1 
      0.0204682                1         1.02316         1.02316       -0.447503       -0.357569        0.254843               1               1               1               1 
      0.0211912                1         1.05892         1.05892       -0.479423       -0.396444        0.282568               1               1               1               1 
      0.0219397                1         1.09595         1.09595       -0.513628       -0.439554        0.313316               1               1               1               1 
      0.0227147                1         1.13428         1.13428       -0.550282       -0.487361        0.347417               1               1               1               1 
       0.023517                1         1.17397         1.17397       -0.589559        -0.54038        0.385237               1               1               1               1 
      0.0243477                1         1.21505         1.21505       -0.631649       -0.599177        0.427182               1               1               1               1 
      0.0252077                1         1.25759         1.25759       -0.676752       -0.664385        0.473704               1               1               1               1 
       0.026098                1         1.30163         1.30163       -0.725084       -0.736704        0.525301               1               1               1               1 
      0.0270199                1         1.34723         1.34723       -0.776878        -0.81691         0.58253               1               1               1               1 
      0.0279743                1         1.39443         1.39443       -0.832381       -0.905865        0.646005               1               1               1               1 
      0.0289624                1          1.4433          1.4433        -0.89186        -1.00453        0.716409               1               1               1               1 
      0.0299854                1          1.4939          1.4939       -0.955599        -1.11395          0.7945               1               1               1               1 
      0.0310445                1         1.54628         1.54628         -1.0239        -1.23532        0.881117               1               1               1               1 
      0.0321411                1         1.60051         1.60051         -1.0971        -1.36994        0.977194               1               1               1               1 
      0.0332763                1         1.65666         1.65666        -1.17555        -1.51925         1.08376               1               1               1               1 
      0.0344517                1         1.71479         1.71479        -1.25961        -1.68486         1.20198               1               1               1               1 
      0.0356686                1         1.77497         1.77497         -1.3497        -1.86856          1.3331               1               1               1               1 
      0.0369285                1         1.83728         1.83728        -1.44625        -2.07232         1.47856               1               1               1               1 
      0.0382329                1         1.90179         1.90179        -1.54971        -2.29833          1.6399               1               1               1               1 
      0.0395833                1         1.96857         1.96857        -1.66059        -2.54904         1.81888               1               1               1               1 
      0.0409815                1         2.03771         2.03771        -1.77942        -2.82713         2.01742               1               1               1               1 
       0.042429                1          2.1093          2.1093        -1.90676        -3.13561         2.23767               1               1               1               1 
      0.0439277                1         2.18341         2.18341        -2.04324         -3.4778         2.48199               1               1               1               1 
      0.0454793                1         2.26014         2.26014        -2.18949        -3.85739         2.75302               1               1               1               1 
      0.0470857                1         2.33957         2.33957        -2.34624        -4.27847         3.05368               1               1               1               1 
      0.0487489                1         2.42182         2.42182        -2.51422        -4.74557         3.38722               1               1               1               1 
      0.0504708                1         2.50696         2.50696        -2.69424        -5.26373         3.75723               1               1               1               1 
      0.0522535                1         2.59511         2.59511        -2.88717        -5.83855         4.16771               1               1               1               1 
      0.0540992                1         2.68637         2.68637        -3.09394        -6.47621         4.62308               1               1               1               1 
      0.0560101                1         2.78085         2.78085        -3.31552         -7.1836         5.12825               1               1               1               1 
      0.0579885                1         2.87867         2.87867          -3.553        -7.96833         5.68868               1               1               1               1 
      0.0600367                1         2.97993         2.97993        -3.80751        -8.83888         6.31041               1               1               1               1 
      0.0621573                1         3.08477         3.08477        -4.08026        -9.80464         7.00015               1               1               1               1 
      0.0643528                1         3.19331         3.19331        -4.37257         -10.876         7.76533               1               1               1               1 
      0.0666259                1         3.30568         3.30568        -4.68583        -12.0646         8.61422               1               1               1               1 
      0.0689792                1         3.42201         3.42201        -5.02156        -13.3831         9.55597               1               1               1               1 
      0.0714157                1         3.54245         3.54245        -5.38135        -14.8458         10.6007               1               1               1               1 
      0.0739383                1         3.66713         3.66713        -5.76693        -16.4686         11.7598               1               1               1               1 
      0.0765499                1          3.7962          3.7962        -6.18016        -18.2688         13.0456               1               1               1               1 
      0.0792538                1         3.92983         3.92983          -6.623        -20.2658         14.4721               1               1               1               1 
      0.0820532                1         4.06816         4.06816        -7.09758        -22.4813         16.0546               1               1               1               1 
      0.0849514                1         4.21136         4.21136        -7.60617         -24.939         17.8102               1               1               1               1 
      0.0879521                1         4.35961         4.35961         -8.1512        -27.6655         19.7578               1               1               1               1 
      0.0910587                1         4.51308         4.51308        -8.73527        -30.6901         21.9183               1               1               1               1 
      0.0942751                1         4.67195         4.67195        -9.36117        -34.0453         24.3151               1               1               1               1 
       0.097605                1          4.8364          4.8364        -10.0319        -37.7673         26.9738               1               1               1               1 
       0.101053                1         5.00664         5.00664        -10.7506         -41.896         29.9232               1               1               1               1 
       0.104622                1         5.18287         5.18287        -11.5208        -46.4759         33.1949               1               1               1               1 
       0.108317                1         5.36528         5.36528        -12.3461        -51.5562          36.824               1               1               1               1 
       0.112143                1         5.55409         5.55409        -13.2304        -57.1912         40.8496               1               1               1               1 
       0.116105                1         5.74953         5.74953         -14.178        -63.4416         45.3147               1               1               1               1 
       0.120206                1         5.95182         5.95182        -15.1932        -70.3742         50.2672               1               1               1               1 
       0.124451                1          6.1612          6.1612         -16.281        -78.0632         55.7601               1               1               1               1 
       0.128847                1          6.3779          6.3779        -17.4465        -86.5908         61.8522               1               1               1               1 
       0.133398                1         6.60217         6.60217        -18.6951        -96.0481         68.6084               1               1               1               1 
        0.13811                1         6.83428         6.83428        -20.0327        -106.536         76.1008               1               1               1               1 
       0.142989                1         7.07448         7.07448        -21.4656        -118.166         84.4091               1               1               1               1 
       0.148039                1         7.32305         7.32305        -23.0006        -131.061         93.6216               1               1               1               1 
       0.153268                1         7.58025         7.58025        -24.6446        -145.358         103.836               1               1               1               1 
       0.158682                1         7.84639         7.84639        -26.4055        -161.209          115.16               1               1               1               1 
       0.164287                1         8.12174         8.12174        -28.2914        -178.781         127.713               1               1               1               1 
        0.17009                1         8.40661         8.40661        -30.3109        -198.258         141.628               1               1               1               1 
       0.176098                1          8.7013          8.7013        -32.4733        -219.845          157.05               1               1               1               1 
       0.182318                1         9.00613         9.00613        -34.7884        -243.767          174.14               1               1               1               1 
       0.188758                1         9.32141         9.32141        -37.2669        -270.273         193.077               1               1               1               1 
       0.195425                1         9.64747         9.64747        -39.9198        -299.637         214.056               1               1               1               1 
       0.202328                1         9.98463         9.98463         -42.759        -332.163         237.293               1               1               1               1 
       0.209474                1         10.3332         10.3332        -45.7971        -368.184         263.028               1               1               1               1 
       0.216873                1         10.6936         10.6936        -49.0475        -408.068         291.522               1               1               1               1 
       0.224534                1         11.0661         11.0661        -52.5243        -452.217         323.063               1               1               1               1 
       0.232464                1          11.451          11.451        -56.2425        -501.075         357.969               1               1               1               1 
       0.240676                1         11.8487         11.8487        -60.2179         -555.13         396.588               1               1               1               1 
       0.249177                1         12.2595         12.2595        -64.4671        -614.915         439.301               1               1               1               1 
       0.257978                1         12.6838         12.6838        -69.0076        -681.015         486.526               1               1               1               1 
        0.26709                1         13.1219         13.1219        -73.8579        -754.069         538.718               1               1               1               1 
       0.276524                1          13.574          13.574        -79.0373        -834.772         596.377               1               1               1               1 
       0.286292                1         14.0406         14.0406        -84.5658        -923.886         660.044               1               1               1               1 
       0.296404                1         14.5218         14.5218        -90.4645        -1022.23         730.309               1               1               1               1 
       0.306874                1          15.018          15.018        -96.7552        -1130.71         807.813               1               1               1               1 
       0.317713                1         15.5293         15.5293         -103.46        -1250.29         893.248               1               1               1               1 
       0.328935                1         16.0561         16.0561        -110.603        -1382.02          987.36               1               1               1               1 
       0.340554                1         16.5985         16.5985        -118.207        -1527.01         1090.95               1               1               1               1 
       0.352583                1         17.1566         17.1566        -126.297        -1686.48         1204.89               1               1               1               1 
       0.365037                1         17.7306         17.7306        -134.897         -1861.7         1330.08               1               1               1               1 
        0.37793                1         18.3205         18.3205        -144.032        -2054.06         1467.52               1               1               1               1 
        0.39128                1         18.9263         18.9263        -153.726        -2264.99         1618.22               1               1               1               1 
         0.4051                1          19.548          19.548        -164.004        -2496.02         1783.29               1               1               1               1 
       0.419409                1         20.1854         20.1854        -174.889        -2748.74         1963.86               1               1               1               1 
       0.434224                1         20.8382         20.8382        -186.403         -3024.8         2161.11               1               1               1               1 
       0.449561                1         21.5063         21.5063        -198.568        -3325.91         2376.27               1               1               1               1 
        0.46544                1         22.1891         22.1891        -211.403        -3653.82         2610.57               1               1               1               1 
       0.481881                1         22.8863         22.8863        -224.926        -4010.29         2865.28               1               1               1               1 
       0.498902                1         23.5972         23.5972        -239.151        -4397.07         3141.66               1               1               1               1 
       0.516524                1         24.3211         24.3211         -254.09        -4815.92         3440.96               1               1               1               1 
       0.534768                1         25.0573         25.0573        -269.751        -5268.52         3764.39               1               1               1               1 
       0.553657                1         25.8047         25.8047        -286.137        -5756.47         4113.09               1               1               1               1 
       0.573214                1         26.5624         26.5624        -303.249        -6281.28         4488.13               1               1               1               1 
        0.59346                1         27.3292         27.3292         -321.08        -6844.28         4890.48               1               1               1               1 
       0.614423                1         28.1038         28.1038        -339.619        -7446.64         5320.97               1               1               1               1 
       0.636125                1         28.8849         28.8849         -358.85        -8089.29         5780.27               1               1               1               1 
       0.658594                1          29.671          29.671         -378.75        -8772.91         6268.87               1               1               1               1 
       0.681857                1         30.4605         30.4605        -399.291        -9497.89         6787.05               1               1               1               1 
       0.705941                1         31.2518         31.2518        -420.437        -10264.3         7334.86               1               1               1               1 
       0.730877                1         32.0433         32.0433        -442.149        -11071.8         7912.09               1               1               1               1 
       0.756693                1         32.8332         32.8332        -464.379        -11919.8         8518.28               1               1               1               1 
        0.78342                1         33.6198         33.6198        -487.076        -12807.2          9152.7               1               1               1               1 
       0.811092                1         34.4014         34.4014        -510.184        -13732.7         9814.35               1               1               1               1 
       0.839741                1         35.1762         35.1762        -533.641        -14694.4         10501.9               1               1               1               1 
       0.869403                1         35.9426         35.9426        -557.385        -15690.2         11213.9               1               1               1               1 
       0.900112                1         36.6989         36.6989        -581.348        -16717.5         11948.5               1               1               1               1 
       0.931905                1         37.4436         37.4436        -605.462        -17773.6         12703.7               1               1               1               1 
       0.964822                1         38.1752         38.1752        -629.657        -18855.4         13477.3               1               1               1               1 
       0.998901                1         38.8925         38.8925        -653.864        -19959.4         14266.9               1               1               1               1 
        1.03418                1         39.5941         39.5941        -678.014        -21082.3           15070               1               1               1               1 
        1.07071                1          40.279          40.279        -702.041        -22220.3         15884.1               1               1               1               1 
        1.10853                1         40.9462         40.9462        -725.879        -23369.8         16706.3               1               1               1               1 
        1.14769                1         41.5948         41.5948        -749.467        -24526.9         17534.2               1               1               1               1 
        1.18823                1         42.2242         42.2242        -772.748          -25688         18364.8               1               1               1               1 
         1.2302                1         42.8337         42.8337        -795.668        -26849.3         19195.8               1               1               1               1 
        1.27365                1          43.423          43.423        -818.177        -28007.3         20024.4               1               1               1               1 
        1.31864                1         43.9917         43.9917        -840.231        -29158.5         20848.2               1               1               1               1 
        1.36521                1         44.5396         44.5396         -861.79        -30299.7           21665               1               1               1               1 
        1.41344                1         45.0667         45.0667        -882.819        -31427.9         22472.5               1               1               1               1 
        1.46336                1          45.573          45.573        -903.289        -32540.2         23268.7               1               1               1               1 
        1.51505                1         46.0586         46.0586        -923.175        -33634.1         24051.8               1               1               1               1 
        1.56856                1         46.5236         46.5236        -942.456        -34707.2           24820               1               1               1               1 
        1.62397                1         46.9685         46.9685        -961.117        -35757.4           25572               1               1               1               1 
        1.68133                1         47.3935         47.3935        -979.146          -36783         26306.3               1               1               1               1 
        1.74072                1         47.7991         47.7991        -996.537        -37782.3         27021.9               1               1               1               1 
         1.8022                1         48.1857         48.1857        -1013.28        -38754.1         27717.9               1               1               1               1 
        1.86586                1         48.5538         48.5538        -1029.39        -39697.3         28393.4               1               1               1               1 
        1.93177                1         48.9039         48.9039        -1044.85        -40610.9         29047.8               1               1               1               1 
              2                1         48.9056         48.9056        -1044.93        -40615.4           29051               1               1               1               1 
