# k  (h/Mpc)    Pcb(k)  (Mpc/h)^3    Pcb_linear(k) (Mpc/h)^3   ShotnoiseSubtracted = true
      0.0200456         21290.5         21679.4 
      0.0350414         13352.8         13859.7 
      0.0492313          9123.1         9190.58 
      0.0637834         7625.16         7337.84 
      0.0800726         5925.03         5738.02 
       0.096163         3944.57          3968.1 
       0.111083         3044.23         2999.06 
       0.126058         2759.31         2623.44 
       0.142273         2408.51         2242.38 
       0.158546         2040.26         1729.06 
        0.17375         1585.52         1394.82 
       0.188953         1533.23          1245.6 
       0.204907         1436.49         1115.76 
       0.220756         1227.31         937.446 
        0.23588         1083.77         790.665 
         0.2514         930.324         705.129 
       0.267535         915.947         641.804 
       0.283568         826.887         566.231 
       0.299022         777.328         495.254 
       0.314451         734.043         445.029 
       0.330372         671.678         407.718 
       0.346141         621.813          370.59 
       0.361624         598.255          333.66 
       0.377134         552.123         303.061 
       0.392932         525.547         278.876 
       0.408854         510.478         256.895 
       0.424564         471.935         235.667 
       0.440253         464.409         216.566 
       0.455999         437.647         200.511 
       0.471626         419.638         186.502 
        0.48727          399.23         173.283 
       0.502856          387.49         161.091 
       0.518488          382.77         150.234 
       0.534347         357.274         140.454 
       0.550082         341.855         131.525 
       0.565732         339.799         123.263 
       0.581496         317.642         115.663 
       0.597222         312.403         108.794 
       0.612804          304.58         102.542 
       0.628434         293.046         96.7221 
       0.644267           284.7         91.2577 
       0.660051         277.135         86.2495 
       0.675724         272.469         81.6597 
       0.691403         263.181         77.3965 
       0.707174         254.563          73.409 
       0.722871          249.48         69.7139 
        0.73838         246.431         66.3085 
       0.754018         239.822         63.1015 
       0.769845         233.645         60.0688 
        0.78569         231.573           57.23 
       0.801365         223.322         54.6001 
       0.817031         215.728         52.1355 
       0.832809         215.153         49.8062 
       0.848511         208.464         47.6285 
       0.864097         205.217          45.595 
       0.879701         201.764         43.6775 
       0.895507          197.66         41.8469 
       0.911279         191.443         40.1242 
        0.92691         190.504          38.512 
       0.942635         185.164         36.9789 
       0.958396         182.962         35.5254 
       0.974128         178.743          34.152 
       0.989692         175.886         32.8642 
        1.00528         173.314         31.6404 
        1.02113         170.471         30.4593 
        1.03692         167.517         29.3423 
        1.05264         164.263          28.286 
        1.06832         161.003         27.2829 
        1.08405         158.979         26.3253 
        1.09979         155.029         25.4128 
        1.11537         154.011         24.5521 
        1.13105         149.842         23.7259 
        1.14679         149.154         22.9341 
        1.16256         147.414         22.1766 
        1.17828         145.031         21.4556 
        1.19395         142.147         20.7687 
         1.2097         141.343         20.1082 
        1.22537         138.768         19.4793 
          1.241         137.238         18.8789 
        1.25666         135.292         18.3022 
        1.27241         132.345         17.7466 
        1.28819         131.373         17.2129 
        1.30392         127.916         16.7026 
        1.31957         127.635          16.215 
        1.33529         125.025          15.745 
        1.35108         123.007         15.2915 
        1.36674          121.89          14.859 
         1.3824         121.144         14.4434 
        1.39811         119.344         14.0422 
        1.41389         117.353         13.6546 
        1.42964         115.571         13.2822 
        1.44531         114.055         12.9253 
        1.46101         111.803         12.5807 
        1.47667          110.71         12.2495 
        1.49229         109.347          11.931 
        1.50793         107.746         11.6234 
        1.52367         106.696         11.3245 
        1.53953         104.709         11.0341 
        1.55526         103.596         10.7561 
        1.57092           102.7         10.4886 
        1.58662         101.483         10.2296 
        1.60235          99.919         9.97874 
        1.61809         98.5547         9.73607 
        1.63369         97.0299         9.50355 
        1.64941         95.9353         9.27689 
        1.66519         94.7502         9.05673 
        1.68085         94.1766         8.84521 
        1.69652         92.7553         8.64032 
        1.71228         91.6662         8.44069 
        1.72806         90.5033         8.24715 
        1.74368         89.4232         8.06156 
        1.75933         88.5031         7.88125 
        1.77505         87.5509         7.70555 
        1.79081         86.5049         7.53486 
         1.8065          85.177            7.37 
        1.82218         83.8516         7.21018 
        1.83797         82.9193         7.05396 
        1.85367         82.3335         6.90318 
        1.86928         80.8331         6.75766 
        1.88497         79.9967         6.61551 
        1.90073         78.8919         6.47688 
        1.91647         78.3232          6.3423 
        1.93218         77.6453          6.2118 
        1.94787         76.3818         6.08512 
        1.96363         75.5419         5.96144 
        1.97935         74.2874         5.84141 
        1.99499         73.9348         5.72533 
        2.01064          72.984         5.61221 
         2.0264         72.2722          5.5014 
        2.04216         71.3855         5.39361 
        2.05781          70.469         5.28935 
        2.07353         69.3893         5.18745 
        2.08928         68.4363         5.08798 
        2.10499         67.4298         4.99137 
        2.12065         67.2019         4.89752 
        2.13633         66.3866         4.80598 
        2.15211         65.8077         4.71617 
        2.16785         64.8076         4.62887 
        2.18349         64.1251         4.54431 
        2.19916         63.3313         4.46167 
        2.21489         62.6471         4.38078 
        2.23063         61.9498         4.30182 
         2.2463         60.8368         4.22514 
        2.26194         60.8707         4.15051 
        2.27765         59.9566         4.07727 
        2.29341         59.1344         4.00559 
        2.30914         58.8146         3.93577 
        2.32486         58.0417         3.86763 
        2.34061         57.5132         3.80097 
        2.35635         56.3525         3.73593 
        2.37203         55.6778         3.67261 
        2.38768         55.1462         3.61088 
        2.40339         54.6839         3.55033 
        2.41914          54.211         3.49101 
        2.43483         53.8199         3.43325 
         2.4505         53.1516         3.37687 
        2.46622           52.32         3.32155 
        2.48195         52.1142         3.26745 
        2.49759         51.2143         3.21483 
        2.51328         50.6652         3.16323 
        2.52906         50.2638         3.11241 
        2.54479         49.8109         3.06289 
        2.56049         49.0938         3.01453 
        2.57618         48.8831         2.96725 
        2.59189         48.0608          2.9209 
        2.60758         47.6466          2.8756 
        2.62325         47.1293          2.8313 
        2.63898         46.7007         2.78777 
        2.65468         46.2818         2.74524 
        2.67044         45.6209         2.70341 
        2.68618         45.3184         2.66253 
        2.70184         44.6162         2.62265 
        2.71755         44.3352         2.58349 
        2.73329         43.7489         2.54505 
        2.74897         43.3513         2.50751 
        2.76462         42.8873          2.4708 
        2.78034         42.4392         2.43467 
        2.79607          42.012         2.39921 
        2.81179         41.5247          2.3645 
        2.82749         41.1347          2.3305 
        2.84321         40.7502         2.29712 
        2.85893         40.3274          2.2644 
        2.87462         39.8122         2.23237 
        2.89033         39.4739         2.20092 
        2.90605         38.9365         2.17004 
        2.92176         38.5415         2.13976 
        2.93747         38.2616         2.11007 
        2.95318         37.8497         2.08093 
        2.96891         37.3931         2.05233 
        2.98456         36.9707         2.02437 
        3.00023         36.6416          1.9969 
        3.01596         36.2911         1.96984 
        3.03164         36.0475         1.94336 
        3.04738         35.7936         1.91728 
         3.0631         35.2746         1.89168 
        3.07883         34.9414         1.86654 
        3.09456         34.5713         1.84186 
        3.11026         34.1926         1.81766 
        3.12596         33.9393         1.79389 
        3.14163         33.4154         1.77059 
        3.15734          33.132         1.74765 
        3.17308         33.0966         1.72506 
        3.18879         32.6272         1.70292 
        3.20447         32.2098          1.6812 
         3.2202         31.8483         1.65979 
         3.2359         31.7738         1.63878 
        3.25157         31.3114         1.61818 
        3.26729          30.961         1.59787 
        3.28304         30.7772         1.57787 
        3.29877         30.4145         1.55823 
        3.31446         30.1281         1.53896 
        3.33014         29.8691         1.52003 
        3.34585         29.4924         1.50139 
        3.36158         29.2554         1.48303 
        3.37727         29.0322         1.46503 
        3.39294         28.7877         1.44734 
        3.40867          28.436         1.42988 
        3.42439         28.1138         1.41271 
        3.44008         27.9711         1.39585 
        3.45578         27.6537         1.37926 
        3.47153         27.4319         1.36289 
        3.48724         27.0412         1.34681 
        3.50292          26.899         1.33103 
        3.51859         26.5937         1.31551 
        3.53431         26.3906         1.30018 
        3.55007         26.1413         1.28505 
        3.56577         25.8978         1.27023 
        3.58146         25.6328         1.25564 
        3.59719         25.4348         1.24124 
        3.61292         25.1772         1.22708 
        3.62859         24.8912         1.21318 
        3.64429         24.7263         1.19947 
        3.66003         24.4277         1.18593 
        3.67578         24.1885          1.1726 
        3.69146         24.0098         1.15952 
        3.70712         23.8655         1.14666 
        3.72284         23.6557         1.13395 
        3.73853         23.3986         1.12145 
        3.75422         23.2589         1.10913 
        3.76993         22.9041         1.09699 
        3.78564         22.7366         1.08502 
        3.80137         22.6168         1.07322 
        3.81707         22.4492         1.06161 
        3.83279         22.1165         1.05017 
        3.84853         21.9652         1.03887 
        3.86424           21.85         1.02776 
        3.87992         21.5412         1.01683 
        3.89561         21.4572         1.00605 
        3.91134         21.2547        0.995405 
        3.92704         21.0335        0.984925 
        3.94273         20.8213        0.974604 
        3.95845         20.6459         0.96441 
        3.97418         20.4278        0.954359 
        3.98988         20.2331        0.944463 
        4.00554         20.1674        0.934732 
        4.02125         19.9008        0.925109 
        4.03698          19.795        0.915605 
        4.05268         19.5923        0.906254 
        4.06839         19.4319        0.897026 
         4.0841         19.2954        0.887928 
        4.09983         19.1051        0.878941 
        4.11555           18.94        0.870081 
        4.13124         18.7562        0.861366 
        4.14693         18.5688        0.852762 
        4.16266         18.4235        0.844254 
        4.17839         18.2681        0.835865 
        4.19408         18.0938        0.827609 
        4.20977         17.9932        0.819459 
        4.22551         17.8301        0.811398 
        4.24123         17.6478        0.803452 
        4.25691         17.4596        0.795634 
        4.27259         17.3525        0.787915 
        4.28831         17.2327        0.780283 
        4.30404         17.1081        0.772743 
        4.31974         16.9235        0.765317 
        4.33543         16.7757        0.757993 
        4.35116         16.6434        0.750745 
        4.36688         16.5299        0.743595 
        4.38255         16.3972        0.736562 
        4.39825          16.282        0.729605 
        4.41398         16.0937        0.722722 
         4.4297         15.9913        0.715934 
        4.44541         15.8633        0.709234 
        4.46111         15.7501        0.702624 
        4.47683         15.5904        0.696092 
        4.49251         15.5144        0.689656 
        4.50819          15.373        0.683301 
         4.5239         15.2261        0.677017 
        4.53962         15.0755        0.670803 
        4.55535          14.985        0.664663 
        4.57106         14.8193        0.658607 
        4.58678         14.7727        0.652625 
         4.6025         14.6195        0.646715 
        4.61821         14.5021        0.640879 
        4.63391         14.3901        0.635121 
         4.6496         14.2589        0.629435 
        4.66532         14.1478         0.62381 
        4.68103         14.0152        0.618255 
        4.69673         13.9221        0.612771 
        4.71241         13.8396        0.607359 
        4.72811         13.7258        0.602003 
        4.74384         13.6208        0.596704 
        4.75955         13.4865        0.591476 
        4.77525         13.3751        0.586313 
        4.79096         13.2995        0.581204 
        4.80669         13.2139        0.576153 
         4.8224         13.0894        0.571167 
        4.83809         12.9962        0.566245 
        4.85379         12.8874        0.561377 
         4.8695         12.7649        0.556561 
        4.88521         12.6926        0.551804 
        4.90093         12.5834          0.5471 
        4.91663         12.4764        0.542456 
        4.93234          12.377        0.537859 
        4.94807         12.3073        0.533312 
        4.96377         12.2189        0.528825 
        4.97943          12.123        0.524399 
        4.99514         12.0135        0.520012 
        5.01086         11.9304        0.515671 
        5.02654         11.8338         0.51139 
        5.04227         11.7467        0.507144 
          5.058         11.6489        0.502944 
        5.07371         11.5708        0.498799 
        5.08942         11.4896          0.4947 
        5.10513         11.3996        0.490646 
        5.12084         11.2908        0.486635 
        5.13656          11.266        0.482669 
        5.15225         11.1354        0.478753 
        5.16796         11.0696        0.474874 
        5.18369         10.9979        0.471034 
         5.1994         10.9203        0.467243 
        5.21509         10.8288        0.463496 
        5.23079         10.7536        0.459786 
        5.24649         10.6813        0.456119 
        5.26217         10.5988        0.452494 
        5.27788         10.5064        0.448902 
        5.29359          10.417        0.445349 
        5.30933         10.3705        0.441828 
        5.32504          10.293        0.438351 
        5.34073         10.2237        0.434914 
        5.35646         10.1467        0.431508 
        5.37218         10.0436        0.428136 
        5.38789         9.98221        0.424806 
        5.40357         9.91662        0.421514 
        5.41929          9.8477         0.41825 
        5.43502         9.77448        0.415019 
         5.4507         9.72257         0.41183 
        5.46639         9.63215        0.408674 
        5.48212         9.56826        0.405543 
        5.49786         9.50554         0.40244 
        5.51353         9.43079        0.399385 
        5.52921         9.35996        0.396358 
        5.54495         9.29806        0.393354 
        5.56066         9.22388        0.390383 
        5.57637          9.1523        0.387443 
        5.59207         9.09914        0.384536 
        5.60778         9.03824        0.381657 
        5.62346         8.96489        0.378811 
        5.63916         8.89996        0.375991 
        5.65487         8.82758        0.373198 
         5.6706         8.76783         0.37043 
        5.68633         8.71425        0.367689 
        5.70203         8.66248         0.36498 
        5.71773          8.6069        0.362299 
        5.73344          8.5215        0.359644 
        5.74916         8.48141        0.357012 
        5.76486         8.43261        0.354409 
        5.78054         8.37049        0.351837 
        5.79626         8.32479        0.349282 
          5.812         8.25156         0.34675 
         5.8277         8.19323         0.34425 
        5.84339         8.13286        0.341774 
        5.85911         8.06359        0.339318 
        5.87484         8.02682        0.336886 
        5.89053         7.99203        0.334483 
        5.90623         7.92293        0.332101 
        5.92195         7.87319        0.329738 
        5.93767         7.81836          0.3274 
        5.95336         7.75992        0.325087 
        5.96905         7.71119        0.322798 
        5.98476         7.65238        0.320527 
        6.00048          7.6177        0.318277 
        6.01617         7.55866        0.316051 
        6.03185         7.49891        0.313849 
        6.04756         7.45833        0.311662 
        6.06331         7.40517        0.309492 
        6.07903         7.36475        0.307346 
        6.09473          7.3284        0.305223 
        6.11044          7.2673        0.303117 
        6.12616         7.22002        0.301031 
        6.14186         7.16138        0.298967 
        6.15755         7.11819        0.296922 
        6.17326         7.07838        0.294895 
        6.18898         7.03383        0.292885 
        6.20467         6.98567        0.290897 
        6.22036         6.94092        0.288928 
         6.2361         6.88616        0.286971 
         6.2518         6.85762        0.285035 
        6.26748         6.81153        0.283122 
        6.28319         6.76821         0.28122 
        6.29893         6.73053        0.279334 
        6.31463         6.67729        0.277469 
        6.33033         6.63027         0.27562 
        6.34604         6.59338        0.273787 
        6.36177         6.54354        0.271969 
        6.37747         6.50383        0.270171 
        6.39316         6.47115        0.268389 
        6.40888         6.41975         0.26662 
         6.4246         6.38082        0.264867 
        6.44031         6.33822         0.26313 
        6.45601         6.28985        0.261411 
        6.47172         6.26465        0.259705 
        6.48744         6.22883        0.258013 
        6.50313         6.18106        0.256339 
        6.51882         6.13447        0.254681 
        6.53452         6.11779        0.253035 
        6.55025         6.05636        0.251401 
        6.56597         6.01989        0.249783 
        6.58166         5.99286        0.248181 
        6.59736         5.94793        0.246593 
        6.61307         5.90366        0.245016 
         6.6288         5.87524        0.243452 
         6.6445         5.83332        0.241904 
         6.6602         5.80892         0.24037 
        6.67592         5.76174        0.238847 
        6.69164         5.72998        0.237337 
        6.70735         5.69369        0.235841 
        6.72304         5.65816        0.234359 
        6.73874           5.631        0.232889 
        6.75446         5.59373         0.23143 
        6.77016         5.56784        0.229985 
        6.78585          5.5211        0.228553 
        6.80156         5.49396        0.227132 
        6.81729         5.45468         0.22572 
        6.83301         5.42546        0.224321 
         6.8487         5.39147        0.222937 
         6.8644         5.35125        0.221563 
        6.88012         5.32945        0.220199 
        6.89583         5.29376        0.218848 
        6.91151         5.26319         0.21751 
        6.92723         5.23347         0.21618 
        6.94296         5.20488         0.21486 
        6.95866         5.16001        0.213554 
        6.97436          5.1415        0.212258 
        6.99007         5.11542        0.210972 
        7.00578         5.07741        0.209697 
        7.02147         5.05449        0.208434 
        7.03718         5.01877        0.207179 
         7.0529         4.98196        0.205934 
        7.06863         4.96157        0.204698 
        7.08433         4.93482        0.203474 
        7.10004         4.90739         0.20226 
        7.11575         4.87276        0.201056 
        7.13145         4.85149        0.199862 
        7.14715         4.82126        0.198677 
        7.16284         4.79347        0.197504 
        7.17855         4.76086        0.196337 
        7.19428         4.73753        0.195179 
        7.20998         4.71051        0.194032 
        7.22568         4.68597        0.192894 
        7.24139         4.65463        0.191764 
        7.25711         4.63172        0.190644 
        7.27282         4.59731        0.189532 
        7.28852         4.57945         0.18843 
        7.30423         4.54884        0.187335 
        7.31995         4.52727         0.18625 
        7.33565         4.49932        0.185173 
        7.35135         4.47197        0.184105 
        7.36706          4.4481        0.183045 
        7.38277         4.42663        0.181993 
        7.39847         4.39683        0.180949 
        7.41419         4.37658        0.179913 
         7.4299         4.34936        0.178886 
        7.44561         4.32178        0.177866 
        7.46132         4.30376        0.176854 
        7.47701         4.27873        0.175851 
        7.49272         4.25684        0.174855 
        7.50842         4.23028        0.173867 
         7.5241         4.20319        0.172888 
        7.53981         4.18009        0.171914 
        7.55552         4.15979        0.170948 
        7.57125         4.13874        0.169988 
        7.58698         4.11191        0.169035 
        7.60268          4.0943        0.168091 
         7.6184         4.06892        0.167154 
        7.63411         4.04467        0.166224 
        7.64981         4.02504        0.165301 
        7.66552          4.0051        0.164385 
        7.68123         3.98009        0.163476 
        7.69695         3.95831        0.162573 
        7.71264         3.94049        0.161678 
        7.72834         3.91761         0.16079 
        7.74407         3.90168        0.159906 
        7.75978         3.87349         0.15903 
        7.77546         3.85292        0.158162 
        7.79116         3.83115          0.1573 
         7.8069         3.81042        0.156442 
         7.8226         3.79081        0.155592 
        7.83828         3.77301         0.15475 
        7.85399         3.75698        0.153912 
        7.86972         3.73117        0.153079 
        7.88543         3.70935        0.152254 
        7.90111         3.69985        0.151436 
        7.91681         3.67331        0.150623 
        7.93255         3.65097        0.149814 
        7.94828         3.63688        0.149011 
        7.96397          3.6217        0.148215 
        7.97967         3.59833        0.147426 
        7.99538         3.57971        0.146641 
         8.0111         3.56696        0.145862 
         8.0268         3.54432        0.145089 
        8.04248         3.52713        0.144323 
         8.0582         3.50201         0.14356 
        8.07393         3.49546        0.142803 
        8.08963         3.46948        0.142052 
        8.10533         3.45481        0.141306 
        8.12104          3.4362        0.140566 
        8.13675         3.42201         0.13983 
        8.15245         3.40495          0.1391 
        8.16815         3.38677        0.138376 
        8.18387         3.36903        0.137655 
        8.19959         3.34854         0.13694 
         8.2153         3.33359         0.13623 
        8.23101         3.32084        0.135525 
        8.24672         3.30392        0.134825 
        8.26241         3.28772        0.134131 
         8.2781         3.26872        0.133442 
        8.29381         3.25418        0.132756 
        8.30952         3.23991        0.132076 
        8.32524         3.22233        0.131399 
        8.34095         3.20956        0.130728 
        8.35666         3.19031        0.130062 
        8.37237         3.17435          0.1294 
        8.38808         3.15792        0.128742 
        8.40379         3.14166        0.128089 
         8.4195         3.13019        0.127441 
         8.4352         3.11266        0.126797 
        8.45091         3.09687        0.126158 
        8.46662         3.08303        0.125523 
        8.48232         3.06358        0.124892 
        8.49802          3.0533        0.124266 
        8.51374         3.03859        0.123643 
        8.52945         3.02637        0.123025 
        8.54515         3.01007        0.122412 
        8.56086         2.99635        0.121802 
        8.57658         2.98129        0.121196 
        8.59228         2.96705        0.120595 
        8.60799         2.94865        0.119997 
        8.62371         2.93663        0.119403 
        8.63942         2.92295        0.118814 
        8.65512         2.91065        0.118228 
        8.67082         2.89727        0.117647 
        8.68653         2.88183        0.117069 
        8.70224         2.86756        0.116495 
        8.71795         2.85539        0.115925 
        8.73365         2.84311        0.115358 
        8.74936         2.83139        0.114796 
        8.76506         2.81963        0.114237 
        8.78076         2.80724        0.113682 
        8.79646         2.79042        0.113131 
        8.81218         2.78073        0.112583 
        8.82791         2.76855        0.112038 
         8.8436         2.75507        0.111497 
         8.8593         2.74476        0.110961 
        8.87503         2.72921        0.110426 
        8.89076         2.72073        0.109895 
        8.90644         2.70583        0.109369 
        8.92214         2.68943        0.108846 
        8.93786         2.67905        0.108326 
        8.95357         2.66678        0.107809 
        8.96928         2.65772        0.107296 
        8.98498         2.64401        0.106786 
        9.00069         2.63242        0.106279 
        9.01639         2.62138        0.105776 
        9.03208         2.61599        0.105276 
        9.04778         2.60399        0.104779 
        9.06351         2.58729        0.104285 
        9.07923         2.57497        0.103794 
        9.09493         2.56493        0.103306 
        9.11062          2.5546        0.102822 
        9.12635         2.53989         0.10234 
        9.14207         2.52943        0.101862 
        9.15777         2.52178        0.101386 
        9.17346          2.5096        0.100915 
        9.18917         2.49789        0.100445 
         9.2049         2.49022       0.0999782 
        9.22061         2.47978       0.0995146 
        9.23631         2.46664       0.0990543 
        9.25201         2.45652       0.0985968 
        9.26773          2.4444       0.0981418 
        9.28343         2.43683       0.0976899 
        9.29913         2.42936       0.0972409 
        9.31484         2.42187       0.0967946 
        9.33057         2.40594       0.0963503 
        9.34627         2.40007       0.0959095 
        9.36197         2.38654       0.0954717 
        9.37768         2.37738       0.0950361 
        9.39338         2.36789       0.0946036 
        9.40909         2.35508       0.0941736 
        9.42479         2.35125       0.0937464 
         9.4405         2.33828       0.0933217 
        9.45621         2.32855       0.0928994 
        9.47193         2.32054       0.0924798 
        9.48763         2.31365       0.0920631 
        9.50334         2.30138       0.0916486 
        9.51906         2.29269       0.0912367 
        9.53476         2.28195       0.0908276 
        9.55045         2.27565       0.0904211 
        9.56616         2.26602       0.0900167 
        9.58188          2.2567       0.0896143 
        9.59759         2.24969       0.0892146 
         9.6133         2.24097       0.0888172 
        9.62901         2.23117        0.088422 
        9.64471         2.22245       0.0880293 
        9.66041         2.21135       0.0876389 
        9.67612         2.20267       0.0872503 
        9.69184         2.19561        0.086864 
        9.70754         2.18599       0.0864804 
        9.72324         2.18064       0.0860993 
        9.73895         2.17168       0.0857205 
        9.75467         2.16402       0.0853439 
        9.77038         2.15652       0.0849701 
        9.78607         2.14499       0.0845993 
        9.80177          2.1411       0.0842309 
        9.81749         2.13297       0.0838647 
         9.8332         2.12383       0.0835014 
         9.8489         2.11709       0.0831407 
        9.86463         2.10767       0.0827817 
        9.88035         2.10065       0.0824248 
        9.89606           2.094       0.0820701 
        9.91175         2.08686       0.0817171 
        9.92745         2.07559       0.0813654 
        9.94317         2.07077       0.0810143 
        9.95888         2.06373       0.0806643 
        9.97458          2.0567       0.0803149 
        9.99029         2.05103       0.0799658 
         10.006         2.04583       0.0797501 
        10.0217          2.0344       0.0797501 
        10.0374         2.02924       0.0797501 
        10.0531          2.0205       0.0797501 
        10.0688         2.01379       0.0797501 
        10.0845         2.00901       0.0797501 
        10.1002         1.99996       0.0797501 
        10.1159         1.99331       0.0797501 
        10.1317         1.98469       0.0797501 
        10.1474         1.98145       0.0797501 
        10.1631         1.97578       0.0797501 
        10.1788         1.96584       0.0797501 
        10.1945         1.95984       0.0797501 
        10.2102         1.95127       0.0797501 
        10.2259         1.94764       0.0797501 
        10.2416         1.94181       0.0797501 
        10.2573         1.93722       0.0797501 
         10.273         1.92931       0.0797501 
        10.2887         1.92501       0.0797501 
        10.3044         1.91553       0.0797501 
        10.3201          1.9126       0.0797501 
        10.3359          1.9048       0.0797501 
        10.3516         1.89911       0.0797501 
        10.3673         1.89391       0.0797501 
         10.383         1.88868       0.0797501 
        10.3987         1.88425       0.0797501 
        10.4144         1.87788       0.0797501 
        10.4301         1.87188       0.0797501 
        10.4458          1.8643       0.0797501 
        10.4615         1.85632       0.0797501 
        10.4772         1.85668       0.0797501 
        10.4929         1.84839       0.0797501 
        10.5086         1.84207       0.0797501 
        10.5244          1.8377       0.0797501 
        10.5401         1.83304       0.0797501 
        10.5558         1.82581       0.0797501 
        10.5715         1.82172       0.0797501 
        10.5872         1.81708       0.0797501 
        10.6029         1.81351       0.0797501 
        10.6186          1.8061       0.0797501 
        10.6343         1.80109       0.0797501 
          10.65         1.79688       0.0797501 
        10.6657         1.79397       0.0797501 
        10.6814         1.78782       0.0797501 
        10.6971         1.78095       0.0797501 
        10.7129         1.77896       0.0797501 
        10.7286         1.77266       0.0797501 
        10.7443         1.76917       0.0797501 
          10.76         1.76323       0.0797501 
        10.7757         1.75959       0.0797501 
        10.7914         1.75294       0.0797501 
        10.8071         1.75121       0.0797501 
        10.8228         1.74626       0.0797501 
        10.8385         1.74273       0.0797501 
        10.8542         1.73864       0.0797501 
        10.8699         1.73328       0.0797501 
        10.8856          1.7307       0.0797501 
        10.9014         1.72507       0.0797501 
        10.9171          1.7206       0.0797501 
        10.9328         1.71786       0.0797501 
        10.9485         1.71403       0.0797501 
        10.9642         1.71015       0.0797501 
        10.9799         1.70534       0.0797501 
        10.9956         1.70282       0.0797501 
        11.0113         1.69977       0.0797501 
         11.027         1.69426       0.0797501 
        11.0427         1.69078       0.0797501 
        11.0584         1.68805       0.0797501 
        11.0741         1.68366       0.0797501 
        11.0898         1.67992       0.0797501 
        11.1055         1.67827       0.0797501 
        11.1212         1.67597       0.0797501 
         11.137         1.66854       0.0797501 
        11.1527         1.66733       0.0797501 
        11.1684         1.66251       0.0797501 
        11.1841          1.6617       0.0797501 
        11.1998         1.65751       0.0797501 
        11.2155          1.6554       0.0797501 
        11.2312         1.64951       0.0797501 
        11.2469         1.64897       0.0797501 
        11.2626         1.64644       0.0797501 
        11.2783         1.64246       0.0797501 
         11.294         1.64056       0.0797501 
        11.3097         1.63641       0.0797501 
        11.3254         1.63628       0.0797501 
        11.3412         1.63282       0.0797501 
        11.3569         1.63154       0.0797501 
        11.3726         1.62863       0.0797501 
        11.3883         1.62413       0.0797501 
         11.404         1.62192       0.0797501 
        11.4197         1.61847       0.0797501 
        11.4354         1.61884       0.0797501 
        11.4511         1.61616       0.0797501 
        11.4668         1.61353       0.0797501 
        11.4825         1.61092       0.0797501 
        11.4982         1.60839       0.0797501 
         11.514         1.60788       0.0797501 
        11.5297         1.60487       0.0797501 
        11.5454         1.60231       0.0797501 
        11.5611         1.60095       0.0797501 
        11.5768         1.59782       0.0797501 
        11.5925         1.59817       0.0797501 
        11.6082          1.5966       0.0797501 
        11.6239         1.59462       0.0797501 
        11.6396         1.59087       0.0797501 
        11.6553          1.5903       0.0797501 
         11.671         1.58774       0.0797501 
        11.6867         1.58618       0.0797501 
        11.7024         1.58643       0.0797501 
        11.7182          1.5839       0.0797501 
        11.7339         1.58296       0.0797501 
        11.7496         1.58228       0.0797501 
        11.7653         1.58112       0.0797501 
         11.781         1.58022       0.0797501 
        11.7967          1.5794       0.0797501 
        11.8124         1.57802       0.0797501 
        11.8281         1.57694       0.0797501 
        11.8438         1.57603       0.0797501 
        11.8595         1.57488       0.0797501 
        11.8752         1.57421       0.0797501 
         11.891         1.57446       0.0797501 
        11.9067         1.57264       0.0797501 
        11.9224         1.57457       0.0797501 
        11.9381         1.57199       0.0797501 
        11.9538         1.57271       0.0797501 
        11.9695         1.57153       0.0797501 
        11.9852         1.57099       0.0797501 
        12.0009         1.57198       0.0797501 
        12.0166         1.57275       0.0797501 
        12.0323         1.57203       0.0797501 
         12.048         1.57048       0.0797501 
        12.0637         1.57215       0.0797501 
